0 0.29375 0.978125 0.103125 0.04375
0 0.3828125 0.95859375 0.096875 0.0828125
0 0.19375 0.3828125 0.084375 0.0875
0 0.0390625 0.771875 0.078125 0.09375
0 0.4171875 0.7078125 0.1125 0.103125
0 0.5421875 0.03359375 0.078125 0.0671875
0 0.296875 0.91875 0.071875 0.06875
0 0.421875 0.5953125 0.08125 0.109375
0 0.6921875 0.7046875 0.096875 0.096875
0 0.2828125 0.03125 0.053125 0.05
0 0.8796875 0.659375 0.071875 0.071875
0 0.8046875 0.884375 0.08125 0.096875
0 0.2203125 0.815625 0.0625 0.078125
0 0.4828125 0.6328125 0.034375 0.04375
