0 0.809375 0.409375 0.10625 0.128125
0 0.2796875 0.884375 0.096875 0.0875
0 0.078125 0.8234375 0.096875 0.09375
0 0.2859375 0.9859375 0.071875 0.028125
0 0.0921875 0.96171875 0.090625 0.0765625
0 0.11875 0.953125 0.0875 0.090625
0 0.865625 0.4890625 0.109375 0.10625
0 0.75625 0.89375 0.065625 0.0625
0 0.15625 0.8515625 0.06875 0.059375
0 0.4 0.8484375 0.046875 0.0625
0 0.484375 0.95625 0.071875 0.05625
0 0.4796875 0.896875 0.06875 0.05625
0 0.4484375 0.8421875 0.04375 0.065625
0 0.8140625 0.5234375 0.1 0.109375
0 0.978125 0.4578125 0.04375 0.05
0 0.39375 0.740625 0.065625 0.059375
