0 0.00078125 0.2578125 0.0015625 0.09375
0 0.2671875 0.6765625 0.046875 0.0625
0 0.328125 0.615625 0.08125 0.08125
0 0.5234375 0.8921875 0.053125 0.059375
0 0.8421875 0.703125 0.065625 0.0625
0 0.6953125 0.353125 0.071875 0.075
0 0.459375 0.828125 0.05 0.053125
0 0.115625 0.5671875 0.071875 0.078125
0 0.6515625 0.775 0.075 0.071875
0 0.8359375 0.51875 0.071875 0.0625
0 0.3875 0.7859375 0.046875 0.040625
0 0.725 0.7953125 0.05 0.053125
0 0.8359375 0.340625 0.03125 0.025
0 0.3875 0.1484375 0.065625 0.071875
