0 0.2796875 0.134375 0.096875 0.0875
0 0.078125 0.0734375 0.096875 0.09375
0 0.2859375 0.2625 0.071875 0.08125
0 0.0921875 0.225 0.090625 0.103125
0 0.11875 0.203125 0.0875 0.090625
0 0.625 0.5375 0.078125 0.075
0 0.696875 0.678125 0.0625 0.0625
0 0.64375 0.7046875 0.065625 0.053125
0 0.5421875 0.7234375 0.053125 0.05625
0 0.278125 0.4765625 0.059375 0.053125
0 0.75625 0.14375 0.065625 0.0625
0 0.15625 0.1015625 0.06875 0.059375
0 0.634375 0.3296875 0.059375 0.053125
0 0.4 0.0984375 0.046875 0.0625
0 0.484375 0.20625 0.071875 0.05625
0 0.4796875 0.146875 0.06875 0.05625
0 0.4484375 0.0921875 0.04375 0.065625
0 0.0765625 0.6109375 0.028125 0.021875
0 0.0453125 0.5671875 0.025 0.028125
0 0.5921875 0.725 0.05625 0.05625
0 0.99140625 0.5109375 0.0171875 0.065625
0 0.4484375 0.3671875 0.0625 0.053125
0 0.39375 0.01015625 0.065625 0.0203125
