0 0.740625 0.3875 0.153125 0.125
0 0.6421875 0.009375 0.15 0.01875
0 0.2703125 0.515625 0.13125 0.128125
0 0.578125 0.8890625 0.109375 0.109375
0 0.65 0.6734375 0.103125 0.103125
0 0.78125 0.48125 0.128125 0.125
0 0.721875 0.59375 0.125 0.121875
0 0.5546875 0.6390625 0.115625 0.109375
0 0.6484375 0.296875 0.1125 0.13125
0 0.534375 0.78125 0.06875 0.05
0 0.1671875 0.0265625 0.08125 0.053125
0 0.3703125 0.546875 0.06875 0.115625
0 0.7546875 0.7 0.090625 0.115625
0 0.8734375 0.7984375 0.0875 0.0875
0 0.8734375 0.7984375 0.0875 0.0875
0 0.13125 0.5109375 0.046875 0.065625
0 0.2265625 0.2734375 0.0625 0.065625
0 0.9734375 0.0625 0.040625 0.05625
