0 0.153125 0.85 0.103125 0.10625
0 0.3578125 0.953125 0.096875 0.09375
0 0.58125 0.746875 0.0875 0.06875
0 0.071875 0.909375 0.059375 0.059375
0 0.8578125 0.4703125 0.071875 0.065625
0 0.1203125 0.4875 0.096875 0.078125
0 0.3015625 0.9453125 0.071875 0.0875
0 0.040625 0.4703125 0.06875 0.078125
0 0.609375 0.3828125 0.05625 0.065625
0 0.4015625 0.796875 0.053125 0.05
0 0.1609375 0.940625 0.0625 0.040625
0 0.078125 0.81875 0.046875 0.0625
0 0.7078125 0.6078125 0.034375 0.046875
0 0.6453125 0.6390625 0.028125 0.025
0 0.4875 0.7578125 0.034375 0.0375
0 0.896875 0.4171875 0.025 0.05625
0 0.7796875 0.6609375 0.04375 0.05
0 0.696875 0.4484375 0.03125 0.040625
