0 0.50625 0.5109375 0.08125 0.084375
0 0.04375 0.684375 0.08125 0.0875
0 0.01171875 0.95 0.0234375 0.090625
0 0.759375 0.565625 0.053125 0.053125
0 0.7203125 0.50625 0.05625 0.05625
0 0.64375 0.725 0.046875 0.04375
0 0.2046875 0.7703125 0.0625 0.065625
0 0.178125 0.6859375 0.065625 0.053125
0 0.553125 0.56875 0.053125 0.059375
0 0.5296875 0.296875 0.05625 0.059375
0 0.4171875 0.6140625 0.05625 0.078125
0 0.04140625 0.6046875 0.0828125 0.071875
0 0.2140625 0.846875 0.059375 0.053125
0 0.59375 0.721875 0.05 0.046875
0 0.4421875 0.6890625 0.04375 0.065625
0 0.5125 0.7 0.053125 0.053125
