0 0.3625 0.66875 0.084375 0.0875
0 0.809375 0.5953125 0.084375 0.075
0 0.375 0.9234375 0.078125 0.06875
0 0.63125 0.90625 0.0625 0.059375
0 0.6921875 0.896875 0.06875 0.0625
0 0.8796875 0.578125 0.0625 0.05
0 0.540625 0.9171875 0.059375 0.059375
0 0.303125 0.703125 0.08125 0.059375
0 0.628125 0.83125 0.05625 0.05
0 0.2359375 0.1484375 0.021875 0.025
0 0.478125 0.91875 0.028125 0.0375
0 0.734375 0.8953125 0.03125 0.053125
0 0.1734375 0.98828125 0.046875 0.0234375
0 0.4203125 0.475 0.053125 0.065625
0 0.3328125 0.875 0.065625 0.059375
0 0.1109375 0.778125 0.05625 0.05625
0 0.4296875 0.284375 0.015625 0.01875
0 0.7203125 0.3046875 0.0125 0.015625
