0 0.9953125 0.5609375 0.009375 0.13125
0 0.03125 0.259375 0.059375 0.06875
0 0.1765625 0.178125 0.10625 0.0875
0 0.55625 0.7609375 0.0625 0.05625
0 0.1796875 0.3078125 0.10625 0.109375
0 0.6125 0.7328125 0.059375 0.0625
0 0.5046875 0.7875 0.05625 0.053125
0 0.45 0.78125 0.05 0.059375
0 0.53125 0.5921875 0.065625 0.06875
0 0.1765625 0.5296875 0.0625 0.0625
0 0.6671875 0.184375 0.08125 0.090625
0 0.896875 0.08125 0.06875 0.065625
0 0.9421875 0.065625 0.059375 0.06875
0 0.0375 0.134375 0.071875 0.078125
0 0.5421875 0.3734375 0.075 0.059375
0 0.934375 0.56875 0.028125 0.04375
0 0.31875 0.15625 0.078125 0.05625
