0 0.4921875 0.9359375 0.10625 0.10625
0 0.6859375 0.528125 0.11875 0.115625
0 0.628125 0.6453125 0.115625 0.103125
0 0.1828125 0.5609375 0.134375 0.13125
0 0.640625 0.4296875 0.146875 0.1125
0 0.540625 0.03125 0.146875 0.0625
0 0.78125 0.840625 0.071875 0.0875
0 0.475 0.6828125 0.128125 0.103125
0 0.54375 0.3484375 0.071875 0.10625
0 0.2828125 0.5875 0.059375 0.103125
0 0.559375 0.715625 0.09375 0.10625
0 0.028125 0.08125 0.05625 0.065625
0 0.0671875 0.065625 0.059375 0.06875
0 0.059375 0.56875 0.028125 0.04375
0 0.4515625 0.83125 0.059375 0.046875
