0 0.6203125 0.48125 0.0875 0.0875
0 0.5734375 0.78125 0.084375 0.071875
0 0.6609375 0.8 0.0625 0.06875
0 0.784375 0.60625 0.05625 0.078125
0 0.7203125 0.1609375 0.0625 0.0625
0 0.88125 0.89375 0.0625 0.059375
0 0.3046875 0.6828125 0.065625 0.05625
0 0.4671875 0.7515625 0.059375 0.05
0 0.90625 0.95625 0.053125 0.0625
0 0.9578125 0.9125 0.05 0.046875
0 0.4984375 0.3375 0.071875 0.05625
0 0.9640625 0.7203125 0.05 0.0625
0 0.8015625 0.8140625 0.05625 0.0625
0 0.546875 0.3359375 0.05 0.053125
0 0.5828125 0.915625 0.046875 0.05
