0 0.00078125 0.70625 0.0015625 0.090625
0 0.309375 0.559375 0.053125 0.05625
0 0.38125 0.4875 0.075 0.084375
0 0.5765625 0.7625 0.05625 0.0625
0 0.0234375 0.13125 0.046875 0.1
0 0.7046875 0.646875 0.071875 0.071875
0 0.1625 0.4421875 0.078125 0.075
0 0.9015625 0.571875 0.065625 0.0625
0 0.5109375 0.7015625 0.053125 0.05
0 0.753125 0.225 0.071875 0.075
0 0.4421875 0.659375 0.040625 0.034375
0 0.9078125 0.390625 0.053125 0.05625
0 0.278125 0.3203125 0.0625 0.075
0 0.89375 0.2015625 0.040625 0.034375
