0 0.1984375 0.5484375 0.078125 0.078125
0 0.2390625 0.24375 0.06875 0.0625
0 0.2171875 0.99453125 0.065625 0.0109375
0 0.5765625 0.375 0.059375 0.059375
0 0.01875 0.89375 0.0375 0.059375
0 0.71875 0.7203125 0.05625 0.0625
0 0.03125 0.95625 0.053125 0.0625
0 0.38125 0.8296875 0.053125 0.05
0 0.49375 0.3625 0.059375 0.05
0 0.3140625 0.828125 0.05625 0.046875
0 0.634375 0.8484375 0.05625 0.046875
0 0.5890625 0.54375 0.059375 0.059375
0 0.0828125 0.9125 0.05 0.046875
0 0.3078125 0.71875 0.065625 0.053125
0 0.0890625 0.7203125 0.05 0.0625
0 0.596875 0.5859375 0.053125 0.04375
0 0.6796875 0.7703125 0.040625 0.053125
0 0.43125 0.8625 0.0375 0.0375
0 0.5140625 0.7328125 0.05 0.046875
