0 0.6828125 0.98515625 0.096875 0.0296875
0 0.91875 0.684375 0.08125 0.0875
0 0.6296875 0.3609375 0.065625 0.075
0 0.40625 0.3296875 0.096875 0.096875
0 0.3734375 0.5625 0.06875 0.078125
0 0.475 0.403125 0.065625 0.071875
0 0.8625 0.95 0.071875 0.090625
0 0.5671875 0.334375 0.071875 0.06875
0 0.2625 0.23125 0.06875 0.075
0 0.55 0.8796875 0.05625 0.053125
0 0.54375 0.3921875 0.0625 0.053125
0 0.659375 0.6453125 0.059375 0.05
0 0.1109375 0.4734375 0.04375 0.040625
0 0.9 0.6046875 0.115625 0.071875
0 0.7546875 0.953125 0.096875 0.09375
0 0.2640625 0.296875 0.05625 0.0625
0 0.159375 0.16875 0.034375 0.034375
0 0.4109375 0.7375 0.053125 0.05625
0 0.8359375 0.5234375 0.05 0.053125
0 0.04375 0.1390625 0.028125 0.028125
0 0.071875 0.2984375 0.03125 0.028125
0 0.4921875 0.703125 0.065625 0.084375
0 0.009375 0.4109375 0.01875 0.034375
0 0.0703125 0.4140625 0.03125 0.0375
0 0.7703125 0.4921875 0.071875 0.06875
