0 0.375 0.415625 0.059375 0.05625
0 0.540625 0.196875 0.05625 0.059375
0 0.809375 0.35625 0.05625 0.053125
0 0.590625 0.6015625 0.05625 0.05625
0 0.2453125 0.3203125 0.059375 0.059375
0 0.99609375 0.3640625 0.0078125 0.053125
0 0.096875 0.734375 0.05625 0.053125
0 0.3859375 0.8875 0.05625 0.05
0 0.703125 0.659375 0.059375 0.0625
0 0.4609375 0.5171875 0.046875 0.04375
0 0.7484375 0.8375 0.04375 0.05
0 0.971875 0.334375 0.05625 0.059375
0 0.93125 0.38125 0.05625 0.05625
0 0.2078125 0.4578125 0.059375 0.053125
0 0.8109375 0.5359375 0.053125 0.046875
0 0.809375 0.65 0.04375 0.05
0 0.24375 0.71875 0.053125 0.05625
0 0.7953125 0.8421875 0.04375 0.046875
0 0.9625 0.809375 0.034375 0.040625
0 0.225 0.8078125 0.05625 0.05
0 0.98671875 0.5171875 0.0265625 0.05625
0 0.7625 0.6515625 0.053125 0.05625
0 0.890625 0.3328125 0.040625 0.046875
0 0.2734375 0.8140625 0.046875 0.05
0 0.30625 0.55625 0.059375 0.034375
0 0.1640625 0.434375 0.046875 0.059375
0 0.1609375 0.603125 0.046875 0.034375
0 0.996875 0.5328125 0.00625 0.04375
0 0.6171875 0.759375 0.028125 0.0375
0 0.14375 0.7484375 0.040625 0.05
0 0.9890625 0.2734375 0.021875 0.05
0 0.8515625 0.3140625 0.05625 0.05625
0 0.2578125 0.6125 0.046875 0.0375
0 0.4609375 0.621875 0.034375 0.034375
0 0.4125 0.4796875 0.040625 0.053125
0 0.5859375 0.6453125 0.04375 0.0375
0 0.546875 0.4578125 0.046875 0.05
0 0.5390625 0.4125 0.046875 0.04375
0 0.4453125 0.8671875 0.0375 0.03125
0 0.20625 0.6015625 0.040625 0.034375
0 0.0109375 0.640625 0.021875 0.053125
0 0.853125 0.790625 0.025 0.028125
0 0.0328125 0.278125 0.04375 0.053125
0 0.75 0.5125 0.028125 0.0375
