0 0.9484375 0.521875 0.075 0.071875
0 0.8171875 0.7296875 0.06875 0.075
0 0.4703125 0.534375 0.078125 0.075
0 0.5328125 0.653125 0.06875 0.06875
0 0.7484375 0.7203125 0.071875 0.059375
0 0.6296875 0.5359375 0.08125 0.084375
0 0.56875 0.5734375 0.0625 0.06875
0 0.6921875 0.84375 0.053125 0.05625
0 0.696875 0.584375 0.075 0.065625
0 0.95625 0.9703125 0.05625 0.059375
0 0.7640625 0.534375 0.065625 0.06875
0 0.4734375 0.690625 0.05625 0.05
0 0.46875 0.5875 0.071875 0.053125
0 0.846875 0.19375 0.0875 0.09375
0 0.98671875 0.8859375 0.0265625 0.059375
