0 0.6890625 0.96015625 0.128125 0.0796875
0 0.703125 0.6109375 0.128125 0.125
0 0.9453125 0.95625 0.10625 0.0875
0 0.5796875 0.553125 0.140625 0.140625
0 0.8375 0.95078125 0.11875 0.0984375
0 0.50625 0.6859375 0.128125 0.134375
0 0.3 0.5125 0.115625 0.13125
0 0.2078125 0.6125 0.1375 0.140625
0 0.653125 0.4421875 0.08125 0.075
0 0.7390625 0.9875 0.134375 0.025
0 0.615625 0.98359375 0.05625 0.0328125
0 0.396875 0.55625 0.109375 0.125
0 0.1625 0.990625 0.071875 0.01875
0 0.4203125 0.8 0.06875 0.075
0 0.4390625 0.76875 0.059375 0.0625
0 0.303125 0.65 0.0375 0.08125
0 0.8609375 0.771875 0.053125 0.04375
