0 0.5453125 0.153125 0.09375 0.096875
0 0.3578125 0.02734375 0.096875 0.0546875
0 0.884375 0.4859375 0.090625 0.090625
0 0.7859375 0.1390625 0.09375 0.090625
0 0.8296875 0.275 0.078125 0.090625
0 0.259375 0.1734375 0.103125 0.084375
0 0.1921875 0.68125 0.078125 0.096875
0 0.4859375 0.8796875 0.09375 0.084375
0 0.5953125 0.85625 0.059375 0.0625
0 0.9109375 0.065625 0.05 0.075
0 0.875 0.559375 0.071875 0.08125
0 0.9546875 0.775 0.084375 0.078125
0 0.121875 0.6359375 0.096875 0.090625
0 0.2859375 0.759375 0.0875 0.0625
0 0.7390625 0.4375 0.090625 0.0625
0 0.146875 0.090625 0.06875 0.075
0 0.3484375 0.303125 0.084375 0.075
0 0.321875 0.2265625 0.075 0.06875
0 0.99453125 0.3296875 0.0109375 0.046875
0 0.3265625 0.5859375 0.0625 0.05
0 0.1 0.70625 0.0375 0.0375
0 0.35625 0.7765625 0.084375 0.05625
0 0.0515625 0.040625 0.059375 0.0625
0 0.4640625 0.21875 0.065625 0.06875
0 0.64375 0.7765625 0.05 0.034375
0 0.4671875 0.2171875 0.06875 0.06875
0 0.2703125 0.5140625 0.09375 0.084375
0 0.34375 0.4828125 0.103125 0.071875
0 0.453125 0.384375 0.059375 0.05625
0 0.75 0.596875 0.04375 0.046875
