0 0.6890625 0.228125 0.128125 0.115625
0 0.9453125 0.2234375 0.10625 0.121875
0 0.1796875 0.553125 0.1125 0.115625
0 0.8375 0.209375 0.11875 0.115625
0 0.50625 0.0015625 0.128125 0.003125
0 0.284375 0.5484375 0.10625 0.109375
0 0.2734375 0.3078125 0.103125 0.096875
0 0.0625 0.571875 0.125 0.128125
0 0.3515625 0.96171875 0.090625 0.0765625
0 0.2703125 0.95703125 0.0875 0.0859375
0 0.7390625 0.28125 0.134375 0.1125
0 0.471875 0.85 0.0875 0.09375
0 0.8328125 0.3640625 0.05 0.078125
0 0.615625 0.25625 0.05625 0.078125
0 0.6609375 0.8859375 0.065625 0.0875
0 0.88125 0.80625 0.090625 0.09375
0 0.1625 0.278125 0.071875 0.09375
0 0.4203125 0.05 0.06875 0.075
0 0.4390625 0.025 0.059375 0.05
0 0.8609375 0.021875 0.053125 0.04375
0 0.51875 0.346875 0.071875 0.084375
