0 0.6234375 0.0375 0.1 0.075
0 0.1828125 0.571875 0.10625 0.096875
0 0.02734375 0.4859375 0.0546875 0.090625
0 0.903125 0.3453125 0.09375 0.09375
0 0.4140625 0.0125 0.0875 0.025
0 0.2859375 0.56875 0.0875 0.09375
0 0.846875 0.846875 0.08125 0.0625
0 0.3953125 0.978125 0.078125 0.04375
0 0.3453125 0.04609375 0.096875 0.0921875
0 0.7375 0.396875 0.103125 0.0875
0 0.4859375 0.0296875 0.0875 0.059375
0 0.6953125 0.34375 0.096875 0.084375
0 0.365625 0.5765625 0.078125 0.0875
0 0.5625 0.1171875 0.096875 0.1
0 0.3640625 0.3890625 0.090625 0.065625
0 0.6640625 0.90625 0.059375 0.075
0 0.8109375 0.3421875 0.09375 0.090625
0 0.3265625 0.97265625 0.075 0.0546875
0 0.0359375 0.065625 0.05 0.075
0 0.01796875 0.559375 0.0359375 0.08125
0 0.0796875 0.775 0.084375 0.078125
0 0.7125 0.0640625 0.090625 0.084375
0 0.4875 0.9171875 0.053125 0.05
0 0.65625 0.4234375 0.06875 0.06875
0 0.5265625 0.3203125 0.0625 0.0625
0 0.8203125 0.5078125 0.040625 0.04375
0 0.278125 0.371875 0.040625 0.075
0 0.140625 0.3296875 0.053125 0.046875
0 0.5140625 0.959375 0.05 0.05
0 0.678125 0.7703125 0.053125 0.071875
0 0.95625 0.984375 0.065625 0.03125
0 0.365625 0.959375 0.046875 0.059375
0 0.84375 0.21875 0.0625 0.05625
0 0.5078125 0.9203125 0.04375 0.040625
0 0.7109375 0.975 0.03125 0.028125
