0 0.209375 0.5765625 0.078125 0.06875
0 0.15 0.4703125 0.103125 0.1
0 0.146875 0.8296875 0.078125 0.06875
0 0.05625 0.821875 0.0875 0.078125
0 0.4265625 0.6640625 0.0875 0.06875
0 0.3171875 0.865625 0.06875 0.071875
0 0.6328125 0.4734375 0.084375 0.084375
0 0.0515625 0.03984375 0.075 0.0796875
0 0.4953125 0.9328125 0.065625 0.059375
0 0.5671875 0.4828125 0.0625 0.071875
0 0.3671875 0.921875 0.06875 0.065625
0 0.00625 0.8171875 0.0125 0.065625
0 0.5015625 0.1140625 0.075 0.08125
0 0.66875 0.665625 0.053125 0.04375
0 0.503125 0.678125 0.040625 0.040625
0 0.2234375 0.809375 0.053125 0.053125
0 0.6515625 0.59375 0.0625 0.053125
0 0.1453125 0.053125 0.05625 0.04375
0 0.2703125 0.3640625 0.040625 0.046875
0 0.59375 0.2078125 0.05625 0.0625
0 0.565625 0.5921875 0.05 0.040625
0 0.35 0.39375 0.034375 0.025
