0 0.4140625 0.153125 0.09375 0.09375
0 0.471875 0.48125 0.0875 0.078125
0 0.6296875 0.184375 0.084375 0.075
0 0.6234375 0.5984375 0.08125 0.071875
0 0.0734375 0.521875 0.075 0.071875
0 0.1578125 0.4703125 0.065625 0.08125
0 0.3890625 0.4453125 0.078125 0.075
0 0.08125 0.9703125 0.05625 0.059375
0 0.528125 0.2 0.071875 0.065625
0 0.3671875 0.54375 0.05625 0.04375
0 0.215625 0.6 0.053125 0.040625
0 0.0078125 0.19375 0.015625 0.09375
0 0.471875 0.1859375 0.059375 0.078125
0 0.8125 0.2328125 0.06875 0.071875
0 0.475 0.1828125 0.065625 0.08125
0 0.4375 0.521875 0.053125 0.053125
0 0.125 0.8859375 0.053125 0.059375
0 0.7484375 0.1140625 0.06875 0.065625
