0 0.2453125 0.3765625 0.059375 0.053125
0 0.0359375 0.2625 0.06875 0.071875
0 0.553125 0.23125 0.046875 0.059375
0 0.825 0.2859375 0.05625 0.053125
0 0.9609375 0.503125 0.040625 0.046875
0 0.8296875 0.7921875 0.034375 0.034375
0 0.640625 0.3609375 0.071875 0.06875
0 0.0109375 0.8171875 0.021875 0.065625
0 0.8671875 0.7671875 0.04375 0.0375
0 0.9984375 0.8171875 0.003125 0.0375
0 0.20625 0.5609375 0.053125 0.05
0 0.95625 0.31875 0.046875 0.040625
0 0.925 0.5375 0.03125 0.0375
0 0.3453125 0.7921875 0.059375 0.065625
0 0.390625 0.778125 0.06875 0.0625
0 0.9796875 0.7890625 0.03125 0.034375
0 0.909375 0.59375 0.040625 0.04375
0 0.8515625 0.65625 0.040625 0.053125
0 0.98125 0.728125 0.03125 0.025
0 0.896875 0.5390625 0.040625 0.040625
0 0.99375 0.5484375 0.0125 0.025
0 0.665625 0.36875 0.053125 0.059375
0 0.7859375 0.453125 0.040625 0.04375
0 0.95625 0.7921875 0.021875 0.0375
0 0.7984375 0.7765625 0.03125 0.034375
0 0.9109375 0.75625 0.03125 0.0375
