0 0.4421875 0.75 0.0875 0.071875
0 0.98671875 0.4703125 0.0265625 0.1
0 0.99140625 0.8296875 0.0171875 0.06875
0 0.93125 0.821875 0.0875 0.078125
0 0.70625 0.796875 0.071875 0.065625
0 0.9265625 0.03984375 0.075 0.0796875
0 0.6453125 0.2765625 0.103125 0.0875
0 0.8609375 0.8171875 0.053125 0.065625
0 0.353125 0.290625 0.059375 0.04375
0 0.2890625 0.4796875 0.065625 0.08125
0 0.5796875 0.9203125 0.0375 0.040625
0 0.99609375 0.053125 0.0078125 0.04375
0 0.6171875 0.7125 0.04375 0.053125
0 0.6796875 0.26875 0.053125 0.0625
0 0.76875 0.55625 0.06875 0.075
