0 0.38125 0.834375 0.075 0.06875
0 0.659375 0.5140625 0.065625 0.065625
0 0.703125 0.2375 0.071875 0.078125
0 0.5375 0.9203125 0.046875 0.046875
0 0.15625 0.9625 0.05 0.05625
0 0.821875 0.8859375 0.065625 0.053125
0 0.225 0.8125 0.05625 0.05625
0 0.13125 0.4953125 0.05 0.05625
0 0.18125 0.8203125 0.0375 0.04375
0 0.86875 0.8421875 0.065625 0.078125
0 0.3359375 0.54375 0.0625 0.065625
0 0.5 0.146875 0.065625 0.0625
0 0.0953125 0.515625 0.04375 0.046875
0 0.9390625 0.4828125 0.040625 0.06875
0 0.3671875 0.00078125 0.053125 0.0015625
0 0.140625 0.8859375 0.03125 0.025
0 0.596875 0.5328125 0.053125 0.0625
0 0.0609375 0.684375 0.028125 0.040625
