0 0.903125 0.271875 0.065625 0.05625
0 0.6578125 0.103125 0.065625 0.05625
0 0.834375 0.0796875 0.053125 0.05625
0 0.6015625 0.3203125 0.059375 0.053125
0 0.553125 0.0640625 0.059375 0.05625
0 0.01328125 0.0921875 0.0265625 0.078125
0 0.5640625 0.30625 0.05 0.053125
0 0.584375 0.01796875 0.05625 0.0359375
0 0.846875 0.2 0.05 0.04375
0 0.8015625 0.1921875 0.059375 0.05
0 0.81875 0.340625 0.04375 0.034375
0 0.3484375 0.384375 0.04375 0.034375
0 0.7421875 0.1046875 0.0375 0.04375
0 0.4671875 0.265625 0.034375 0.034375
0 0.653125 0.146875 0.05625 0.0375
0 0.7109375 0.2421875 0.040625 0.03125
