0 0.3625 0.39375 0.096875 0.09375
0 0.2828125 0.5125 0.075 0.0875
0 0.575 0.7640625 0.065625 0.071875
0 0.1671875 0.503125 0.090625 0.05625
0 0.5140625 0.953125 0.059375 0.059375
0 0.5890625 0.9296875 0.0625 0.0625
0 0.4578125 0.95625 0.05625 0.059375
0 0.1875 0.0703125 0.090625 0.090625
0 0.3171875 0.1859375 0.06875 0.04375
0 0.6375 0.9015625 0.065625 0.059375
0 0.2140625 0.7265625 0.053125 0.05625
0 0.98359375 0.115625 0.0328125 0.08125
0 0.0171875 0.646875 0.034375 0.053125
0 0.9015625 0.7203125 0.034375 0.046875
0 0.4265625 0.421875 0.084375 0.071875
0 0.4921875 0.35 0.071875 0.09375
0 0.6203125 0.578125 0.053125 0.040625
0 0.378125 0.5953125 0.059375 0.0625
0 0.4296875 0.578125 0.05 0.0625
0 0.528125 0.2625 0.03125 0.05625
