0 0.903125 0.996875 0.065625 0.00625
0 0.7890625 0.4953125 0.06875 0.075
0 0.3609375 0.290625 0.06875 0.084375
0 0.6578125 0.853125 0.065625 0.05625
0 0.5734375 0.2859375 0.065625 0.08125
0 0.834375 0.8296875 0.053125 0.05625
0 0.7390625 0.546875 0.0625 0.053125
0 0.909375 0.7265625 0.046875 0.040625
0 0.66875 0.559375 0.06875 0.05
0 0.628125 0.7125 0.053125 0.046875
0 0.553125 0.8140625 0.059375 0.05625
0 0.01328125 0.8421875 0.0265625 0.078125
0 0.584375 0.7609375 0.05625 0.05
0 0.846875 0.95 0.05 0.04375
0 0.2265625 0.30625 0.0875 0.090625
0 0.8015625 0.9421875 0.059375 0.05
0 0.2890625 0.2734375 0.071875 0.075
0 0.5265625 0.475 0.046875 0.046875
0 0.0640625 0.4828125 0.040625 0.06875
0 0.7421875 0.8546875 0.0375 0.04375
0 0.3015625 0.6453125 0.08125 0.075
0 0.653125 0.896875 0.05625 0.0375
0 0.8328125 0.540625 0.046875 0.04375
0 0.7109375 0.98828125 0.040625 0.0234375
0 0.871875 0.715625 0.034375 0.040625
