0 0.2921875 0.9171875 0.115625 0.134375
0 0.1984375 0.915625 0.115625 0.13125
0 0.0609375 0.74375 0.121875 0.140625
0 0.990625 0.8296875 0.01875 0.103125
0 0.5578125 0.6484375 0.1125 0.10625
0 0.5109375 0.309375 0.078125 0.084375
0 0.3625 0.6921875 0.075 0.10625
0 0.04375 0.26875 0.0875 0.115625
0 0.97109375 0.378125 0.0578125 0.059375
0 0.8125 0.409375 0.084375 0.084375
0 0.6765625 0.5484375 0.096875 0.078125
0 0.621875 0.8015625 0.021875 0.01875
0 0.6609375 0.771875 0.028125 0.028125
0 0.6421875 0.8078125 0.021875 0.025
0 0.48125 0.8359375 0.025 0.021875
0 0.734375 0.790625 0.028125 0.025
0 0.525 0.796875 0.015625 0.015625
0 0.584375 0.7453125 0.021875 0.028125
0 0.9984375 0.5125 0.003125 0.090625
