0 0.6015625 0.3234375 0.1 0.09375
0 0.559375 0.665625 0.096875 0.078125
0 0.259375 0.5578125 0.078125 0.071875
0 0.65 0.6828125 0.078125 0.08125
0 0.9 0.7875 0.06875 0.06875
0 0.7890625 0.46875 0.059375 0.0875
0 0.9328125 0.853125 0.065625 0.065625
0 0.98515625 0.5953125 0.0296875 0.075
0 0.7078125 0.0046875 0.075 0.009375
0 0.440625 0.6328125 0.071875 0.065625
0 0.45625 0.1765625 0.08125 0.06875
0 0.98046875 0.8078125 0.0390625 0.05625
0 0.575 0.8125 0.05 0.05625
0 0.79375 0.69375 0.084375 0.06875
0 0.4515625 0.55625 0.0375 0.046875
0 0.5203125 0.4421875 0.0375 0.040625
0 0.7625 0.01328125 0.053125 0.0265625
0 0.5140625 0.1578125 0.0625 0.084375
