0 0.259375 0.6296875 0.05625 0.059375
0 0.309375 0.4359375 0.0625 0.0625
0 0.2359375 0.465625 0.059375 0.053125
0 0.20625 0.2890625 0.046875 0.059375
0 0.63125 0.2546875 0.028125 0.028125
0 0.5703125 0.4453125 0.028125 0.025
0 0.075 0.725 0.028125 0.034375
0 0.5265625 0.359375 0.028125 0.028125
0 0.3390625 0.6 0.05 0.05
0 0.01328125 0.4078125 0.0265625 0.034375
0 0.6359375 0.4140625 0.028125 0.025
0 0.5515625 0.1984375 0.025 0.01875
0 0.159375 0.55 0.05 0.05
0 0.159375 0.2921875 0.034375 0.034375
0 0.1296875 0.6140625 0.034375 0.040625
0 0.625 0.38125 0.021875 0.028125
0 0.6453125 0.3578125 0.03125 0.034375
0 0.3375 0.6 0.053125 0.05
0 0.60625 0.3890625 0.03125 0.028125
0 0.721875 0.29375 0.015625 0.01875
0 0.8 0.2453125 0.021875 0.01875
0 0.84375 0.246875 0.01875 0.01875
0 0.0171875 0.325 0.021875 0.021875
