0 0.153125 0.8296875 0.09375 0.103125
0 0.8625 0.565625 0.10625 0.115625
0 0.6265625 0.575 0.08125 0.090625
0 0.5609375 0.4921875 0.0875 0.103125
0 0.096875 0.378125 0.059375 0.059375
0 0.490625 0.659375 0.05625 0.0625
0 0.25 0.2796875 0.071875 0.075
0 0.3453125 0.4421875 0.084375 0.084375
0 0.9453125 0.8484375 0.025 0.03125
0 0.95 0.803125 0.0125 0.015625
0 0.9609375 0.7984375 0.015625 0.01875
0 0.5484375 0.6046875 0.075 0.071875
0 0.175 0.7078125 0.040625 0.040625
0 0.16875 0.5125 0.09375 0.090625
0 0.5390625 0.8203125 0.015625 0.0125
0 0.6625 0.9125 0.009375 0.009375
0 0.4640625 0.640625 0.05625 0.053125
