0 0.2421875 0.3953125 0.090625 0.096875
0 0.28125 0.0578125 0.078125 0.075
0 0.0296875 0.7875 0.059375 0.06875
0 0.79375 0.59375 0.0625 0.06875
0 0.0578125 0.853125 0.065625 0.065625
0 0.13125 0.5953125 0.071875 0.075
0 0.25625 0.9125 0.071875 0.065625
0 0.6984375 0.734375 0.065625 0.0625
0 0.55 0.2046875 0.0625 0.0625
0 0.64375 0.2203125 0.065625 0.071875
0 0.353125 0.709375 0.059375 0.0625
0 0.1109375 0.8078125 0.05 0.05625
0 0.34375 0.5953125 0.059375 0.053125
0 0.425 0.71875 0.053125 0.05625
0 0.30625 0.884375 0.05625 0.053125
0 0.475 0.7515625 0.0375 0.05
0 0.665625 0.44375 0.065625 0.05625
0 0.6609375 0.4 0.06875 0.0625
0 0.403125 0.4203125 0.046875 0.053125
0 0.3421875 0.5515625 0.046875 0.05
0 0.5640625 0.6109375 0.040625 0.053125
0 0.23125 0.521875 0.053125 0.0375
0 0.7484375 0.6515625 0.040625 0.065625
0 0.3046875 0.5421875 0.053125 0.05625
0 0.21875 0.590625 0.028125 0.028125
0 0.3828125 0.596875 0.01875 0.034375
