0 0.578125 0.43125 0.059375 0.065625
0 0.6671875 0.8875 0.0375 0.040625
0 0.678125 0.6390625 0.059375 0.04375
0 0.3078125 0.3984375 0.065625 0.06875
0 0.659375 0.703125 0.059375 0.053125
0 0.3703125 0.4265625 0.05625 0.046875
0 0.7078125 0.903125 0.04375 0.040625
0 0.95 0.725 0.028125 0.034375
0 0.7015625 0.7390625 0.059375 0.05
0 0.825 0.40625 0.05625 0.059375
0 0.8859375 0.4078125 0.03125 0.034375
0 0.753125 0.68125 0.04375 0.0375
0 0.99375 0.6140625 0.0125 0.040625
0 0.68125 0.6796875 0.05625 0.046875
0 0.628125 0.228125 0.053125 0.05
0 0.721875 0.325 0.046875 0.05625
0 0.8921875 0.325 0.021875 0.021875
0 0.315625 0.4265625 0.046875 0.0375
