0 0.546875 0.7890625 0.1125 0.1
0 0.86875 0.6125 0.090625 0.090625
0 0.8921875 0.3453125 0.1125 0.1125
0 0.95625 0.7546875 0.084375 0.090625
0 0.1921875 0.0953125 0.084375 0.08125
0 0.1953125 0.059375 0.096875 0.078125
0 0.965625 0.6890625 0.06875 0.09375
0 0.3265625 0.8734375 0.05625 0.053125
0 0.525 0.2703125 0.071875 0.071875
0 0.24375 0.35 0.065625 0.078125
0 0.1890625 0.5140625 0.08125 0.103125
0 0.3 0.3375 0.065625 0.06875
0 0.128125 0.115625 0.071875 0.08125
0 0.871875 0.834375 0.090625 0.096875
0 0.6390625 0.809375 0.084375 0.075
0 0.240625 0.5640625 0.040625 0.03125
0 0.7921875 0.8765625 0.078125 0.0875
0 0.6421875 0.98125 0.03125 0.0375
0 0.0265625 0.7203125 0.034375 0.046875
