0 0.4203125 0.3953125 0.06875 0.06875
0 0.73125 0.9375 0.075 0.06875
0 0.01640625 0.5171875 0.0328125 0.059375
0 0.6109375 0.8875 0.05625 0.04375
0 0.3296875 0.7328125 0.04375 0.04375
0 0.64375 0.5359375 0.065625 0.06875
0 0.1390625 0.6125 0.034375 0.028125
0 0.0046875 0.6109375 0.009375 0.046875
0 0.3515625 0.3078125 0.05625 0.04375
0 0.0625 0.575 0.0375 0.040625
0 0.18125 0.6125 0.025 0.03125
0 0.0921875 0.6109375 0.040625 0.040625
0 0.659375 0.9828125 0.065625 0.034375
0 0.0171875 0.6859375 0.025 0.028125
0 0.275 0.69375 0.021875 0.03125
