0 0.5328125 0.246875 0.121875 0.10625
0 0.1296875 0.81875 0.0875 0.103125
0 0.1578125 0.7421875 0.11875 0.11875
0 0.94375 0.8734375 0.075 0.08125
0 0.2125 0.934375 0.103125 0.1
0 0.08125 0.696875 0.053125 0.1
0 0.8234375 0.8953125 0.109375 0.0625
0 0.234375 0.70625 0.090625 0.096875
0 0.4 0.5875 0.0625 0.071875
0 0.5375 0.734375 0.08125 0.05625
0 0.1875 0.9046875 0.090625 0.13125
0 0.15625 0.2328125 0.053125 0.040625
0 0.46875 0.7625 0.053125 0.053125
0 0.425 0.7546875 0.040625 0.04375
0 0.115625 0.2046875 0.04375 0.05
0 0.8171875 0.8359375 0.10625 0.08125
