0 0.5890625 0.1296875 0.175 0.196875
0 0.92890625 0.10234375 0.1421875 0.2046875
0 0.13125 0.859375 0.246875 0.246875
0 0.40625 0.75625 0.215625 0.225
0 0.609375 0.734375 0.209375 0.21875
0 0.7765625 0.3625 0.14375 0.1125
0 0.7703125 0.290625 0.16875 0.165625
0 0.290625 0.971875 0.196875 0.05625
0 0.3046875 0.1265625 0.159375 0.134375
0 0.9796875 0.3375 0.040625 0.178125
0 0.2140625 0.221875 0.178125 0.15
0 0.703125 0.03828125 0.140625 0.0765625
0 0.471875 0.0203125 0.103125 0.040625
0 0.3390625 0.2421875 0.053125 0.115625
