0 0.721875 0.6828125 0.05 0.053125
0 0.090625 0.9734375 0.075 0.053125
0 0.7921875 0.475 0.053125 0.059375
0 0.88125 0.5171875 0.053125 0.059375
0 0.45625 0.7421875 0.06875 0.06875
0 0.76875 0.659375 0.05 0.046875
0 0.2953125 0.375 0.06875 0.05625
0 0.3046875 0.85 0.05 0.05
0 0.1390625 0.8234375 0.059375 0.04375
0 0.146875 0.625 0.059375 0.065625
0 0.26875 0.45625 0.05625 0.053125
0 0.325 0.55625 0.040625 0.05
0 0.7078125 0.5546875 0.059375 0.059375
0 0.8375 0.33125 0.0375 0.028125
0 0.5125 0.396875 0.05 0.05625
0 0.9984375 0.6125 0.003125 0.028125
0 0.8625 0.6109375 0.04375 0.046875
0 0.5515625 0.45 0.071875 0.071875
0 0.9375 0.575 0.0375 0.040625
0 0.534375 0.6859375 0.05 0.05
0 0.5421875 0.584375 0.053125 0.03125
0 0.9671875 0.6109375 0.040625 0.040625
0 0.8328125 0.6125 0.059375 0.04375
0 0.2390625 0.6265625 0.03125 0.034375
0 0.8140625 0.6625 0.034375 0.03125
0 0.8921875 0.6859375 0.025 0.028125
0 0.8 0.5828125 0.025 0.03125
0 0.16875 0.7875 0.053125 0.028125
0 0.3234375 0.690625 0.021875 0.01875
0 0.5984375 0.6375 0.034375 0.034375
0 0.3890625 0.7078125 0.01875 0.021875
