0 0.4125 0.278125 0.125 0.125
0 0.98046875 0.81875 0.0390625 0.103125
0 0.7203125 0.709375 0.1 0.1
0 0.0703125 0.3359375 0.096875 0.09375
0 0.19375 0.803125 0.103125 0.109375
0 0.3765625 0.39375 0.140625 0.125
0 0.98671875 0.7421875 0.0265625 0.11875
0 0.103125 0.5875 0.08125 0.096875
0 0.95625 0.696875 0.053125 0.1
0 0.5765625 0.2203125 0.046875 0.071875
0 0.0125 0.821875 0.025 0.09375
0 0.4625 0.4296875 0.06875 0.08125
0 0.825 0.2828125 0.046875 0.05625
0 0.984375 0.2046875 0.03125 0.05
0 0.2109375 0.7078125 0.084375 0.08125
0 0.225 0.15625 0.028125 0.025
