0 0.4125 0.2640625 0.075 0.078125
0 0.8109375 0.2984375 0.075 0.071875
0 0.4609375 0.528125 0.05625 0.065625
0 0.55 0.3578125 0.053125 0.065625
0 0.821875 0.02265625 0.065625 0.0453125
0 0.1140625 0.4421875 0.0625 0.05625
0 0.828125 0.6765625 0.05625 0.046875
0 0.65 0.59375 0.053125 0.05
0 0.2515625 0.121875 0.065625 0.0625
0 0.3828125 0.5171875 0.075 0.065625
0 0.3015625 0.1078125 0.053125 0.065625
0 0.715625 0.60625 0.040625 0.040625
0 0.721875 0.446875 0.046875 0.046875
0 0.6765625 0.64375 0.046875 0.05
0 0.890625 0.5046875 0.04375 0.040625
0 0.2984375 0.4421875 0.040625 0.0375
0 0.9390625 0.5078125 0.0375 0.03125
0 0.9359375 0.303125 0.028125 0.0375
0 0.2515625 0.359375 0.046875 0.046875
0 0.809375 0.3890625 0.04375 0.0375
0 0.2734375 0.496875 0.05 0.05
0 0.3484375 0.61875 0.040625 0.046875
0 0.8953125 0.428125 0.059375 0.05
0 0.8796875 0.4 0.053125 0.053125
0 0.565625 0.521875 0.065625 0.065625
0 0.98046875 0.5203125 0.0390625 0.0375
0 0.7953125 0.4390625 0.01875 0.021875
0 0.784375 0.3625 0.025 0.01875
