0 0.1921875 0.70625 0.090625 0.1
0 0.33125 0.640625 0.09375 0.10625
0 0.746875 0.740625 0.075 0.075
0 0.5171875 0.5921875 0.059375 0.065625
0 0.6515625 0.596875 0.078125 0.06875
0 0.621875 0.596875 0.075 0.065625
0 0.0296875 0.3328125 0.059375 0.096875
0 0.075 0.7421875 0.075 0.059375
0 0.7828125 0.8203125 0.075 0.0625
0 0.7828125 0.88125 0.071875 0.065625
0 0.7203125 0.8453125 0.06875 0.071875
0 0.8734375 0.371875 0.071875 0.08125
0 0.8765625 0.8109375 0.053125 0.059375
0 0.834375 0.7890625 0.05625 0.075
0 0.24375 0.296875 0.053125 0.059375
0 0.7765625 0.503125 0.071875 0.078125
