0 0.0234375 0.7984375 0.046875 0.065625
0 0.0515625 0.771875 0.053125 0.05625
0 0.625 0.5171875 0.05 0.053125
0 0.475 0.29375 0.05625 0.053125
0 0.2046875 0.2484375 0.04375 0.05625
0 0.6875 0.85 0.046875 0.040625
0 0.3140625 0.38125 0.053125 0.05
0 0.61875 0.821875 0.034375 0.040625
0 0.646875 0.8140625 0.028125 0.0375
0 0.521875 0.7875 0.046875 0.040625
0 0.6140625 0.3234375 0.05 0.053125
0 0.475 0.809375 0.04375 0.034375
0 0.5453125 0.5546875 0.0375 0.034375
0 0.5875 0.5515625 0.034375 0.03125
0 0.565625 0.6109375 0.040625 0.04375
0 0.7234375 0.5390625 0.03125 0.028125
0 0.809375 0.5734375 0.025 0.021875
0 0.86875 0.5828125 0.028125 0.03125
0 0.9828125 0.63125 0.025 0.028125
0 0.8953125 0.65 0.028125 0.025
0 0.196875 0.6140625 0.071875 0.059375
0 0.45 0.8015625 0.0375 0.03125
0 0.4984375 0.6703125 0.053125 0.0625
0 0.65 0.74375 0.05 0.05625
0 0.43125 0.4640625 0.040625 0.05
0 0.284375 0.365625 0.053125 0.04375
0 0.959375 0.621875 0.021875 0.025
0 0.896875 0.6015625 0.015625 0.01875
