0 0.040625 0.5828125 0.065625 0.053125
0 0.390625 0.5203125 0.059375 0.059375
0 0.5796875 0.690625 0.040625 0.040625
0 0.05625 0.2953125 0.0625 0.0625
0 0.4078125 0.58125 0.059375 0.05625
0 0.1640625 0.51875 0.053125 0.05
0 0.2328125 0.58125 0.04375 0.046875
0 0.29375 0.653125 0.05 0.053125
0 0.3234375 0.8203125 0.034375 0.034375
0 0.334375 0.6859375 0.040625 0.04375
0 0.9828125 0.2671875 0.028125 0.021875
0 0.74375 0.4265625 0.034375 0.028125
0 0.7578125 0.425 0.0375 0.03125
0 0.79375 0.471875 0.0375 0.0375
0 0.709375 0.51875 0.028125 0.028125
0 0.9421875 0.5984375 0.028125 0.03125
