0 0.115625 0.76875 0.046875 0.05
0 0.609375 0.928125 0.034375 0.0375
0 0.05 0.434375 0.0375 0.04375
0 0.36875 0.8640625 0.0375 0.040625
0 0.4 0.98359375 0.021875 0.0328125
0 0.425 0.9796875 0.025 0.040625
0 0.0421875 0.8703125 0.046875 0.04375
0 0.2921875 0.2828125 0.034375 0.03125
0 0.6109375 0.4796875 0.034375 0.0375
0 0.075 0.93125 0.034375 0.034375
0 0.48125 0.0609375 0.015625 0.021875
0 0.496875 0.0296875 0.028125 0.034375
0 0.728125 0.99765625 0.034375 0.0046875
0 0.70625 0.99765625 0.03125 0.0046875
0 0.296875 0.89375 0.0375 0.0375
0 0.61875 0.303125 0.034375 0.03125
0 0.4765625 0.965625 0.03125 0.028125
0 0.7046875 0.8578125 0.03125 0.028125
0 0.3 0.85625 0.034375 0.028125
0 0.753125 0.91875 0.034375 0.040625
0 0.578125 0.9171875 0.025 0.034375
0 0.0046875 0.7515625 0.009375 0.0375
0 0.8640625 0.2875 0.0375 0.028125
0 0.00234375 0.4 0.0046875 0.040625
0 0.325 0.809375 0.028125 0.03125
0 0.753125 0.9453125 0.0375 0.028125
0 0.8890625 0.5109375 0.0375 0.03125
0 0.0765625 0.8671875 0.025 0.03125
0 0.971875 0.63125 0.015625 0.015625
0 0.990625 0.6359375 0.015625 0.025
0 0.953125 0.590625 0.01875 0.01875
0 0.7234375 0.6328125 0.028125 0.028125
0 0.73125 0.5 0.028125 0.028125
0 0.865625 0.453125 0.015625 0.021875
0 0.884375 0.4546875 0.0125 0.025
0 0.665625 0.3671875 0.021875 0.01875
0 0.7140625 0.3296875 0.015625 0.015625
0 0.19375 0.2734375 0.034375 0.03125
0 0.5171875 0.0546875 0.028125 0.03125
0 0.534375 0.0421875 0.028125 0.03125
0 0.0109375 0.6484375 0.021875 0.028125
0 0.13125 0.9140625 0.021875 0.021875
0 0.2828125 0.7765625 0.025 0.025
0 0.5890625 0.990625 0.03125 0.01875
0 0.8609375 0.8296875 0.01875 0.01875
0 0.9296875 0.803125 0.0125 0.0125
0 0.96875 0.7921875 0.015625 0.021875
0 0.99375 0.8140625 0.009375 0.021875
0 0.64375 0.4984375 0.028125 0.028125
0 0.2796875 0.2609375 0.025 0.015625
0 0.1125 0.9703125 0.025 0.01875
