0 0.98359375 0.76875 0.0328125 0.05
0 0.64375 0.503125 0.046875 0.05625
0 0.925 0.434375 0.0375 0.04375
0 0.9171875 0.8703125 0.046875 0.04375
0 0.85 0.309375 0.05 0.046875
0 0.7125 0.6515625 0.04375 0.0375
0 0.95 0.93125 0.034375 0.034375
0 0.4234375 0.8984375 0.034375 0.040625
0 0.159375 0.5390625 0.0375 0.0375
0 0.5578125 0.2953125 0.046875 0.046875
0 0.6640625 0.6578125 0.0375 0.03125
0 0.3765625 0.26875 0.05 0.05625
0 0.396875 0.815625 0.028125 0.0375
0 0.8703125 0.7515625 0.028125 0.0375
0 0.240625 0.4625 0.03125 0.04375
0 0.8578125 0.4 0.04375 0.040625
0 0.6234375 0.5625 0.03125 0.04375
0 0.9515625 0.8671875 0.025 0.03125
0 0.01875 0.4671875 0.0125 0.009375
0 0.0125 0.453125 0.021875 0.025
0 0.7828125 0.7203125 0.01875 0.025
0 0.8046875 0.7171875 0.0375 0.03125
0 0.8265625 0.6125 0.0375 0.034375
0 0.8796875 0.6484375 0.034375 0.028125
0 0.4515625 0.9046875 0.021875 0.025
0 0.4765625 0.875 0.034375 0.034375
0 0.4171875 0.9484375 0.03125 0.028125
0 0.03125 0.465625 0.025 0.015625
0 0.0796875 0.4625 0.021875 0.021875
0 0.0953125 0.428125 0.01875 0.025
0 0.5953125 0.9046875 0.025 0.028125
0 0.825 0.9515625 0.01875 0.0375
0 0.99765625 0.9140625 0.0046875 0.021875
0 0.2578125 0.8859375 0.01875 0.01875
0 0.0671875 0.6421875 0.01875 0.01875
0 0.125 0.746875 0.01875 0.01875
0 0.1953125 0.70625 0.025 0.03125
0 0.1546875 0.4875 0.0125 0.009375
0 0.1375 0.4453125 0.0125 0.009375
0 0.1515625 0.3140625 0.015625 0.0125
0 0.9875 0.9703125 0.025 0.01875
