0 0.434375 0.8296875 0.04375 0.040625
0 0.1828125 0.953125 0.04375 0.0375
0 0.396875 0.896875 0.03125 0.028125
0 0.415625 0.2734375 0.0375 0.028125
0 0.23125 0.98515625 0.04375 0.0296875
0 0.6203125 0.6203125 0.034375 0.040625
0 0.4171875 0.6125 0.0375 0.0375
0 0.7 0.8546875 0.046875 0.05
0 0.7046875 0.540625 0.046875 0.046875
0 0.6015625 0.421875 0.0375 0.040625
0 0.0109375 0.2828125 0.021875 0.040625
0 0.65 0.815625 0.040625 0.040625
0 0.8515625 0.68125 0.015625 0.015625
0 0.8890625 0.646875 0.028125 0.028125
0 0.6515625 0.759375 0.025 0.028125
0 0.665625 0.734375 0.03125 0.028125
0 0.271875 0.6890625 0.034375 0.034375
0 0.6796875 0.3515625 0.025 0.0375
0 0.496875 0.871875 0.021875 0.03125
0 0.6578125 0.4171875 0.01875 0.01875
0 0.0921875 0.7703125 0.03125 0.028125
0 0.2609375 0.5078125 0.015625 0.01875
