0 0.590625 0.578125 0.05 0.046875
0 0.25625 0.453125 0.0375 0.034375
0 0.225 0.35625 0.05 0.046875
0 0.4515625 0.665625 0.0375 0.0375
0 0.76875 0.3953125 0.05 0.04375
0 0.86875 0.2390625 0.028125 0.0375
0 0.2828125 0.2640625 0.034375 0.0375
0 0.7359375 0.6515625 0.04375 0.034375
0 0.93125 0.4875 0.04375 0.046875
0 0.54375 0.4875 0.04375 0.05625
0 0.509375 0.5640625 0.0375 0.034375
0 0.6890625 0.659375 0.046875 0.046875
0 0.0859375 0.4046875 0.0375 0.03125
0 0.290625 0.4328125 0.034375 0.03125
0 0.7625 0.4609375 0.040625 0.04375
0 0.275 0.5484375 0.046875 0.040625
0 0.8890625 0.6921875 0.028125 0.03125
0 0.378125 0.01953125 0.0375 0.0390625
0 0.365625 0.390625 0.025 0.025
0 0.99296875 0.434375 0.0140625 0.034375
0 0.19375 0.5109375 0.0375 0.04375
0 0.190625 0.2078125 0.0375 0.03125
0 0.4984375 0.6734375 0.028125 0.025
0 0.009375 0.415625 0.015625 0.015625
0 0.4765625 0.19375 0.0375 0.034375
0 0.99375 0.6203125 0.0125 0.03125
0 0.70625 0.465625 0.0375 0.034375
0 0.3359375 0.5328125 0.03125 0.034375
0 0.08125 0.5890625 0.0125 0.015625
0 0.828125 0.6203125 0.03125 0.028125
0 0.1921875 0.5375 0.0375 0.028125
0 0.890625 0.45 0.015625 0.01875
0 0.65 0.5828125 0.028125 0.01875
0 0.6609375 0.60625 0.015625 0.015625
0 0.6609375 0.5515625 0.034375 0.03125
0 0.29375 0.4078125 0.015625 0.009375
0 0.4671875 0.3109375 0.03125 0.028125
0 0.4671875 0.103125 0.040625 0.0375
0 0.6109375 0.1453125 0.025 0.028125
0 0.98125 0.125 0.0375 0.04375
0 0.1140625 0.4640625 0.015625 0.015625
0 0.3125 0.371875 0.025 0.028125
0 0.303125 0.5234375 0.025 0.028125
0 0.1578125 0.446875 0.0375 0.025
