0 0.2859375 0.053125 0.059375 0.05625
0 0.915625 0.5828125 0.065625 0.053125
0 0.346875 0.771875 0.05 0.046875
0 0.93125 0.2953125 0.0625 0.0625
0 0.41875 0.66875 0.046875 0.053125
0 0.371875 0.44375 0.05 0.05
0 0.496875 0.7546875 0.053125 0.05625
0 0.390625 0.7171875 0.046875 0.05
0 0.5875 0.4140625 0.046875 0.05
0 0.665625 0.5546875 0.05 0.05625
0 0.7859375 0.709375 0.04375 0.03125
0 0.575 0.084375 0.05625 0.034375
0 0.3421875 0.4015625 0.040625 0.034375
0 0.03125 0.234375 0.015625 0.01875
0 0.109375 0.2125 0.021875 0.0125
