0 0.9203125 0.203125 0.04375 0.05625
0 0.4046875 0.76875 0.01875 0.025
0 0.4234375 0.709375 0.040625 0.034375
0 0.575 0.09375 0.05 0.04375
0 0.284375 0.2109375 0.05 0.046875
0 0.9578125 0.2546875 0.040625 0.04375
0 0.490625 0.553125 0.0375 0.040625
0 0.109375 0.5421875 0.0375 0.040625
0 0.1171875 0.578125 0.040625 0.0375
0 0.5625 0.3828125 0.04375 0.034375
0 0.5328125 0.540625 0.028125 0.0375
0 0.5875 0.55625 0.03125 0.03125
0 0.471875 0.575 0.03125 0.03125
0 0.440625 0.4765625 0.046875 0.046875
0 0.478125 0.1390625 0.04375 0.05
0 0.4984375 0.7640625 0.040625 0.0375
0 0.8421875 0.1125 0.040625 0.046875
0 0.2703125 0.3609375 0.0375 0.0375
0 0.2734375 0.309375 0.034375 0.03125
0 0.2234375 0.43125 0.04375 0.040625
0 0.975 0.0125 0.028125 0.025
0 0.4765625 0.6734375 0.03125 0.03125
0 0.5015625 0.7640625 0.040625 0.0375
0 0.15625 0.503125 0.0375 0.034375
0 0.1546875 0.5046875 0.0375 0.034375
0 0.43125 0.215625 0.0375 0.034375
0 0.6703125 0.5671875 0.01875 0.021875
0 0.7125 0.50625 0.03125 0.0125
0 0.375 0.4796875 0.028125 0.0375
0 0.74375 0.4671875 0.05625 0.046875
