0 0.5875 0.3484375 0.046875 0.046875
0 0.98125 0.4203125 0.0375 0.0375
0 0.7625 0.2921875 0.04375 0.040625
0 0.5953125 0.5171875 0.04375 0.040625
0 0.334375 0.825 0.03125 0.034375
0 0.5828125 0.2671875 0.046875 0.040625
0 0.3125 0.703125 0.04375 0.034375
0 0.7015625 0.85 0.034375 0.025
0 0.3515625 0.6953125 0.034375 0.0375
0 0.4421875 0.1796875 0.0375 0.034375
0 0.4546875 0.7984375 0.034375 0.03125
0 0.6984375 0.0734375 0.034375 0.05
0 0.1546875 0.503125 0.0375 0.040625
0 0.4140625 0.7078125 0.025 0.025
0 0.6859375 0.3828125 0.0375 0.040625
0 0.4171875 0.221875 0.034375 0.040625
0 0.4484375 0.9375 0.0375 0.0375
0 0.715625 0.39375 0.021875 0.0375
0 0.753125 0.3921875 0.05 0.0375
0 0.3375 0.0546875 0.0375 0.03125
0 0.4984375 0.759375 0.034375 0.03125
0 0.278125 0.1296875 0.03125 0.05
0 0.8375 0.74375 0.028125 0.025
0 0.3796875 0.871875 0.034375 0.028125
0 0.15 0.640625 0.028125 0.025
0 0.86875 0.94375 0.0375 0.0375
0 0.403125 0.7609375 0.03125 0.025
0 0.94375 0.078125 0.01875 0.015625
0 0.9796875 0.078125 0.034375 0.034375
0 0.3328125 0.2921875 0.034375 0.034375
0 0.684375 0.709375 0.028125 0.0375
0 0.9140625 0.8359375 0.034375 0.0375
0 0.3015625 0.39375 0.025 0.025
0 0.1890625 0.6046875 0.03125 0.025
0 0.528125 0.55625 0.034375 0.034375
0 0.5 0.7609375 0.034375 0.034375
0 0.009375 0.7953125 0.01875 0.025
0 0.9296875 0.109375 0.028125 0.03125
0 0.5296875 0.1515625 0.0125 0.0125
0 0.5828125 0.1625 0.009375 0.015625
0 0.7109375 0.821875 0.01875 0.01875
0 0.546875 0.653125 0.040625 0.025
0 0.453125 0.1515625 0.0375 0.028125
0 0.3734375 0.3515625 0.034375 0.015625
0 0.8734375 0.371875 0.028125 0.021875
0 0.4921875 0.6109375 0.025 0.021875
0 0.478125 0.4296875 0.01875 0.021875
0 0.403125 0.3765625 0.025 0.015625
0 0.0046875 0.8375 0.009375 0.025
0 0.0375 0.7484375 0.01875 0.01875
0 0.9671875 0.81875 0.034375 0.034375
