0 0.1484375 0.6484375 0.0375 0.034375
0 0.3953125 0.99765625 0.046875 0.0046875
0 0.3 0.8921875 0.034375 0.034375
0 0.5875 0.9 0.0375 0.0375
0 0.6671875 0.765625 0.028125 0.028125
0 0.43125 0.971875 0.040625 0.0375
0 0.06875 0.828125 0.01875 0.015625
0 0.1046875 0.828125 0.034375 0.034375
0 0.259375 0.8578125 0.025 0.028125
0 0.0546875 0.859375 0.028125 0.03125
0 0.471875 0.6890625 0.01875 0.03125
0 0.1578125 0.9734375 0.021875 0.021875
0 0.3453125 0.8796875 0.009375 0.0125
0 0.4734375 0.775 0.015625 0.025
