0 0.0390625 0.7703125 0.05 0.059375
0 0.4515625 0.7671875 0.053125 0.046875
0 0.6375 0.628125 0.046875 0.04375
0 0.8890625 0.6328125 0.05 0.04375
0 0.9015625 0.35 0.040625 0.04375
0 0.234375 0.6578125 0.034375 0.05625
0 0.0859375 0.1796875 0.0375 0.046875
0 0.50625 0.3578125 0.05625 0.05
0 0.59375 0.8421875 0.046875 0.046875
0 0.5921875 0.8453125 0.046875 0.046875
0 0.834375 0.634375 0.0375 0.046875
0 0.01015625 0.6484375 0.0203125 0.0625
0 0.2828125 0.65625 0.046875 0.04375
0 0.0328125 0.35 0.04375 0.04375
0 0.4 0.784375 0.04375 0.046875
0 0.15625 0.35625 0.028125 0.05
0 0.246875 0.35625 0.040625 0.0375
0 0.4515625 0.3578125 0.0375 0.03125
0 0.0265625 0.35 0.034375 0.040625
0 0.6671875 0.53125 0.028125 0.021875
0 0.6546875 0.3109375 0.025 0.034375
0 0.16875 0.2140625 0.025 0.021875
