0 0.715625 0.1203125 0.046875 0.046875
0 0.1734375 0.6421875 0.0375 0.0375
0 0.4015625 0.609375 0.034375 0.0375
0 0.00390625 0.2390625 0.0078125 0.0375
0 0.409375 0.3828125 0.040625 0.04375
0 0.05625 0.4875 0.04375 0.046875
0 0.146875 0.3265625 0.0375 0.040625
0 0.4828125 0.634375 0.03125 0.034375
0 0.496875 0.5609375 0.040625 0.040625
0 0.696875 0.3609375 0.03125 0.03125
0 0.6078125 0.2453125 0.046875 0.040625
0 0.0140625 0.6921875 0.028125 0.03125
0 0.1296875 0.434375 0.0375 0.034375
0 0.675 0.4640625 0.034375 0.03125
0 0.1515625 0.165625 0.028125 0.03125
0 0.4515625 0.6421875 0.03125 0.034375
0 0.6296875 0.7203125 0.028125 0.028125
0 0.5 0.696875 0.028125 0.021875
0 0.7078125 0.625 0.025 0.021875
0 0.696875 0.5234375 0.034375 0.03125
0 0.7109375 0.4109375 0.034375 0.0375
0 0.9203125 0.4734375 0.0125 0.009375
0 0.1296875 0.6203125 0.034375 0.03125
0 0.7453125 0.4375 0.028125 0.03125
0 0.559375 0.728125 0.03125 0.0375
0 0.8203125 0.3703125 0.025 0.028125
0 0.678125 0.628125 0.021875 0.028125
0 0.66875 0.409375 0.03125 0.034375
0 0.6 0.734375 0.025 0.028125
0 0.325 0.653125 0.028125 0.025
0 0.4171875 0.6921875 0.034375 0.03125
0 0.015625 0.45 0.015625 0.01875
0 0.2078125 0.6234375 0.028125 0.025
0 0.225 0.6796875 0.021875 0.015625
0 0.10625 0.125 0.0375 0.04375
0 0.4578125 0.7125 0.025 0.025
0 0.4859375 0.678125 0.025 0.025
0 0.4296875 0.6546875 0.021875 0.025
0 0.428125 0.6296875 0.028125 0.025
0 0.71875 0.6171875 0.0125 0.021875
0 0.9390625 0.584375 0.0125 0.0125
0 0.9265625 0.575 0.009375 0.009375
0 0.9703125 0.484375 0.0125 0.0125
0 0.9921875 0.4625 0.009375 0.015625
0 0.984375 0.5 0.0125 0.009375
0 0.9140625 0.525 0.0125 0.009375
0 0.928125 0.446875 0.009375 0.0125
0 0.7125 0.45 0.034375 0.021875
0 0.61875 0.696875 0.009375 0.015625
