0 0.0984375 0.603125 0.04375 0.040625
0 0.1984375 0.8671875 0.04375 0.040625
0 0.175 0.4828125 0.04375 0.040625
0 0.4453125 0.365625 0.04375 0.0375
0 0.0125 0.95625 0.025 0.0375
0 0.478125 0.8875 0.034375 0.03125
0 0.6015625 0.8875 0.034375 0.034375
0 0.3625 0.3453125 0.040625 0.040625
0 0.6359375 0.9921875 0.05 0.015625
0 0.4515625 0.6390625 0.034375 0.034375
0 0.7234375 0.9765625 0.034375 0.040625
0 0.14375 0.7609375 0.03125 0.034375
0 0.753125 0.5765625 0.028125 0.03125
0 0.7890625 0.3734375 0.0375 0.03125
0 0.45625 0.5953125 0.04375 0.04375
0 0.8390625 0.371875 0.034375 0.03125
0 0.6171875 0.99375 0.028125 0.0125
0 0.8390625 0.5890625 0.03125 0.028125
0 0.1671875 0.5515625 0.03125 0.040625
0 0.278125 0.903125 0.040625 0.0375
0 0.76875 0.7515625 0.028125 0.0375
0 0.528125 0.928125 0.021875 0.028125
0 0.5578125 0.928125 0.01875 0.021875
0 0.009375 0.7109375 0.01875 0.021875
0 0.365625 0.44375 0.03125 0.028125
0 0.5046875 0.4359375 0.021875 0.01875
0 0.6484375 0.5984375 0.021875 0.015625
0 0.7046875 0.8890625 0.01875 0.01875
