0 0.334375 0.075 0.03125 0.034375
0 0.7015625 0.1 0.034375 0.025
0 0.4546875 0.0484375 0.034375 0.03125
0 0.4484375 0.1875 0.0375 0.0375
0 0.4984375 0.0125 0.034375 0.025
0 0.8375 0.003125 0.028125 0.00625
0 0.3796875 0.121875 0.034375 0.028125
0 0.86875 0.19375 0.0375 0.0375
0 0.403125 0.01171875 0.03125 0.0234375
0 0.9140625 0.0859375 0.034375 0.0375
0 0.5 0.0140625 0.034375 0.028125
0 0.009375 0.0453125 0.01875 0.025
0 0.7109375 0.071875 0.01875 0.01875
0 0.0046875 0.0875 0.009375 0.025
0 0.0375 0.00390625 0.01875 0.0078125
0 0.9671875 0.06875 0.034375 0.034375
