0 0.8984375 0.3484375 0.021875 0.021875
0 0.921875 0.33125 0.021875 0.015625
0 0.946875 0.3234375 0.01875 0.01875
0 0.953125 0.290625 0.034375 0.03125
0 0.89375 0.7609375 0.03125 0.034375
0 0.75625 0.7828125 0.04375 0.0375
0 0.2125 0.6328125 0.03125 0.034375
0 0.6578125 0.2640625 0.04375 0.040625
0 0.859375 0.7125 0.034375 0.040625
0 0.9125 0.2703125 0.0375 0.03125
0 0.73125 0.1328125 0.04375 0.046875
0 0.7515625 0.1625 0.046875 0.040625
0 0.065625 0.49375 0.0375 0.01875
0 0.075 0.48125 0.034375 0.034375
0 0.6953125 0.7703125 0.0375 0.028125
0 0.1921875 0.2734375 0.025 0.01875
0 0.2203125 0.2515625 0.0375 0.046875
0 0.99296875 0.459375 0.0140625 0.021875
0 0.9953125 0.43125 0.009375 0.040625
0 0.421875 0.396875 0.046875 0.040625
0 0.896875 0.315625 0.021875 0.03125
0 0.621875 0.6859375 0.040625 0.040625
0 0.1125 0.51875 0.034375 0.028125
0 0.5828125 0.8328125 0.034375 0.028125
0 0.61875 0.309375 0.03125 0.03125
0 0.440625 0.7390625 0.028125 0.021875
0 0.8578125 0.634375 0.03125 0.034375
0 0.4296875 0.2125 0.034375 0.0375
0 0.7109375 0.2140625 0.03125 0.03125
0 0.540625 0.790625 0.028125 0.028125
0 0.53125 0.5609375 0.028125 0.021875
0 0.528125 0.5296875 0.034375 0.03125
0 0.0421875 0.490625 0.025 0.03125
0 0.009375 0.4953125 0.01875 0.025
0 0.3859375 0.4078125 0.03125 0.0375
0 0.4875 0.2125 0.03125 0.0375
0 0.83125 0.628125 0.034375 0.03125
0 0.5640625 0.7546875 0.03125 0.03125
0 0.753125 0.25625 0.03125 0.03125
0 0.134375 0.43125 0.03125 0.028125
0 0.1484375 0.2578125 0.01875 0.0125
0 0.534375 0.109375 0.015625 0.01875
0 0.828125 0.3234375 0.028125 0.028125
0 0.8453125 0.26875 0.025 0.028125
0 0.8515625 0.1921875 0.025 0.015625
0 0.9828125 0.209375 0.021875 0.01875
0 0.784375 0.696875 0.034375 0.0375
0 0.653125 0.73125 0.025 0.03125
0 0.3015625 0.7546875 0.025 0.021875
0 0.35 0.7890625 0.01875 0.01875
0 0.2765625 0.6375 0.0375 0.03125
0 0.4578125 0.45625 0.0125 0.009375
0 0.4796875 0.4515625 0.025 0.0125
0 0.3625 0.521875 0.015625 0.015625
0 0.7625 0.2875 0.021875 0.025
0 0.771875 0.83125 0.028125 0.028125
0 0.8484375 0.48125 0.028125 0.01875
0 0.9609375 0.4875 0.01875 0.01875
0 0.578125 0.5453125 0.01875 0.015625
