0 0.8046875 0.6515625 0.053125 0.05625
0 0.5453125 0.9640625 0.04375 0.04375
0 0.9140625 0.7703125 0.05 0.059375
0 0.334375 0.9453125 0.040625 0.0375
0 0.9609375 0.1796875 0.0375 0.046875
0 0.4359375 0.909375 0.034375 0.03125
0 0.63125 0.9734375 0.04375 0.04375
0 0.709375 0.2 0.034375 0.028125
0 0.6046875 0.2734375 0.06875 0.05625
0 0.828125 0.2078125 0.03125 0.04375
0 0.6859375 0.7765625 0.040625 0.046875
0 0.590625 0.803125 0.04375 0.05625
0 0.2765625 0.775 0.05 0.053125
0 0.86875 0.6484375 0.053125 0.0625
0 0.8265625 0.509375 0.034375 0.034375
0 0.9078125 0.35 0.04375 0.04375
0 0.378125 0.2734375 0.059375 0.04375
0 0.353125 0.625 0.040625 0.046875
0 0.765625 0.465625 0.025 0.021875
0 0.796875 0.4359375 0.028125 0.034375
0 0.0359375 0.4390625 0.040625 0.0375
0 0.9015625 0.35 0.034375 0.040625
0 0.39375 0.85625 0.03125 0.021875
