0 0.5328125 0.3953125 0.04375 0.046875
0 0.525 0.6640625 0.040625 0.0375
0 0.38125 0.0515625 0.053125 0.040625
0 0.4421875 0.02265625 0.05 0.0453125
0 0.390625 0.3875 0.046875 0.040625
0 0.35625 0.415625 0.040625 0.040625
0 0.740625 0.2703125 0.034375 0.025
0 0.696875 0.109375 0.04375 0.04375
0 0.93125 0.3765625 0.0375 0.0375
0 0.453125 0.5828125 0.034375 0.025
0 0.9125 0.0390625 0.040625 0.04375
0 0.5765625 0.175 0.040625 0.05
0 0.465625 0.4671875 0.040625 0.040625
0 0.4578125 0.5109375 0.03125 0.028125
0 0.35625 0.546875 0.028125 0.028125
0 0.81875 0.2328125 0.040625 0.0375
0 0.853125 0.2234375 0.03125 0.03125
0 0.871875 0.109375 0.0375 0.040625
0 0.7078125 0.3140625 0.025 0.04375
0 0.321875 0.6140625 0.034375 0.03125
0 0.59375 0.0328125 0.040625 0.046875
0 0.30625 0.1296875 0.028125 0.04375
0 0.7671875 0.1890625 0.03125 0.046875
0 0.68125 0.6125 0.028125 0.025
0 0.48125 0.4078125 0.034375 0.03125
0 0.9796875 0.5171875 0.034375 0.034375
0 0.775 0.3296875 0.03125 0.034375
0 0.8859375 0.225 0.028125 0.028125
0 0.921875 0.54375 0.028125 0.03125
0 0.721875 0.5890625 0.034375 0.034375
0 0.4 0.525 0.025 0.025
0 0.7734375 0.61875 0.03125 0.021875
0 0.2921875 0.603125 0.025 0.028125
0 0.8296875 0.0875 0.028125 0.028125
0 0.5921875 0.0328125 0.0375 0.04375
0 0.8609375 0.3734375 0.04375 0.0375
0 0.99609375 0.3828125 0.0078125 0.028125
0 0.946875 0.425 0.021875 0.03125
0 0.8078125 0.428125 0.034375 0.0375
0 0.653125 0.215625 0.028125 0.025
0 0.1625 0.3375 0.03125 0.028125
