0 0.3984375 0.059375 0.04375 0.0375
0 0.7109375 0.01484375 0.0375 0.0296875
0 0.2515625 0.01640625 0.04375 0.0328125
0 0.875 0.20625 0.05 0.0375
0 0.5578125 0.20625 0.040625 0.040625
0 0.678125 0.046875 0.034375 0.034375
0 0.7578125 0.01640625 0.0375 0.0328125
0 0.296875 0.228125 0.03125 0.03125
0 0.3453125 0.321875 0.0375 0.034375
0 0.7453125 0.209375 0.040625 0.034375
0 0.365625 0.2734375 0.03125 0.034375
0 0.7171875 0.05 0.040625 0.040625
0 0.3390625 0.225 0.025 0.03125
0 0.7734375 0.23125 0.021875 0.028125
0 0.1859375 0.034375 0.03125 0.025
