0 0.38125 0.8015625 0.053125 0.040625
0 0.4421875 0.771875 0.05 0.046875
0 0.696875 0.859375 0.04375 0.04375
0 0.9125 0.7890625 0.040625 0.04375
0 0.5765625 0.925 0.040625 0.05
0 0.81875 0.98203125 0.040625 0.0359375
0 0.853125 0.9734375 0.03125 0.03125
0 0.871875 0.859375 0.0375 0.040625
0 0.59375 0.7828125 0.040625 0.046875
0 0.30625 0.8796875 0.028125 0.04375
0 0.7671875 0.9390625 0.03125 0.046875
0 0.8859375 0.975 0.028125 0.028125
0 0.8296875 0.8375 0.028125 0.028125
0 0.5921875 0.7828125 0.0375 0.04375
0 0.653125 0.965625 0.028125 0.025
