0 0.234375 0.9640625 0.04375 0.040625
0 0.2921875 0.9484375 0.053125 0.046875
0 0.31875 0.8140625 0.040625 0.034375
0 0.55625 0.721875 0.053125 0.040625
0 0.1078125 0.4203125 0.040625 0.0375
0 0.51875 0.7984375 0.046875 0.05
0 0.609375 0.7421875 0.05 0.04375
0 0.4015625 0.8859375 0.04375 0.0375
0 0.3953125 0.2703125 0.046875 0.05
0 0.88125 0.54375 0.034375 0.034375
0 0.475 0.8015625 0.04375 0.04375
0 0.8984375 0.384375 0.03125 0.03125
0 0.3 0.1421875 0.034375 0.034375
0 0.5875 0.15 0.0375 0.0375
0 0.6671875 0.015625 0.028125 0.028125
0 0.7828125 0.6359375 0.03125 0.028125
0 0.8453125 0.2828125 0.028125 0.03125
0 0.8328125 0.6 0.021875 0.0125
0 0.9171875 0.55625 0.028125 0.025
0 0.00625 0.94375 0.0125 0.0375
0 0.43125 0.221875 0.040625 0.0375
0 0.06875 0.078125 0.01875 0.015625
0 0.1046875 0.078125 0.034375 0.034375
0 0.984375 0.39375 0.021875 0.021875
0 0.634375 0.709375 0.034375 0.0375
0 0.0390625 0.8359375 0.034375 0.0375
0 0.259375 0.1078125 0.025 0.028125
0 0.190625 0.94375 0.034375 0.03125
0 0.0546875 0.109375 0.028125 0.03125
0 0.6640625 0.29375 0.021875 0.021875
0 0.603125 0.3078125 0.01875 0.015625
0 0.5296875 0.55625 0.03125 0.03125
0 0.63125 0.6015625 0.015625 0.0125
0 0.7890625 0.60625 0.025 0.021875
0 0.79375 0.2625 0.021875 0.025
0 0.8625 0.3390625 0.03125 0.028125
0 0.3765625 0.81875 0.03125 0.03125
0 0.44375 0.6453125 0.015625 0.028125
0 0.1578125 0.2234375 0.021875 0.021875
0 0.00625 0.371875 0.0125 0.021875
0 0.3453125 0.1296875 0.009375 0.0125
0 0.4734375 0.025 0.015625 0.025
0 0.6203125 0.2859375 0.025 0.015625
0 0.0921875 0.81875 0.034375 0.034375
0 0.2296875 0.85 0.028125 0.04375
0 0.346875 0.9484375 0.028125 0.025
0 0.396875 0.7625 0.01875 0.01875
0 0.9921875 0.559375 0.0125 0.01875
