0 0.1984375 0.1171875 0.04375 0.040625
0 0.209375 0.3203125 0.0375 0.0375
0 0.0125 0.20625 0.025 0.0375
0 0.478125 0.1375 0.034375 0.03125
0 0.6015625 0.1375 0.034375 0.034375
0 0.6359375 0.253125 0.05 0.0375
0 0.7234375 0.2265625 0.034375 0.040625
0 0.14375 0.0140625 0.03125 0.028125
0 0.6171875 0.2546875 0.028125 0.034375
0 0.278125 0.153125 0.040625 0.0375
0 0.76875 0.01015625 0.028125 0.0203125
0 0.528125 0.178125 0.021875 0.028125
0 0.5578125 0.178125 0.01875 0.021875
0 0.7046875 0.1390625 0.01875 0.01875
0 0.2234375 0.34375 0.025 0.021875
