0 0.115625 0.021875 0.046875 0.04375
0 0.6515625 0.2875 0.0375 0.034375
0 0.609375 0.178125 0.034375 0.0375
0 0.36875 0.1140625 0.0375 0.040625
0 0.4 0.2359375 0.021875 0.0375
0 0.425 0.23125 0.025 0.04375
0 0.0421875 0.1203125 0.046875 0.04375
0 0.13125 0.3265625 0.0375 0.0125
0 0.134375 0.3109375 0.0375 0.01875
0 0.5375 0.328125 0.034375 0.025
0 0.075 0.18125 0.034375 0.034375
0 0.728125 0.2609375 0.034375 0.03125
0 0.70625 0.2609375 0.03125 0.03125
0 0.296875 0.14375 0.0375 0.0375
0 0.25625 0.3234375 0.040625 0.034375
0 0.4765625 0.215625 0.03125 0.028125
0 0.7046875 0.1078125 0.03125 0.028125
0 0.3 0.10625 0.034375 0.028125
0 0.753125 0.16875 0.034375 0.040625
0 0.578125 0.1671875 0.025 0.034375
0 0.0046875 0.01015625 0.009375 0.0203125
0 0.325 0.059375 0.028125 0.03125
0 0.753125 0.1953125 0.0375 0.028125
0 0.0765625 0.1171875 0.025 0.03125
0 0.171875 0.309375 0.040625 0.034375
0 0.13125 0.1640625 0.021875 0.021875
0 0.2828125 0.0265625 0.025 0.025
0 0.5890625 0.24375 0.03125 0.025
0 0.4359375 0.2796875 0.028125 0.0375
0 0.8609375 0.0796875 0.01875 0.01875
0 0.9296875 0.053125 0.0125 0.0125
0 0.96875 0.0421875 0.015625 0.021875
0 0.99375 0.0640625 0.009375 0.021875
0 0.1125 0.2203125 0.025 0.01875
