0 0.234375 0.2140625 0.04375 0.040625
0 0.2921875 0.1984375 0.053125 0.046875
0 0.31875 0.0640625 0.040625 0.034375
0 0.51875 0.0484375 0.046875 0.05
0 0.609375 0.00703125 0.05 0.0140625
0 0.4015625 0.1359375 0.04375 0.0375
0 0.475 0.0515625 0.04375 0.04375
0 0.3078125 0.284375 0.0375 0.034375
0 0.00625 0.19375 0.0125 0.0375
0 0.0390625 0.0859375 0.034375 0.0375
0 0.190625 0.19375 0.034375 0.03125
0 0.3765625 0.06875 0.03125 0.03125
0 0.0921875 0.06875 0.034375 0.034375
0 0.2296875 0.1 0.028125 0.04375
0 0.346875 0.1984375 0.028125 0.025
0 0.396875 0.0125 0.01875 0.01875
