0 0.25625 0.6 0.05 0.04375
0 0.3203125 0.4390625 0.04375 0.04375
0 0.709375 0.8421875 0.03125 0.03125
0 0.1484375 0.9125 0.028125 0.03125
0 0.2390625 0.7109375 0.028125 0.034375
0 0.721875 0.3265625 0.03125 0.028125
0 0.609375 0.2921875 0.03125 0.034375
0 0.828125 0.3875 0.0375 0.0375
0 0.6296875 0.6359375 0.03125 0.028125
0 0.2609375 0.4046875 0.025 0.03125
0 0.6234375 0.409375 0.034375 0.03125
0 0.88125 0.2828125 0.03125 0.040625
0 0.115625 0.8796875 0.034375 0.028125
0 0.9671875 0.7703125 0.03125 0.028125
0 0.16875 0.225 0.028125 0.015625
