0 0.4515625 0.278125 0.04375 0.04375
0 0.6046875 0.1578125 0.0375 0.040625
0 0.05625 0.3765625 0.0375 0.0375
0 0.1640625 0.45 0.028125 0.0375
0 0.0375 0.0390625 0.040625 0.04375
0 0.546875 0.2890625 0.05625 0.059375
0 0.18125 0.5703125 0.034375 0.0375
0 0.1703125 0.5234375 0.028125 0.034375
0 0.5296875 0.1796875 0.040625 0.046875
0 0.7875 0.2890625 0.028125 0.025
0 0.4703125 0.3953125 0.0375 0.0375
0 0.6421875 0.15 0.0375 0.0375
0 0.4328125 0.0984375 0.0375 0.034375
0 0.0078125 0.109375 0.015625 0.040625
0 0.609375 0.3140625 0.034375 0.03125
0 0.3171875 0.6 0.03125 0.034375
0 0.8203125 0.3234375 0.025 0.021875
0 0.28125 0.3125 0.0375 0.04375
0 0.3640625 0.2859375 0.025 0.028125
0 0.353125 0.090625 0.034375 0.0375
0 0.459375 0.61875 0.03125 0.03125
0 0.1046875 0.5171875 0.034375 0.034375
0 0.6671875 0.134375 0.028125 0.0375
0 0.0125 0.225 0.025 0.028125
0 0.046875 0.54375 0.028125 0.03125
0 0.7671875 0.4546875 0.03125 0.03125
0 0.725 0.29375 0.025 0.021875
0 0.7875 0.3953125 0.03125 0.034375
0 0.3984375 0.35 0.021875 0.028125
0 0.9265625 0.2359375 0.01875 0.01875
0 0.471875 0.4609375 0.03125 0.021875
0 0.4734375 0.546875 0.04375 0.040625
0 0.159375 0.2109375 0.028125 0.03125
0 0.4265625 0.634375 0.028125 0.028125
0 0.53125 0.178125 0.04375 0.046875
0 0.4671875 0.3953125 0.0375 0.034375
0 0.00390625 0.3734375 0.0078125 0.0375
0 0.253125 0.1984375 0.034375 0.0375
0 0.13125 0.3828125 0.028125 0.028125
0 0.071875 0.425 0.021875 0.03125
0 0.56875 0.5328125 0.03125 0.040625
0 0.415625 0.5078125 0.034375 0.034375
