0 0.35625 0.54375 0.046875 0.046875
0 0.0234375 0.3484375 0.021875 0.021875
0 0.046875 0.33125 0.021875 0.015625
0 0.071875 0.3234375 0.01875 0.01875
0 0.078125 0.290625 0.034375 0.03125
0 0.4484375 0.5515625 0.046875 0.04375
0 0.01875 0.7609375 0.03125 0.034375
0 0.365625 0.7890625 0.034375 0.034375
0 0.0375 0.2703125 0.0375 0.03125
0 0.5203125 0.8265625 0.03125 0.034375
0 0.2640625 0.1515625 0.040625 0.040625
0 0.240625 0.559375 0.028125 0.028125
0 0.28125 0.54375 0.025 0.0125
0 0.278125 0.5203125 0.040625 0.0375
0 0.3140625 0.7234375 0.034375 0.04375
0 0.5890625 0.6953125 0.034375 0.03125
0 0.171875 0.44375 0.0375 0.01875
0 0.165625 0.41875 0.034375 0.03125
0 0.246875 0.721875 0.034375 0.03125
0 0.453125 0.46875 0.028125 0.028125
0 0.878125 0.4859375 0.046875 0.05
0 0.1203125 0.459375 0.01875 0.021875
0 0.134375 0.43125 0.0375 0.040625
0 0.5421875 0.746875 0.0375 0.034375
0 0.578125 0.7515625 0.034375 0.034375
0 0.46875 0.7453125 0.0375 0.0375
0 0.615625 0.753125 0.025 0.034375
0 0.021875 0.315625 0.021875 0.03125
0 0.6421875 0.69375 0.0375 0.034375
0 0.4765625 0.809375 0.03125 0.03125
0 0.6484375 0.765625 0.034375 0.03125
0 0.4125 0.6625 0.028125 0.028125
0 0.1546875 0.2375 0.0375 0.03125
0 0.1859375 0.20625 0.03125 0.03125
0 0.1078125 0.209375 0.021875 0.01875
0 0.3703125 0.39375 0.025 0.015625
0 0.53125 0.4171875 0.034375 0.025
0 0.4828125 0.4640625 0.034375 0.028125
0 0.7390625 0.425 0.025 0.025
0 0.9609375 0.2609375 0.021875 0.025
0 0.8015625 0.5296875 0.021875 0.028125
0 0.5546875 0.815625 0.03125 0.028125
0 0.4734375 0.63125 0.01875 0.021875
0 0.3765625 0.75625 0.0375 0.034375
0 0.4984375 0.6125 0.0125 0.01875
0 0.528125 0.5734375 0.01875 0.028125
0 0.55 0.553125 0.0125 0.025
0 0.296875 0.209375 0.021875 0.021875
0 0.2828125 0.0953125 0.025 0.021875
0 0.0859375 0.4875 0.01875 0.01875
0 0.16875 0.5453125 0.025 0.021875
0 0.178125 0.34375 0.025 0.01875
