0 0.1921875 0.6078125 0.059375 0.065625
0 0.6734375 0.2734375 0.05 0.046875
0 0.29375 0.340625 0.046875 0.04375
0 0.171875 0.7078125 0.05625 0.053125
0 0.959375 0.4734375 0.05 0.04375
0 0.0453125 0.203125 0.04375 0.05625
0 0.3234375 0.15 0.03125 0.03125
0 0.3640625 0.1453125 0.04375 0.046875
0 0.7671875 0.303125 0.0375 0.0375
0 0.0828125 0.2546875 0.040625 0.04375
0 0.83125 0.6796875 0.0375 0.021875
0 0.3296875 0.303125 0.04375 0.0625
0 0.65 0.6953125 0.034375 0.03125
0 0.4625 0.68125 0.0375 0.04375
0 0.65625 0.5421875 0.05 0.04375
0 0.6328125 0.259375 0.0375 0.040625
0 0.5625 0.1796875 0.0375 0.028125
0 0.7625 0.5109375 0.040625 0.034375
0 0.73125 0.6578125 0.0375 0.0375
0 0.55 0.3546875 0.034375 0.028125
0 0.225 0.3484375 0.03125 0.0375
0 0.4625 0.5265625 0.028125 0.015625
0 0.45 0.5171875 0.021875 0.01875
0 0.46875 0.5015625 0.028125 0.028125
0 0.6046875 0.1578125 0.04375 0.04375
0 0.1 0.0125 0.028125 0.025
0 0.4265625 0.6296875 0.0375 0.040625
0 0.434375 0.178125 0.040625 0.03125
0 0.5890625 0.26875 0.025 0.034375
0 0.421875 0.528125 0.03125 0.028125
0 0.84375 0.65 0.03125 0.034375
0 0.75625 0.2765625 0.034375 0.028125
0 0.4515625 0.43125 0.028125 0.028125
0 0.3734375 0.7171875 0.015625 0.03125
0 0.671875 0.1984375 0.025 0.01875
0 0.4703125 0.1421875 0.025 0.025
