0 0.9734375 0.603125 0.04375 0.040625
0 0.8109375 0.5203125 0.05 0.046875
0 0.3984375 0.809375 0.04375 0.0375
0 0.7109375 0.7609375 0.0375 0.0375
0 0.2515625 0.7609375 0.04375 0.04375
0 0.259375 0.44375 0.053125 0.040625
0 0.546875 0.2390625 0.0375 0.034375
0 0.875 0.95625 0.05 0.0375
0 0.7484375 0.4484375 0.0375 0.040625
0 0.7578125 0.6546875 0.040625 0.040625
0 0.5578125 0.95625 0.040625 0.040625
0 0.678125 0.796875 0.034375 0.034375
0 0.2328125 0.265625 0.034375 0.028125
0 0.7578125 0.7625 0.0375 0.040625
0 0.1546875 0.6796875 0.028125 0.03125
0 0.296875 0.978125 0.03125 0.03125
0 0.778125 0.4890625 0.034375 0.0375
0 0.334375 0.7 0.040625 0.034375
0 0.7 0.6171875 0.04375 0.03125
0 0.359375 0.346875 0.0375 0.040625
0 0.0421875 0.3546875 0.0375 0.03125
0 0.7453125 0.959375 0.040625 0.034375
0 0.425 0.325 0.0375 0.03125
0 0.6625 0.621875 0.03125 0.034375
0 0.2015625 0.659375 0.03125 0.028125
0 0.7171875 0.8 0.040625 0.040625
0 0.2703125 0.684375 0.046875 0.040625
0 0.30625 0.2671875 0.03125 0.028125
0 0.109375 0.43125 0.028125 0.021875
0 0.6375 0.6265625 0.0125 0.021875
0 0.5828125 0.55625 0.028125 0.03125
0 0.640625 0.5765625 0.03125 0.03125
0 0.440625 0.50625 0.021875 0.015625
0 0.4078125 0.4484375 0.03125 0.03125
0 0.1734375 0.3703125 0.021875 0.0125
0 0.3390625 0.975 0.025 0.03125
0 0.7734375 0.98125 0.021875 0.028125
0 0.88125 0.7109375 0.025 0.021875
0 0.7484375 0.4890625 0.01875 0.028125
0 0.1859375 0.784375 0.03125 0.025
0 0.215625 0.2546875 0.021875 0.025
