0 0.553125 0.4734375 0.04375 0.05
0 0.459375 0.76875 0.04375 0.04375
0 0.3 0.446875 0.028125 0.040625
0 0.2734375 0.3125 0.040625 0.040625
0 0.3265625 0.525 0.040625 0.040625
0 0.01796875 0.634375 0.0359375 0.0375
0 0.7578125 0.91875 0.034375 0.03125
0 0.259375 0.0359375 0.040625 0.04375
0 0.534375 0.7453125 0.040625 0.04375
0 0.3359375 0.8671875 0.03125 0.03125
0 0.35625 0.409375 0.0375 0.040625
0 0.053125 0.678125 0.034375 0.03125
0 0.615625 0.3375 0.05625 0.0625
0 0.4375 0.6203125 0.04375 0.04375
0 0.159375 0.6109375 0.034375 0.04375
0 0.075 0.98203125 0.03125 0.0359375
0 0.2921875 0.665625 0.028125 0.034375
0 0.5015625 0.66875 0.0375 0.040625
0 0.4984375 0.3328125 0.05625 0.05625
0 0.2390625 0.521875 0.034375 0.034375
0 0.471875 0.8109375 0.040625 0.0375
0 0.0484375 0.9828125 0.040625 0.034375
0 0.7046875 0.5421875 0.040625 0.034375
0 0.3015625 0.01171875 0.028125 0.0234375
0 0.5 0.6 0.05 0.04375
0 0.4984375 0.66875 0.0375 0.040625
0 0.0375 0.4625 0.03125 0.034375
0 0.709375 0.903125 0.025 0.028125
0 0.3578125 0.503125 0.0375 0.034375
0 0.440625 0.6203125 0.046875 0.046875
0 0.2328125 0.0953125 0.05625 0.05625
0 0.9265625 0.5828125 0.03125 0.021875
0 0.621875 0.8703125 0.03125 0.028125
0 0.3609375 0.5 0.05 0.04375
0 0.1828125 0.715625 0.034375 0.0375
