0 0.3265625 0.9265625 0.046875 0.05
0 0.1578125 0.321875 0.0375 0.01875
0 0.1515625 0.296875 0.04375 0.040625
0 0.603125 0.4875 0.0375 0.040625
0 0.709375 0.528125 0.0375 0.034375
0 0.01171875 0.10625 0.0234375 0.040625
0 0.1015625 0.02109375 0.04375 0.0421875
0 0.603125 0.68125 0.034375 0.0375
0 0.5234375 0.696875 0.034375 0.0375
0 0.1984375 0.3234375 0.046875 0.046875
0 0.678125 0.45625 0.028125 0.03125
0 0.765625 0.109375 0.025 0.021875
0 0.8625 0.5828125 0.034375 0.034375
0 0.4375 0.6796875 0.03125 0.028125
0 0.1 0.0859375 0.04375 0.040625
0 0.1359375 0.053125 0.0375 0.0375
0 0.8609375 0.6265625 0.028125 0.021875
0 0.1796875 0.0640625 0.034375 0.034375
0 0.9796875 0.509375 0.0125 0.015625
0 0.990625 0.5125 0.0125 0.025
0 0.290625 0.9984375 0.034375 0.003125
0 0.23125 0.309375 0.028125 0.034375
0 0.0765625 0.06875 0.021875 0.01875
0 0.790625 0.2546875 0.025 0.025
0 0.534375 0.346875 0.021875 0.021875
0 0.8890625 0.275 0.009375 0.009375
0 0.90625 0.59375 0.021875 0.01875
0 0.8921875 0.5828125 0.015625 0.021875
0 0.9921875 0.6203125 0.0125 0.015625
0 0.56875 0.5453125 0.021875 0.015625
0 0.5796875 0.475 0.015625 0.025
0 0.675 0.865625 0.034375 0.021875
0 0.5296875 0.9390625 0.028125 0.021875
0 0.5 0.7546875 0.021875 0.028125
