0 0.759375 0.03125 0.05 0.046875
0 0.5515625 0.1125 0.046875 0.046875
0 0.68125 0.053125 0.0375 0.040625
0 0.5953125 0.021875 0.05 0.04375
0 0.834375 0.05 0.0375 0.040625
0 0.3453125 0.109375 0.0375 0.028125
0 0.428125 0.0984375 0.028125 0.03125
0 0.446875 0.084375 0.03125 0.034375
0 0.490625 0.1140625 0.05 0.040625
0 0.8921875 0.1984375 0.021875 0.015625
0 0.921875 0.1859375 0.046875 0.046875
0 0.871875 0.1703125 0.01875 0.021875
0 0.8921875 0.1046875 0.03125 0.03125
0 0.859375 0.00390625 0.04375 0.0078125
0 0.8734375 0.0328125 0.025 0.034375
0 0.903125 0.046875 0.0375 0.0375
0 0.9265625 0.1140625 0.01875 0.021875
0 0.953125 0.2234375 0.021875 0.040625
