0 0.98203125 0.428125 0.0359375 0.034375
0 0.7421875 0.8515625 0.03125 0.01875
0 0.790625 0.8546875 0.034375 0.028125
0 0.8078125 0.7203125 0.025 0.025
0 0.8265625 0.6984375 0.034375 0.034375
0 0.56875 0.659375 0.03125 0.03125
0 0.5828125 0.8640625 0.03125 0.028125
0 0.490625 0.5046875 0.034375 0.028125
0 0.4453125 0.540625 0.03125 0.03125
0 0.6140625 0.6203125 0.034375 0.028125
0 0.4578125 0.6765625 0.025 0.028125
0 0.59375 0.36875 0.034375 0.028125
0 0.953125 0.7703125 0.028125 0.028125
0 0.91875 0.7421875 0.03125 0.028125
0 0.940625 0.45 0.040625 0.03125
0 0.7234375 0.50625 0.03125 0.028125
0 0.7375 0.4875 0.028125 0.028125
0 0.6234375 0.86875 0.028125 0.021875
0 0.7328125 0.8296875 0.03125 0.028125
0 0.525 0.3890625 0.025 0.034375
0 0.6546875 0.5265625 0.0375 0.0375
0 0.2234375 0.58125 0.015625 0.015625
0 0.6921875 0.6609375 0.03125 0.03125
0 0.9765625 0.51875 0.0375 0.01875
0 0.99453125 0.5625 0.0109375 0.03125
0 0.4015625 0.315625 0.021875 0.034375
0 0.56875 0.471875 0.03125 0.034375
0 0.99765625 0.5046875 0.0046875 0.03125
0 0.48125 0.66875 0.028125 0.028125
0 0.7703125 0.4765625 0.03125 0.03125
0 0.7125 0.7375 0.028125 0.0375
0 0.9828125 0.16875 0.03125 0.03125
0 0.4390625 0.4640625 0.03125 0.034375
0 0.51875 0.815625 0.025 0.025
0 0.5484375 0.7703125 0.025 0.025
0 0.2375 0.5734375 0.015625 0.015625
0 0.253125 0.61875 0.015625 0.01875
0 0.303125 0.48125 0.015625 0.0125
0 0.190625 0.2265625 0.015625 0.015625
0 0.2515625 0.425 0.015625 0.0125
0 0.0484375 0.446875 0.0125 0.009375
0 0.2359375 0.275 0.0125 0.01875
