0 0.7015625 0.8109375 0.05 0.05
0 0.0375 0.8015625 0.05 0.046875
0 0.496875 0.89375 0.046875 0.04375
0 0.05625 0.99609375 0.028125 0.0078125
0 0.8328125 0.6515625 0.040625 0.040625
0 0.65 0.9015625 0.03125 0.034375
0 0.1703125 0.909375 0.040625 0.0375
0 0.6484375 0.7390625 0.034375 0.04375
0 0.33125 0.6203125 0.034375 0.028125
0 0.3953125 0.8671875 0.034375 0.034375
0 0.240625 0.396875 0.0375 0.04375
0 0.0578125 0.4734375 0.034375 0.059375
0 0.253125 0.403125 0.059375 0.05
0 0.4015625 0.36875 0.03125 0.046875
0 0.29375 0.89375 0.03125 0.025
0 0.7796875 0.70625 0.034375 0.034375
0 0.7828125 0.7046875 0.034375 0.034375
0 0.3484375 0.671875 0.034375 0.028125
0 0.175 0.99765625 0.015625 0.0046875
0 0.1921875 0.99765625 0.01875 0.0046875
0 0.0984375 0.99765625 0.028125 0.0046875
0 0.0859375 0.98125 0.028125 0.028125
0 0.1171875 0.9796875 0.034375 0.025
0 0.08125 0.9296875 0.028125 0.028125
0 0.4046875 0.7671875 0.025 0.03125
0 0.4921875 0.4921875 0.03125 0.0375
0 0.3984375 0.28125 0.0375 0.03125
0 0.2125 0.446875 0.034375 0.021875
0 0.1828125 0.4640625 0.0375 0.03125
0 0.2046875 0.5546875 0.015625 0.01875
0 0.040625 0.5171875 0.0125 0.0125
0 0.0984375 0.728125 0.0375 0.025
0 0.2234375 0.7390625 0.028125 0.015625
0 0.2046875 0.89375 0.034375 0.034375
