0 0.259375 0.7375 0.046875 0.0375
0 0.140625 0.553125 0.0375 0.034375
0 0.1953125 0.834375 0.040625 0.034375
0 0.615625 0.14375 0.0375 0.028125
0 0.215625 0.5515625 0.04375 0.0375
0 0.5125 0.534375 0.040625 0.0375
0 0.6671875 0.1171875 0.0375 0.03125
0 0.6671875 0.23125 0.034375 0.03125
0 0.321875 0.7421875 0.0375 0.034375
0 0.575 0.3578125 0.0375 0.03125
0 0.3296875 0.534375 0.034375 0.03125
0 0.353125 0.5125 0.046875 0.0375
0 0.4296875 0.4828125 0.040625 0.0375
0 0.578125 0.553125 0.0375 0.03125
0 0.38125 0.665625 0.03125 0.028125
0 0.6875 0.6171875 0.040625 0.040625
0 0.3171875 0.2796875 0.0375 0.028125
0 0.3640625 0.28125 0.03125 0.03125
0 0.66875 0.66875 0.03125 0.0375
0 0.003125 0.26875 0.00625 0.034375
0 0.025 0.259375 0.034375 0.034375
0 0.55625 0.8171875 0.028125 0.025
0 0.3296875 0.2421875 0.0375 0.034375
0 0.615625 0.2453125 0.025 0.03125
0 0.54375 0.496875 0.034375 0.03125
0 0.178125 0.6953125 0.028125 0.03125
0 0.684375 0.8203125 0.03125 0.021875
0 0.7203125 0.815625 0.021875 0.021875
0 0.7140625 0.775 0.034375 0.025
0 0.45625 0.834375 0.028125 0.025
0 0.125 0.65625 0.034375 0.0375
0 0.09375 0.534375 0.028125 0.021875
0 0.4203125 0.6859375 0.040625 0.040625
0 0.015625 0.6421875 0.021875 0.021875
0 0.6671875 0.7171875 0.034375 0.025
0 0.459375 0.6328125 0.028125 0.028125
0 0.109375 0.3890625 0.0375 0.034375
0 0.6375 0.8078125 0.0375 0.0375
0 0.03125 0.1359375 0.028125 0.03125
0 0.1671875 0.6609375 0.028125 0.028125
0 0.1125 0.3 0.021875 0.028125
0 0.6671875 0.2046875 0.028125 0.01875
0 0.509375 0.165625 0.028125 0.021875
0 0.5171875 0.7671875 0.0375 0.021875
0 0.9375 0.75625 0.01875 0.015625
0 0.9328125 0.4640625 0.01875 0.021875
0 0.6828125 0.4703125 0.0125 0.015625
0 0.7578125 0.45625 0.015625 0.01875
0 0.290625 0.5375 0.03125 0.028125
0 0.48125 0.5875 0.021875 0.01875
0 0.440625 0.734375 0.03125 0.028125
0 0.5015625 0.7078125 0.025 0.028125
0 0.64375 0.409375 0.025 0.028125
0 0.00625 0.546875 0.0125 0.01875
0 0.0421875 0.59375 0.01875 0.015625
