0 0.9984375 0.553125 0.003125 0.034375
0 0.7109375 0.2875 0.0375 0.034375
0 0.540625 0.4625 0.040625 0.0375
0 0.2 0.61875 0.025 0.0125
0 0.265625 0.6125 0.034375 0.025
0 0.6265625 0.4640625 0.021875 0.021875
0 0.6703125 0.475 0.021875 0.028125
0 0.66875 0.4203125 0.034375 0.03125
0 0.640625 0.146875 0.040625 0.0375
0 0.6609375 0.190625 0.028125 0.028125
0 0.7828125 0.853125 0.034375 0.03125
0 0.2875 0.5234375 0.034375 0.03125
0 0.5875 0.0734375 0.03125 0.03125
0 0.4796875 0.853125 0.028125 0.025
0 0.378125 0.5671875 0.021875 0.021875
0 0.4125 0.540625 0.01875 0.025
0 0.30625 0.6 0.03125 0.025
0 0.821875 0.5609375 0.015625 0.01875
0 0.8609375 0.5125 0.03125 0.028125
0 0.6796875 0.5109375 0.03125 0.028125
0 0.865625 0.26875 0.03125 0.034375
0 0.9 0.259375 0.034375 0.034375
0 0.3625 0.8 0.028125 0.021875
0 0.709375 0.684375 0.03125 0.03125
0 0.5390625 0.603125 0.03125 0.021875
0 0.1203125 0.4375 0.021875 0.021875
0 0.1828125 0.446875 0.028125 0.025
0 0.4265625 0.646875 0.025 0.025
0 0.215625 0.4328125 0.03125 0.03125
0 0.6828125 0.1796875 0.03125 0.028125
0 0.7484375 0.1296875 0.034375 0.0375
0 0.3453125 0.5703125 0.034375 0.025
0 0.209375 0.665625 0.021875 0.01875
0 0.2203125 0.646875 0.034375 0.025
0 0.8421875 0.3 0.034375 0.028125
0 0.6109375 0.74375 0.0375 0.028125
0 0.99140625 0.65625 0.0171875 0.0375
0 0.96875 0.534375 0.028125 0.021875
0 0.3046875 0.68125 0.03125 0.025
0 0.890625 0.6421875 0.021875 0.021875
0 0.9828125 0.3890625 0.034375 0.034375
0 0.178125 0.6453125 0.03125 0.025
0 0.20625 0.5015625 0.021875 0.015625
0 0.25625 0.4890625 0.025 0.021875
0 0.2578125 0.4421875 0.025 0.03125
0 0.90625 0.1359375 0.028125 0.03125
0 0.2859375 0.421875 0.025 0.01875
0 0.4390625 0.55625 0.025 0.01875
0 0.4359375 0.5421875 0.021875 0.021875
0 0.4328125 0.715625 0.025 0.01875
0 0.9875 0.3 0.021875 0.028125
0 0.8328125 0.0640625 0.021875 0.021875
0 0.484375 0.7765625 0.01875 0.015625
0 0.7703125 0.5671875 0.021875 0.015625
0 0.8796875 0.546875 0.015625 0.01875
0 0.9171875 0.59375 0.01875 0.015625
0 0.771875 0.753125 0.01875 0.021875
