0 0.74375 0.8203125 0.040625 0.04375
0 0.5546875 0.7453125 0.028125 0.034375
0 0.5671875 0.778125 0.028125 0.025
0 0.5859375 0.74375 0.021875 0.025
0 0.6125 0.6984375 0.04375 0.046875
0 0.503125 0.7171875 0.028125 0.028125
0 0.521875 0.6765625 0.0375 0.03125
0 0.5140625 0.4484375 0.040625 0.0375
0 0.334375 0.39375 0.04375 0.0375
0 0.7734375 0.271875 0.034375 0.040625
0 0.796875 0.746875 0.053125 0.04375
0 0.321875 0.81875 0.028125 0.028125
0 0.403125 0.8328125 0.01875 0.015625
0 0.4125 0.7875 0.025 0.025
0 0.3625 0.6734375 0.028125 0.021875
0 0.109375 0.5546875 0.046875 0.0375
0 0.234375 0.80625 0.0375 0.028125
0 0.9203125 0.425 0.034375 0.034375
0 0.2703125 0.771875 0.025 0.028125
0 0.0171875 0.7890625 0.0125 0.015625
0 0.028125 0.7859375 0.01875 0.0125
0 0.1046875 0.7375 0.021875 0.021875
0 0.0890625 0.434375 0.034375 0.034375
0 0.2828125 0.7296875 0.01875 0.025
0 0.359375 0.7296875 0.025 0.025
0 0.290625 0.8 0.028125 0.015625
0 0.3046875 0.7734375 0.034375 0.03125
0 0.2421875 0.621875 0.040625 0.034375
0 0.99140625 0.553125 0.0171875 0.03125
0 0.1484375 0.75 0.025 0.015625
0 0.165625 0.7609375 0.01875 0.0125
0 0.1578125 0.690625 0.028125 0.025
0 0.196875 0.7140625 0.0375 0.028125
0 0.378125 0.79375 0.03125 0.025
0 0.2703125 0.4546875 0.03125 0.028125
0 0.459375 0.83125 0.021875 0.01875
0 0.48125 0.8140625 0.01875 0.015625
0 0.5046875 0.79375 0.028125 0.021875
0 0.034375 0.7109375 0.03125 0.021875
0 0.1109375 0.3921875 0.0375 0.034375
0 0.3890625 0.6671875 0.021875 0.021875
0 0.7125 0.7703125 0.03125 0.025
0 0.7578125 0.728125 0.03125 0.021875
0 0.3109375 0.9359375 0.028125 0.025
0 0.2921875 0.878125 0.028125 0.025
0 0.0578125 0.8421875 0.01875 0.0125
0 0.06875 0.80625 0.021875 0.0125
0 0.1515625 0.7890625 0.01875 0.01875
0 0.178125 0.7765625 0.021875 0.01875
0 0.0515625 0.6515625 0.015625 0.015625
0 0.15625 0.6 0.025 0.025
0 0.1015625 0.6625 0.01875 0.021875
0 0.65625 0.3140625 0.040625 0.01875
0 0.153125 0.5453125 0.028125 0.01875
