0 0.884375 0.446875 0.04375 0.040625
0 0.74375 0.0703125 0.040625 0.04375
0 0.8546875 0.353125 0.04375 0.04375
0 0.5546875 0.00625 0.028125 0.0125
0 0.5671875 0.028125 0.028125 0.025
0 0.5859375 0.003125 0.021875 0.00625
0 0.984375 0.515625 0.03125 0.028125
0 0.796875 0.009375 0.053125 0.01875
0 0.321875 0.06875 0.028125 0.028125
0 0.403125 0.0828125 0.01875 0.015625
0 0.4125 0.0375 0.025 0.025
0 0.234375 0.05625 0.0375 0.028125
0 0.2703125 0.021875 0.025 0.028125
0 0.0171875 0.0390625 0.0125 0.015625
0 0.028125 0.0359375 0.01875 0.0125
0 0.290625 0.05 0.028125 0.015625
0 0.3046875 0.0234375 0.034375 0.03125
0 0.1484375 0.00390625 0.025 0.0078125
0 0.165625 0.0109375 0.01875 0.0125
0 0.378125 0.04375 0.03125 0.025
0 0.459375 0.08125 0.021875 0.01875
0 0.915625 0.409375 0.040625 0.034375
0 0.48125 0.0640625 0.01875 0.015625
0 0.5046875 0.04375 0.028125 0.021875
0 0.7125 0.0203125 0.03125 0.025
0 0.3109375 0.1859375 0.028125 0.025
0 0.2921875 0.128125 0.028125 0.025
0 0.0578125 0.0921875 0.01875 0.0125
0 0.06875 0.05625 0.021875 0.0125
0 0.1515625 0.0390625 0.01875 0.01875
0 0.178125 0.0265625 0.021875 0.01875
