0 0.759375 0.78125 0.05 0.046875
0 0.5515625 0.8625 0.046875 0.046875
0 0.68125 0.803125 0.0375 0.040625
0 0.5953125 0.76875 0.05 0.05
0 0.8234375 0.634375 0.046875 0.053125
0 0.834375 0.8 0.0375 0.040625
0 0.6578125 0.5078125 0.03125 0.034375
0 0.4 0.6203125 0.046875 0.046875
0 0.3453125 0.859375 0.0375 0.028125
0 0.428125 0.8484375 0.028125 0.03125
0 0.446875 0.834375 0.03125 0.034375
0 0.465625 0.6625 0.053125 0.04375
0 0.9921875 0.5984375 0.015625 0.028125
0 0.75625 0.58125 0.03125 0.0375
0 0.490625 0.8640625 0.05 0.040625
0 0.6296875 0.6890625 0.034375 0.04375
0 0.73125 0.6078125 0.034375 0.0375
0 0.8921875 0.9484375 0.021875 0.015625
0 0.921875 0.9359375 0.046875 0.046875
0 0.871875 0.9203125 0.01875 0.021875
0 0.8921875 0.8546875 0.03125 0.03125
0 0.859375 0.7390625 0.04375 0.0375
0 0.653125 0.7265625 0.0375 0.034375
0 0.68125 0.628125 0.03125 0.0375
0 0.8828125 0.6015625 0.03125 0.03125
0 0.25 0.66875 0.028125 0.025
0 0.8734375 0.7828125 0.025 0.034375
0 0.903125 0.796875 0.0375 0.0375
0 0.0515625 0.6109375 0.021875 0.01875
0 0.4359375 0.44375 0.040625 0.03125
0 0.9359375 0.4859375 0.0375 0.025
0 0.9265625 0.8640625 0.01875 0.021875
0 0.953125 0.9734375 0.021875 0.040625
