0 0.490625 0.171875 0.028125 0.04375
0 0.5203125 0.1703125 0.0375 0.05
0 0.7390625 0.0265625 0.040625 0.0375
0 0.2703125 0.1359375 0.04375 0.04375
0 0.54375 0.2078125 0.040625 0.034375
0 0.0171875 0.1984375 0.021875 0.015625
0 0.046875 0.1859375 0.046875 0.046875
0 0.003125 0.1703125 0.00625 0.021875
0 0.0171875 0.1046875 0.03125 0.03125
0 0.515625 0.2828125 0.03125 0.021875
0 0.540625 0.259375 0.0375 0.0375
0 0.403125 0.228125 0.05625 0.040625
0 0.00546875 0.0328125 0.0109375 0.034375
0 0.028125 0.046875 0.0375 0.0375
0 0.0515625 0.1140625 0.01875 0.021875
0 0.19375 0.0078125 0.028125 0.015625
0 0.5609375 0.096875 0.03125 0.025
0 0.078125 0.2234375 0.021875 0.040625
0 0.2578125 0.0203125 0.021875 0.0375
