0 0.015625 0.446875 0.03125 0.040625
0 0.2140625 0.3515625 0.046875 0.04375
0 0.80625 0.165625 0.0375 0.034375
0 0.4 0.0265625 0.040625 0.04375
0 0.5265625 0.2421875 0.021875 0.01875
0 0.5796875 0.1984375 0.034375 0.03125
0 0.1109375 0.515625 0.034375 0.028125
0 0.6453125 0.4015625 0.03125 0.028125
0 0.4125 0.071875 0.04375 0.034375
0 0.3921875 0.1453125 0.03125 0.03125
0 0.24375 0.171875 0.0375 0.0375
0 0.5234375 0.18125 0.03125 0.028125
0 0.68125 0.2421875 0.03125 0.028125
0 0.421875 0.1625 0.025 0.025
0 0.3953125 0.0921875 0.034375 0.025
0 0.9234375 0.05625 0.0125 0.01875
0 0.5375 0.2078125 0.034375 0.025
0 0.040625 0.409375 0.040625 0.034375
0 0.4828125 0.240625 0.025 0.021875
0 0.8859375 0.034375 0.03125 0.03125
0 0.65 0.0953125 0.03125 0.025
0 0.5484375 0.1765625 0.03125 0.028125
0 0.6859375 0.0125 0.025 0.025
0 0.5015625 0.14375 0.03125 0.028125
0 0.9390625 0.059375 0.015625 0.01875
0 0.81875 0.0984375 0.01875 0.021875
