0 0.190625 0.8796875 0.034375 0.0375
0 0.2640625 0.709375 0.04375 0.04375
0 0.63125 0.1859375 0.01875 0.025
0 0.65625 0.190625 0.0375 0.028125
0 0.6703125 0.3625 0.040625 0.034375
0 0.709375 0.725 0.0375 0.034375
0 0.5515625 0.103125 0.034375 0.028125
0 0.234375 0.8375 0.0375 0.034375
0 0.496875 0.1609375 0.0375 0.04375
0 0.109375 0.428125 0.040625 0.034375
0 0.5421875 0.1828125 0.040625 0.034375
0 0.665625 0.7921875 0.034375 0.03125
0 0.484375 0.6140625 0.040625 0.0375
0 0.54375 0.696875 0.0375 0.034375
0 0.665625 0.56875 0.034375 0.0375
0 0.2296875 0.1921875 0.034375 0.034375
0 0.625 0.4453125 0.01875 0.028125
0 0.7484375 0.4328125 0.028125 0.034375
0 0.765625 0.4453125 0.034375 0.034375
0 0.6296875 0.678125 0.025 0.021875
0 0.640625 0.634375 0.040625 0.034375
0 0.4421875 0.24375 0.03125 0.034375
0 0.6140625 0.5875 0.025 0.03125
0 0.7734375 0.2890625 0.028125 0.025
0 0.078125 0.7703125 0.028125 0.028125
0 0.6921875 0.25625 0.03125 0.034375
0 0.04375 0.7421875 0.03125 0.028125
0 0.440625 0.5671875 0.0375 0.0375
0 0.065625 0.45 0.040625 0.03125
0 0.1015625 0.51875 0.0375 0.01875
0 0.13125 0.5625 0.034375 0.03125
0 0.1703125 0.521875 0.034375 0.025
0 0.740625 0.765625 0.034375 0.028125
0 0.6296875 0.5578125 0.034375 0.034375
0 0.496875 0.6734375 0.021875 0.01875
0 0.5671875 0.6828125 0.03125 0.028125
0 0.4421875 0.4328125 0.028125 0.028125
0 0.4671875 0.415625 0.034375 0.0375
0 0.6140625 0.2625 0.03125 0.028125
0 0.1796875 0.1953125 0.021875 0.03125
0 0.275 0.809375 0.034375 0.034375
0 0.6359375 0.7296875 0.028125 0.03125
0 0.9859375 0.50625 0.025 0.028125
0 0.7140625 0.365625 0.0375 0.03125
0 0.175 0.465625 0.03125 0.034375
0 0.134375 0.5046875 0.028125 0.03125
0 0.7703125 0.6734375 0.0375 0.03125
0 0.7765625 0.746875 0.040625 0.034375
0 0.284375 0.9015625 0.03125 0.025
0 0.1078125 0.16875 0.03125 0.03125
0 0.8125 0.7109375 0.0375 0.03125
0 0.4015625 0.2265625 0.028125 0.028125
0 0.9671875 0.640625 0.03125 0.025
0 0.21875 0.8140625 0.021875 0.021875
0 0.4328125 0.2796875 0.025 0.021875
0 0.4703125 0.246875 0.01875 0.025
0 0.9921875 0.559375 0.0125 0.015625
0 0.9625 0.396875 0.01875 0.0125
0 0.5453125 0.66875 0.021875 0.01875
