0 0.5421875 0.721875 0.046875 0.05
0 0.58125 0.4421875 0.05 0.046875
0 0.9125 0.8015625 0.05 0.046875
0 0.7609375 0.6421875 0.040625 0.040625
0 0.740625 0.946875 0.03125 0.03125
0 0.6703125 0.5859375 0.040625 0.0375
0 0.6203125 0.65625 0.04375 0.046875
0 0.93125 0.99609375 0.028125 0.0078125
0 0.34375 0.8140625 0.0375 0.04375
0 0.35625 0.946875 0.03125 0.03125
0 0.0875 0.2390625 0.03125 0.034375
0 0.665625 0.6515625 0.040625 0.040625
0 0.4984375 0.859375 0.03125 0.021875
0 0.7171875 0.4265625 0.05 0.046875
0 0.2296875 0.3140625 0.0375 0.034375
0 0.321875 0.9328125 0.025 0.03125
0 0.290625 0.884375 0.021875 0.021875
0 0.9328125 0.4734375 0.034375 0.059375
0 0.4125 0.2 0.03125 0.03125
0 0.353125 0.25625 0.04375 0.04375
0 0.053125 0.7671875 0.01875 0.01875
0 0.859375 0.3390625 0.03125 0.03125
0 0.8515625 0.178125 0.025 0.025
0 0.5171875 0.8828125 0.015625 0.01875
0 0.4890625 0.8390625 0.028125 0.015625
0 0.5015625 0.8171875 0.03125 0.025
0 0.534375 0.78125 0.01875 0.021875
0 0.278125 0.865625 0.0125 0.01875
0 0.31875 0.88125 0.01875 0.021875
0 0.275 0.815625 0.021875 0.01875
0 0.0546875 0.7328125 0.028125 0.01875
0 0.0296875 0.7234375 0.01875 0.015625
0 0.0359375 0.709375 0.025 0.021875
0 0.9734375 0.99765625 0.028125 0.0046875
0 0.9609375 0.98125 0.028125 0.028125
0 0.9875 0.9796875 0.025 0.025
0 0.95625 0.9296875 0.028125 0.028125
0 0.7984375 0.640625 0.03125 0.01875
0 0.696875 0.559375 0.028125 0.015625
0 0.915625 0.5171875 0.0125 0.0125
0 0.2640625 0.33125 0.015625 0.025
0 0.4671875 0.6375 0.04375 0.015625
0 0.025 0.3359375 0.025 0.01875
0 0.9734375 0.728125 0.0375 0.025
0 0.6609375 0.503125 0.03125 0.028125
0 0.3703125 0.5953125 0.021875 0.015625
0 0.428125 0.5421875 0.01875 0.01875
0 0.35625 0.3703125 0.015625 0.01875
0 0.303125 0.4140625 0.015625 0.0125
0 0.234375 0.61875 0.021875 0.015625
0 0.040625 0.659375 0.015625 0.015625
0 0.80625 0.3125 0.01875 0.0125
0 0.440625 0.6265625 0.0125 0.01875
