0 0.703125 0.665625 0.0125 0.0375
0 0.728125 0.6765625 0.0375 0.0375
0 0.80625 0.915625 0.0375 0.034375
0 0.3125 0.675 0.0375 0.0375
0 0.4 0.7765625 0.040625 0.04375
0 0.6 0.1984375 0.034375 0.028125
0 0.5265625 0.99140625 0.021875 0.0171875
0 0.5796875 0.9484375 0.034375 0.03125
0 0.6390625 0.4859375 0.040625 0.040625
0 0.7078125 0.203125 0.03125 0.03125
0 0.4125 0.821875 0.04375 0.034375
0 0.3921875 0.8953125 0.03125 0.03125
0 0.765625 0.5484375 0.03125 0.028125
0 0.509375 0.5 0.028125 0.03125
0 0.5359375 0.48125 0.0375 0.0375
0 0.0453125 0.425 0.034375 0.034375
0 0.6625 0.575 0.0125 0.025
0 0.728125 0.528125 0.0375 0.034375
0 0.553125 0.51875 0.04375 0.0375
0 0.24375 0.921875 0.0375 0.0375
0 0.5234375 0.93125 0.03125 0.028125
0 0.1265625 0.553125 0.0375 0.03125
0 0.68125 0.9890625 0.03125 0.021875
0 0.40625 0.7 0.040625 0.034375
0 0.421875 0.9125 0.025 0.025
0 0.3953125 0.8421875 0.034375 0.025
0 0.9234375 0.80625 0.0125 0.01875
0 0.5375 0.9578125 0.034375 0.025
0 0.4828125 0.98984375 0.025 0.0203125
0 0.8859375 0.784375 0.03125 0.03125
0 0.65 0.8453125 0.03125 0.025
0 0.4046875 0.7 0.034375 0.03125
0 0.796875 0.61875 0.034375 0.03125
0 0.5484375 0.9265625 0.03125 0.028125
0 0.4890625 0.628125 0.028125 0.028125
0 0.5265625 0.6203125 0.034375 0.021875
0 0.6859375 0.7625 0.025 0.025
0 0.5015625 0.89375 0.03125 0.028125
0 0.9390625 0.809375 0.015625 0.01875
0 0.8859375 0.5015625 0.040625 0.021875
0 0.4703125 0.4390625 0.03125 0.03125
0 0.81875 0.8484375 0.01875 0.021875
