0 0.9375 0.24375 0.0375 0.0375
0 0.3265625 0.9859375 0.040625 0.028125
0 0.5796875 0.70625 0.034375 0.0375
0 0.6890625 0.290625 0.015625 0.025
0 0.7140625 0.29375 0.03125 0.025
0 0.8921875 0.2421875 0.03125 0.025
0 0.6421875 0.80625 0.03125 0.03125
0 0.5421875 0.80625 0.040625 0.03125
0 0.60625 0.2921875 0.025 0.034375
0 0.7859375 0.3671875 0.034375 0.025
0 0.5125 0.640625 0.040625 0.0375
0 0.875 0.4140625 0.025 0.025
0 0.334375 0.946875 0.03125 0.034375
0 0.7421875 0.628125 0.028125 0.0375
0 0.98125 0.3390625 0.021875 0.025
0 0.5359375 0.8890625 0.028125 0.028125
0 0.6109375 0.7515625 0.0375 0.0375
0 0.6328125 0.325 0.03125 0.03125
0 0.6734375 0.3234375 0.025 0.03125
0 0.465625 0.8984375 0.03125 0.034375
0 0.88125 0.9546875 0.028125 0.03125
0 0.7625 0.36875 0.03125 0.028125
0 0.00625 0.73125 0.0125 0.01875
0 0.0875 0.4515625 0.0125 0.015625
0 0.6453125 0.4171875 0.01875 0.0125
0 0.021875 0.7234375 0.015625 0.0125
0 0.0046875 0.6671875 0.009375 0.0125
0 0.0828125 0.68125 0.015625 0.015625
0 0.128125 0.7640625 0.015625 0.015625
0 0.115625 0.590625 0.015625 0.01875
0 0.153125 0.565625 0.01875 0.015625
0 0.05 0.5625 0.01875 0.015625
0 0.0625 0.50625 0.021875 0.01875
0 0.1015625 0.4578125 0.0125 0.01875
0 0.0390625 0.346875 0.015625 0.015625
0 0.209375 0.4234375 0.021875 0.028125
0 0.3078125 0.6515625 0.015625 0.01875
0 0.7234375 0.59375 0.021875 0.01875
0 0.9 0.409375 0.025 0.025
0 0.75625 0.190625 0.028125 0.028125
0 0.6640625 0.4078125 0.021875 0.0125
0 0.621875 0.3921875 0.01875 0.021875
