0 0.9125 0.0515625 0.05 0.046875
0 0.740625 0.196875 0.03125 0.03125
0 0.93125 0.2578125 0.028125 0.03125
0 0.34375 0.0640625 0.0375 0.04375
0 0.35625 0.196875 0.03125 0.03125
0 0.4984375 0.109375 0.03125 0.021875
0 0.321875 0.1828125 0.025 0.03125
0 0.290625 0.134375 0.021875 0.021875
0 0.9890625 0.3 0.021875 0.028125
0 0.053125 0.0171875 0.01875 0.01875
0 0.5171875 0.1328125 0.015625 0.01875
0 0.4890625 0.0890625 0.028125 0.015625
0 0.5015625 0.0671875 0.03125 0.025
0 0.534375 0.03125 0.01875 0.021875
0 0.278125 0.115625 0.0125 0.01875
0 0.31875 0.13125 0.01875 0.021875
0 0.275 0.065625 0.021875 0.01875
0 0.9734375 0.2578125 0.028125 0.025
0 0.9609375 0.23125 0.028125 0.028125
0 0.9984375 0.2609375 0.003125 0.025
0 0.9875 0.2296875 0.025 0.025
0 0.95625 0.1796875 0.028125 0.028125
