0 0.6125 0.1765625 0.0375 0.034375
0 0.30625 0.215625 0.04375 0.05625
0 0.65625 0.49375 0.046875 0.059375
0 0.490625 0.921875 0.028125 0.04375
0 0.5203125 0.9203125 0.0375 0.05
0 0.7390625 0.7765625 0.040625 0.0375
0 0.2703125 0.8859375 0.04375 0.04375
0 0.79375 0.1328125 0.03125 0.025
0 0.1265625 0.5984375 0.034375 0.028125
0 0.54375 0.9578125 0.040625 0.034375
0 0.0171875 0.9484375 0.021875 0.015625
0 0.046875 0.9359375 0.046875 0.046875
0 0.003125 0.9203125 0.00625 0.021875
0 0.0171875 0.8546875 0.03125 0.03125
0 0.003125 0.7390625 0.00625 0.0375
0 0.540625 0.9953125 0.0375 0.009375
0 0.725 0.303125 0.0375 0.03125
0 0.01171875 0.6015625 0.0234375 0.03125
0 0.709375 0.709375 0.034375 0.0375
0 0.403125 0.978125 0.05625 0.040625
0 0.00546875 0.7828125 0.0109375 0.034375
0 0.028125 0.796875 0.0375 0.0375
0 0.80625 0.615625 0.021875 0.021875
0 0.7515625 0.365625 0.03125 0.021875
0 0.1390625 0.5671875 0.03125 0.028125
0 0.3359375 0.190625 0.0375 0.040625
0 0.0609375 0.4859375 0.0375 0.025
0 0.965625 0.540625 0.025 0.009375
0 0.9671875 0.521875 0.025 0.021875
0 0.9859375 0.5375 0.025 0.01875
0 0.0515625 0.8640625 0.01875 0.021875
0 0.19375 0.753125 0.028125 0.025
0 0.34375 0.7296875 0.025 0.021875
0 0.5609375 0.846875 0.03125 0.025
0 0.078125 0.9734375 0.021875 0.040625
0 0.2578125 0.7703125 0.021875 0.0375
