0 0.8375 0.071875 0.040625 0.040625
0 0.6171875 0.2328125 0.040625 0.053125
0 0.875 0.10625 0.046875 0.040625
0 0.4171875 0.4578125 0.05 0.0375
0 0.9765625 0.02109375 0.04375 0.0421875
0 0.8453125 0.0140625 0.034375 0.028125
0 0.8078125 0.021875 0.04375 0.0375
0 0.5453125 0.9734375 0.034375 0.040625
0 0.3828125 0.8625 0.046875 0.04375
0 0.6640625 0.93125 0.05 0.040625
0 0.29375 0.2125 0.04375 0.03125
0 0.1015625 0.2921875 0.0375 0.0375
0 0.315625 0.303125 0.059375 0.05625
0 0.6734375 0.196875 0.040625 0.0375
0 0.671875 0.990625 0.040625 0.01875
0 0.975 0.0859375 0.04375 0.040625
0 0.99609375 0.053125 0.0078125 0.0375
0 0.7171875 0.66875 0.034375 0.0375
0 0.05 0.3859375 0.021875 0.01875
0 0.1359375 0.3140625 0.0375 0.034375
0 0.73125 0.578125 0.034375 0.040625
0 0.03125 0.4515625 0.015625 0.015625
0 0.009375 0.49375 0.01875 0.025
0 0.1046875 0.3375 0.01875 0.015625
0 0.43125 0.8640625 0.0375 0.040625
0 0.04375 0.2671875 0.01875 0.01875
0 0.0875 0.5234375 0.028125 0.021875
0 0.1265625 0.20625 0.028125 0.025
0 0.9515625 0.06875 0.021875 0.01875
0 0.0609375 0.271875 0.01875 0.0125
0 0.05 0.4421875 0.01875 0.015625
0 0.0734375 0.459375 0.015625 0.0125
0 0.0640625 0.425 0.01875 0.015625
0 0.109375 0.440625 0.015625 0.015625
0 0.0203125 0.515625 0.01875 0.0125
0 0.0421875 0.06875 0.015625 0.015625
0 0.425 0.49375 0.040625 0.025
0 0.5890625 0.746875 0.015625 0.0125
