0 0.6625 0.6453125 0.053125 0.04375
0 0.7484375 0.7203125 0.04375 0.04375
0 0.84375 0.4765625 0.053125 0.04375
0 0.98203125 0.5609375 0.0359375 0.046875
0 0.54375 0.175 0.05 0.05
0 0.5125 0.71875 0.040625 0.040625
0 0.328125 0.5109375 0.04375 0.040625
0 0.446875 0.084375 0.034375 0.03125
0 0.55 0.725 0.03125 0.034375
0 0.621875 0.553125 0.040625 0.05
0 0.3015625 0.41875 0.04375 0.040625
0 0.2421875 0.5859375 0.0375 0.0375
0 0.79375 0.715625 0.04375 0.034375
0 0.8328125 0.5359375 0.03125 0.04375
0 0.3203125 0.6015625 0.05 0.04375
0 0.778125 0.54375 0.03125 0.028125
0 0.934375 0.3203125 0.03125 0.04375
0 0.1578125 0.45625 0.0375 0.0375
0 0.365625 0.4890625 0.04375 0.04375
0 0.3578125 0.328125 0.04375 0.046875
0 0.578125 0.6265625 0.03125 0.03125
0 0.359375 0.578125 0.034375 0.03125
0 0.6890625 0.2203125 0.028125 0.040625
0 0.3859375 0.5875 0.034375 0.034375
0 0.5390625 0.1078125 0.040625 0.028125
0 0.7078125 0.6234375 0.028125 0.0625
0 0.884375 0.690625 0.028125 0.028125
0 0.9578125 0.5296875 0.009375 0.021875
0 0.9375 0.75625 0.0125 0.01875
0 0.7421875 0.6390625 0.015625 0.025
0 0.2609375 0.5625 0.01875 0.025
0 0.403125 0.44375 0.034375 0.028125
0 0.103125 0.49375 0.021875 0.01875
0 0.0625 0.6171875 0.01875 0.021875
0 0.5140625 0.253125 0.01875 0.01875
0 0.178125 0.228125 0.0125 0.0125
0 0.534375 0.384375 0.021875 0.025
0 0.2515625 0.2796875 0.01875 0.034375
0 0.6171875 0.603125 0.01875 0.028125
0 0.2234375 0.5046875 0.040625 0.015625
