0 0.346875 0.5984375 0.03125 0.021875
0 0.409375 0.4734375 0.034375 0.040625
0 0.4578125 0.4234375 0.025 0.025
0 0.834375 0.3765625 0.0375 0.034375
0 0.5484375 0.5375 0.03125 0.034375
0 0.58125 0.575 0.0375 0.03125
0 0.93125 0.453125 0.034375 0.0375
0 0.7890625 0.5890625 0.034375 0.025
0 0.778125 0.7578125 0.03125 0.03125
0 0.565625 0.8046875 0.0375 0.03125
0 0.1859375 0.4609375 0.01875 0.015625
0 0.1984375 0.4359375 0.025 0.025
0 0.4859375 0.6453125 0.034375 0.028125
0 0.6234375 0.471875 0.028125 0.0375
0 0.9015625 0.28125 0.025 0.028125
0 0.5109375 0.6640625 0.028125 0.028125
0 0.365625 0.53125 0.021875 0.01875
0 0.871875 0.821875 0.028125 0.021875
0 0.528125 0.778125 0.021875 0.028125
0 0.178125 0.4171875 0.025 0.01875
0 0.1078125 0.4953125 0.01875 0.0125
0 0.1015625 0.478125 0.015625 0.015625
0 0.1125 0.4609375 0.01875 0.015625
0 0.128125 0.5 0.01875 0.0125
0 0.165625 0.528125 0.01875 0.0125
0 0.3859375 0.5234375 0.03125 0.028125
0 0.4421875 0.51875 0.01875 0.0125
0 0.4796875 0.5015625 0.01875 0.0125
0 0.6671875 0.00234375 0.034375 0.0046875
0 0.7 0.621875 0.021875 0.01875
0 0.88125 0.4203125 0.021875 0.021875
0 0.8703125 0.246875 0.025 0.025
0 0.7875 0.45625 0.021875 0.015625
0 0.5953125 0.6640625 0.021875 0.015625
