0 0.1125 0.5609375 0.046875 0.046875
0 0.434375 0.4640625 0.0375 0.03125
0 0.2046875 0.40625 0.0375 0.04375
0 0.7203125 0.215625 0.0375 0.034375
0 0.478125 0.6515625 0.01875 0.015625
0 0.5125 0.6328125 0.040625 0.040625
0 0.1734375 0.2203125 0.040625 0.05
0 0.1796875 0.509375 0.04375 0.040625
0 0.4234375 0.6796875 0.034375 0.034375
0 0.2078125 0.034375 0.0375 0.034375
0 0.6328125 0.7890625 0.028125 0.025
0 0.215625 0.7109375 0.040625 0.0375
0 0.621875 0.3328125 0.03125 0.034375
0 0.20625 0.259375 0.025 0.034375
0 0.703125 0.6953125 0.03125 0.028125
0 0.425 0.7578125 0.025 0.021875
0 0.5 0.7625 0.01875 0.01875
0 0.490625 0.74375 0.025 0.01875
0 0.4921875 0.70625 0.03125 0.034375
0 0.6765625 0.5421875 0.028125 0.028125
0 0.059375 0.3203125 0.03125 0.04375
0 0.678125 0.6984375 0.021875 0.021875
0 0.56875 0.796875 0.034375 0.028125
0 0.715625 0.4921875 0.0375 0.03125
0 0.7046875 0.44375 0.025 0.034375
0 0.4546875 0.7734375 0.021875 0.028125
0 0.4625 0.7171875 0.028125 0.021875
0 0.671875 0.4921875 0.03125 0.028125
0 0.1734375 0.6953125 0.03125 0.028125
0 0.6953125 0.5984375 0.028125 0.025
0 0.8859375 0.640625 0.01875 0.01875
0 0.8640625 0.5828125 0.021875 0.021875
0 0.6015625 0.8015625 0.021875 0.028125
0 0.715625 0.528125 0.028125 0.021875
0 0.7484375 0.521875 0.021875 0.0375
0 0.01171875 0.690625 0.0234375 0.028125
0 0.2578125 0.7375 0.028125 0.025
0 0.2359375 0.715625 0.015625 0.03125
0 0.2515625 0.6875 0.028125 0.034375
0 0.5203125 0.759375 0.028125 0.015625
0 0.821875 0.459375 0.0125 0.01875
0 0.878125 0.5328125 0.0125 0.009375
0 0.875 0.5078125 0.0125 0.009375
0 0.9203125 0.5484375 0.015625 0.009375
0 0.9296875 0.5640625 0.0125 0.0125
0 0.940625 0.5265625 0.015625 0.015625
0 0.971875 0.6265625 0.0125 0.0125
0 0.946875 0.6140625 0.0125 0.009375
0 0.9953125 0.5609375 0.00625 0.021875
0 0.4484375 0.696875 0.03125 0.015625
0 0.340625 0.71875 0.028125 0.025
0 0.0828125 0.5296875 0.009375 0.021875
0 0.0625 0.75625 0.0125 0.01875
0 0.615625 0.765625 0.03125 0.015625
