0 0.071875 0.746875 0.13125 0.1125
0 0.02265625 0.646875 0.0453125 0.096875
0 0.040625 0.3296875 0.075 0.06875
0 0.7515625 0.8609375 0.040625 0.05625
0 0.6328125 0.4875 0.06875 0.05625
0 0.7203125 0.7328125 0.03125 0.04375
0 0.746875 0.7578125 0.05 0.04375
0 0.99765625 0.8703125 0.0046875 0.028125
0 0.9140625 0.6484375 0.034375 0.025
0 0.8 0.584375 0.034375 0.040625
0 0.95625 0.4109375 0.0375 0.01875
0 0.98671875 0.5671875 0.0265625 0.03125
0 0.840625 0.446875 0.034375 0.03125
0 0.4609375 0.425 0.084375 0.06875
