0 0.384375 0.334375 0.034375 0.0375
0 0.6953125 0.425 0.025 0.028125
0 0.6 0.3265625 0.03125 0.028125
0 0.21875 0.0140625 0.03125 0.028125
0 0.6703125 0.5625 0.025 0.025
0 0.5765625 0.575 0.03125 0.03125
0 0.621875 0.225 0.03125 0.03125
0 0.6015625 0.665625 0.03125 0.03125
0 0.4796875 0.4953125 0.0375 0.028125
0 0.5265625 0.440625 0.0375 0.0375
0 0.05625 0.453125 0.034375 0.0375
0 0.5140625 0.70625 0.028125 0.028125
0 0.271875 0.59375 0.025 0.03125
0 0.8328125 0.4734375 0.0125 0.0125
0 0.8875 0.484375 0.01875 0.015625
0 0.540625 0.55625 0.03125 0.028125
0 0.0265625 0.28125 0.025 0.028125
0 0.3859375 0.7046875 0.021875 0.015625
0 0.4078125 0.69375 0.03125 0.025
0 0.1484375 0.3671875 0.03125 0.034375
0 0.35 0.6609375 0.028125 0.03125
0 0.8296875 0.5203125 0.015625 0.0125
0 0.2578125 0.7703125 0.025 0.021875
0 0.00546875 0.821875 0.0109375 0.021875
0 0.00859375 0.4203125 0.0171875 0.021875
0 0.00390625 0.246875 0.0078125 0.025
0 0.3046875 0.54375 0.025 0.028125
0 0.3 0.5171875 0.034375 0.015625
0 0.6109375 0.346875 0.009375 0.01875
0 0.6734375 0.6625 0.01875 0.025
0 0.71875 0.4375 0.021875 0.028125
0 0.8125 0.3796875 0.0125 0.0125
0 0.815625 0.465625 0.015625 0.0125
0 0.825 0.4328125 0.015625 0.015625
0 0.8453125 0.4015625 0.015625 0.0125
0 0.834375 0.459375 0.0125 0.015625
0 0.8734375 0.44375 0.021875 0.0125
0 0.8671875 0.4296875 0.0125 0.0125
0 0.865625 0.3953125 0.0125 0.015625
0 0.8796875 0.3921875 0.0125 0.015625
0 0.8671875 0.5640625 0.01875 0.01875
0 0.909375 0.5671875 0.021875 0.015625
0 0.9625 0.5015625 0.015625 0.0125
0 0.9765625 0.603125 0.01875 0.015625
0 0.521875 0.478125 0.0125 0.015625
0 0.528125 0.734375 0.021875 0.0125
0 0.384375 0.015625 0.01875 0.021875
0 0.5046875 0.175 0.0125 0.01875
0 0.3765625 0.671875 0.021875 0.021875
