0 0.5515625 0.434375 0.04375 0.053125
0 0.4578125 0.734375 0.046875 0.04375
0 0.2703125 0.278125 0.04375 0.04375
0 0.1515625 0.578125 0.03125 0.040625
0 0.2984375 0.4125 0.03125 0.04375
0 0.325 0.4890625 0.040625 0.040625
0 0.4359375 0.5859375 0.04375 0.04375
0 0.61875 0.3015625 0.053125 0.059375
0 0.0171875 0.6046875 0.034375 0.0375
0 0.7578125 0.884375 0.034375 0.03125
0 0.2546875 0.0078125 0.040625 0.015625
0 0.4703125 0.775 0.046875 0.040625
0 0.0234375 0.9484375 0.025 0.0375
0 0.0703125 0.953125 0.028125 0.0375
0 0.234375 0.4890625 0.034375 0.034375
0 0.7046875 0.5046875 0.040625 0.034375
0 0.0515625 0.6484375 0.028125 0.028125
0 0.3359375 0.834375 0.03125 0.03125
0 0.7078125 0.8703125 0.025 0.028125
0 0.496875 0.634375 0.040625 0.040625
0 0.534375 0.7109375 0.040625 0.046875
0 0.2890625 0.634375 0.028125 0.0375
0 0.4375 0.7578125 0.0375 0.0375
0 0.3515625 0.4765625 0.03125 0.021875
0 0.5 0.56875 0.046875 0.0375
0 0.0359375 0.4296875 0.025 0.028125
0 0.0484375 0.9609375 0.034375 0.028125
0 0.928125 0.5484375 0.028125 0.021875
0 0.0171875 0.646875 0.03125 0.025
0 0.18125 0.684375 0.028125 0.0375
0 0.73125 0.85625 0.025 0.021875
0 0.39375 0.303125 0.034375 0.025
0 0.621875 0.8375 0.028125 0.025
0 0.353125 0.3734375 0.0375 0.040625
0 0.5828125 0.9 0.021875 0.025
0 0.2296875 0.8578125 0.028125 0.0375
0 0.4921875 0.2984375 0.0375 0.03125
0 0.746875 0.1609375 0.01875 0.01875
