0 0.1109375 0.496875 0.0375 0.0375
0 0.478125 0.975 0.046875 0.04375
0 0.7078125 0.690625 0.0375 0.034375
0 0.059375 0.5453125 0.03125 0.028125
0 0.2875 0.7265625 0.034375 0.0375
0 0.353125 0.41875 0.040625 0.040625
0 0.3265625 0.7265625 0.0375 0.03125
0 0.6234375 0.6390625 0.053125 0.059375
0 0.4828125 0.8171875 0.03125 0.034375
0 0.490625 0.375 0.034375 0.03125
0 0.7609375 0.809375 0.0375 0.034375
0 0.3265625 0.828125 0.03125 0.025
0 0.6453125 0.8046875 0.03125 0.03125
0 0.425 0.8078125 0.034375 0.0375
0 0.39375 0.809375 0.034375 0.034375
0 0.8 0.80625 0.03125 0.03125
0 0.54375 0.965625 0.0375 0.034375
0 0.30625 0.3453125 0.040625 0.040625
0 0.859375 0.61875 0.040625 0.028125
0 0.3453125 0.471875 0.01875 0.03125
0 0.415625 0.8765625 0.040625 0.040625
0 0.61875 0.515625 0.040625 0.046875
0 0.6609375 0.6828125 0.034375 0.03125
0 0.3546875 0.184375 0.0375 0.03125
0 0.178125 0.3375 0.03125 0.034375
0 0.54375 0.3625 0.04375 0.040625
0 0.2265625 0.528125 0.025 0.034375
0 0.234375 0.4765625 0.021875 0.025
0 0.00625 0.740625 0.0125 0.021875
0 0.190625 0.4140625 0.025 0.025
0 0.221875 0.428125 0.021875 0.021875
0 0.0421875 0.53125 0.03125 0.028125
0 0.5171875 0.8640625 0.01875 0.015625
0 0.3625 0.4765625 0.01875 0.01875
