0 0.44375 0.9140625 0.046875 0.04375
0 0.6765625 0.6328125 0.0375 0.034375
0 0.025 0.4765625 0.046875 0.040625
0 0.3296875 0.35625 0.040625 0.040625
0 0.2625 0.665625 0.034375 0.0375
0 0.3625 0.7515625 0.028125 0.040625
0 0.0828125 0.4359375 0.0375 0.0375
0 0.1890625 0.3609375 0.025 0.028125
0 0.2984375 0.665625 0.034375 0.03125
0 0.5875 0.584375 0.0375 0.040625
0 0.4515625 0.759375 0.03125 0.03125
0 0.7625 0.7453125 0.03125 0.034375
0 0.3203125 0.4140625 0.025 0.028125
0 0.196875 0.4640625 0.03125 0.034375
0 0.728125 0.75 0.0375 0.0375
0 0.7046875 0.321875 0.034375 0.034375
0 0.4625 0.3125 0.03125 0.0375
0 0.6328125 0.6234375 0.034375 0.034375
0 0.296875 0.7671875 0.028125 0.021875
0 0.615625 0.746875 0.03125 0.034375
0 0.3859375 0.8171875 0.0375 0.040625
0 0.2828125 0.284375 0.0375 0.04375
0 0.5203125 0.303125 0.034375 0.034375
0 0.396875 0.753125 0.03125 0.0375
0 0.325 0.11875 0.04375 0.03125
0 0.1515625 0.271875 0.03125 0.0375
0 0.5109375 0.9078125 0.0375 0.03125
0 0.4625 0.3125 0.034375 0.0375
0 0.20625 0.4171875 0.025 0.025
0 0.634375 0.6265625 0.034375 0.0375
0 0.0734375 0.403125 0.021875 0.01875
0 0.165625 0.35 0.021875 0.028125
0 0.34375 0.415625 0.01875 0.021875
0 0.596875 0.453125 0.03125 0.028125
0 0.821875 0.5671875 0.025 0.025
0 0.4875 0.809375 0.021875 0.01875
0 0.259375 0.5484375 0.0125 0.0125
0 0.2609375 0.6359375 0.01875 0.009375
0 0.75 0.6015625 0.021875 0.01875
0 0.4765625 0.45 0.01875 0.021875
