0 0.928125 0.771875 0.04375 0.040625
0 0.8328125 0.80625 0.028125 0.028125
0 0.8640625 0.796875 0.040625 0.0375
0 0.3484375 0.6953125 0.034375 0.0375
0 0.3984375 0.81875 0.03125 0.025
0 0.5140625 0.8203125 0.03125 0.025
0 0.8640625 0.7453125 0.034375 0.03125
0 0.4453125 0.496875 0.034375 0.03125
0 0.9859375 0.821875 0.028125 0.028125
0 0.325 0.38125 0.028125 0.034375
0 0.0875 0.590625 0.021875 0.01875
0 0.0796875 0.5359375 0.025 0.028125
0 0.9234375 0.3921875 0.0375 0.04375
0 0.928125 0.4703125 0.0375 0.034375
0 0.0203125 0.6078125 0.028125 0.025
0 0.8109375 0.8140625 0.021875 0.03125
0 0.671875 0.775 0.034375 0.028125
0 0.0171875 0.3984375 0.025 0.01875
0 0.784375 0.7953125 0.034375 0.040625
0 0.7359375 0.6703125 0.028125 0.025
0 0.99453125 0.79375 0.0109375 0.034375
0 0.084375 0.303125 0.021875 0.01875
0 0.175 0.45625 0.021875 0.01875
0 0.6921875 0.659375 0.03125 0.028125
0 0.796875 0.775 0.021875 0.028125
0 0.0375 0.4046875 0.01875 0.01875
0 0.0453125 0.628125 0.021875 0.015625
0 0.0890625 0.6203125 0.025 0.015625
0 0.0890625 0.4140625 0.021875 0.015625
0 0.5578125 0.325 0.034375 0.025
0 0.53125 0.728125 0.028125 0.021875
0 0.1984375 0.4921875 0.015625 0.015625
0 0.225 0.4671875 0.015625 0.0125
0 0.190625 0.403125 0.01875 0.015625
0 0.1078125 0.5953125 0.021875 0.025
0 0.69375 0.5828125 0.025 0.025
0 0.4734375 0.4078125 0.034375 0.015625
0 0.4609375 0.5203125 0.03125 0.03125
