0 0.3734375 0.0625 0.05 0.05
0 0.01640625 0.2390625 0.0328125 0.046875
0 0.7953125 0.0390625 0.034375 0.03125
0 0.3296875 0.0671875 0.040625 0.04375
0 0.2328125 0.16875 0.03125 0.025
0 0.2734375 0.1109375 0.03125 0.025
0 0.059375 0.2296875 0.025 0.03125
0 0.525 0.053125 0.028125 0.03125
0 0.0765625 0.24375 0.025 0.021875
0 0.1078125 0.1921875 0.025 0.034375
0 0.690625 0.03125 0.028125 0.028125
0 0.1 0.23125 0.034375 0.0375
0 0.453125 0.0015625 0.04375 0.003125
0 0.5984375 0.1390625 0.028125 0.025
0 0.5625 0.0484375 0.03125 0.03125
0 0.621875 0.0265625 0.034375 0.028125
0 0.0046875 0.2890625 0.009375 0.028125
0 0.0140625 0.3140625 0.028125 0.021875
