0 0.828125 0.7734375 0.046875 0.046875
0 0.33125 0.3859375 0.046875 0.04375
0 0.5375 0.7484375 0.040625 0.046875
0 0.4515625 0.4203125 0.025 0.040625
0 0.4828125 0.7296875 0.040625 0.0375
0 0.378125 0.290625 0.0375 0.040625
0 0.203125 0.603125 0.034375 0.03125
0 0.9828125 0.5609375 0.034375 0.04375
0 0.384375 0.803125 0.040625 0.040625
0 0.1828125 0.5734375 0.028125 0.03125
0 0.2109375 0.3859375 0.025 0.03125
0 0.1359375 0.1921875 0.021875 0.021875
0 0.1453125 0.171875 0.025 0.021875
0 0.365625 0.746875 0.040625 0.0375
0 0.621875 0.4421875 0.034375 0.053125
0 0.815625 0.834375 0.0375 0.0375
0 0.078125 0.2625 0.028125 0.03125
0 0.1109375 0.315625 0.025 0.021875
0 0.26875 0.3828125 0.021875 0.021875
0 0.334375 0.7046875 0.03125 0.025
0 0.0375 0.3390625 0.03125 0.025
0 0.215625 0.5640625 0.03125 0.03125
0 0.196875 0.5421875 0.028125 0.028125
0 0.115625 0.4453125 0.025 0.021875
0 0.6078125 0.0171875 0.025 0.034375
0 0.875 0.15 0.040625 0.0375
0 0.7390625 0.0546875 0.025 0.03125
0 0.8546875 0.115625 0.025 0.021875
0 0.1609375 0.190625 0.021875 0.01875
0 0.0078125 0.40625 0.015625 0.025
0 0.0703125 0.4375 0.025 0.025
0 0.065625 0.5046875 0.025 0.01875
0 0.13125 0.3171875 0.0125 0.021875
0 0.2859375 0.39375 0.0125 0.025
0 0.4 0.8375 0.04375 0.040625
0 0.3640625 0.671875 0.025 0.01875
0 0.3875 0.6453125 0.025 0.01875
0 0.95 0.44375 0.015625 0.03125
0 0.9640625 0.515625 0.025 0.040625
0 0.8625 0.771875 0.028125 0.025
0 0.9421875 0.73125 0.034375 0.034375
0 0.359375 0.4453125 0.0125 0.025
