0 0.834375 0.97890625 0.046875 0.0421875
0 0.6578125 0.9484375 0.05 0.04375
0 0.46875 0.771875 0.046875 0.040625
0 0.921875 0.971875 0.040625 0.0375
0 0.534375 0.7984375 0.04375 0.034375
0 0.9546875 0.5125 0.046875 0.040625
0 0.7765625 0.56875 0.034375 0.040625
0 0.5046875 0.3078125 0.04375 0.0375
0 0.8015625 0.725 0.05625 0.05
0 0.4953125 0.49375 0.0625 0.059375
0 0.9234375 0.215625 0.04375 0.034375
0 0.0546875 0.515625 0.03125 0.028125
0 0.621875 0.6109375 0.0375 0.03125
0 0.2234375 0.428125 0.025 0.034375
0 0.890625 0.9734375 0.03125 0.034375
0 0.3625 0.7625 0.0375 0.040625
0 0.0140625 0.5421875 0.025 0.025
0 0.190625 0.659375 0.034375 0.028125
0 0.7578125 0.18125 0.040625 0.04375
0 0.8375 0.28125 0.03125 0.040625
0 0.365625 0.5234375 0.028125 0.03125
0 0.2796875 0.75625 0.028125 0.025
0 0.2796875 0.71875 0.03125 0.0375
0 0.4359375 0.9859375 0.046875 0.028125
0 0.615625 0.434375 0.025 0.028125
0 0.9375 0.9359375 0.028125 0.021875
0 0.6875 0.9203125 0.03125 0.03125
0 0.9421875 0.3671875 0.03125 0.034375
0 0.1390625 0.390625 0.025 0.015625
0 0.2328125 0.3890625 0.021875 0.015625
0 0.2953125 0.8875 0.01875 0.025
0 0.33125 0.8875 0.025 0.025
0 0.2890625 0.8234375 0.021875 0.025
