0 0.0515625 0.396875 0.05 0.05
0 0.0078125 0.171875 0.015625 0.04375
0 0.1171875 0.121875 0.046875 0.046875
0 0.2421875 0.178125 0.0375 0.04375
0 0.0421875 0.00390625 0.053125 0.0078125
0 0.7234375 0.009375 0.046875 0.01875
0 0.4875 0.021875 0.05 0.04375
0 0.0484375 0.5203125 0.05 0.053125
0 0.4828125 0.234375 0.04375 0.04375
0 0.6140625 0.1640625 0.034375 0.04375
0 0.4109375 0.3515625 0.034375 0.034375
0 0.4640625 0.1703125 0.03125 0.028125
0 0.284375 0.14375 0.040625 0.03125
0 0.5890625 0.24375 0.03125 0.028125
0 0.74375 0.375 0.028125 0.028125
0 0.2 0.01796875 0.0375 0.0359375
0 0.0859375 0.003125 0.034375 0.00625
0 0.0703125 0.5234375 0.040625 0.05
0 0.734375 0.31875 0.01875 0.015625
0 0.7953125 0.30625 0.028125 0.021875
0 0.65625 0.3390625 0.03125 0.025
0 0.7 0.3015625 0.025 0.025
0 0.8484375 0.240625 0.034375 0.034375
0 0.5578125 0.1609375 0.028125 0.03125
0 0.659375 0.2171875 0.0375 0.034375
0 0.1828125 0.08125 0.04375 0.0375
0 0.6546875 0.3046875 0.03125 0.03125
0 0.36875 0.053125 0.021875 0.015625
0 0.8234375 0.3765625 0.021875 0.01875
0 0.9859375 0.059375 0.0125 0.0125
0 0.9953125 0.0546875 0.00625 0.015625
0 0.2015625 0.36875 0.021875 0.0125
0 0.3890625 0.4125 0.01875 0.01875
0 0.465625 0.3859375 0.015625 0.0125
