0 0.6953125 0.3359375 0.05 0.040625
0 0.7078125 0.20625 0.05 0.046875
0 0.8828125 0.2390625 0.05 0.046875
0 0.4859375 0.253125 0.0375 0.034375
0 0.5875 0.053125 0.040625 0.034375
0 0.521875 0.0265625 0.040625 0.0375
0 0.3515625 0.071875 0.01875 0.0125
0 0.41875 0.0203125 0.03125 0.03125
0 0.7375 0.1734375 0.040625 0.0375
0 0.934375 0.2296875 0.025 0.03125
0 0.9515625 0.24375 0.025 0.021875
0 0.9828125 0.1921875 0.025 0.034375
0 0.975 0.23125 0.034375 0.0375
0 0.440625 0.1375 0.03125 0.021875
0 0.8484375 0.3703125 0.053125 0.0375
0 0.84375 0.003125 0.0375 0.00625
0 0.3515625 0.1421875 0.025 0.028125
0 0.3390625 0.0125 0.025 0.025
0 0.3890625 0.1484375 0.028125 0.025
0 0.8703125 0.2890625 0.028125 0.028125
0 0.8890625 0.3140625 0.028125 0.021875
