0 0.6203125 0.028125 0.034375 0.0375
0 0.9 0.4765625 0.046875 0.040625
0 0.6828125 0.5828125 0.034375 0.028125
0 0.56875 0.578125 0.03125 0.034375
0 0.428125 0.6375 0.028125 0.028125
0 0.765625 0.5703125 0.028125 0.028125
0 0.6375 0.56875 0.025 0.03125
0 0.9578125 0.4359375 0.0375 0.0375
0 0.825 0.325 0.0375 0.0375
0 0.4625 0.6328125 0.03125 0.03125
0 0.4515625 0.771875 0.03125 0.025
0 0.525 0.6671875 0.028125 0.028125
0 0.61875 0.821875 0.025 0.034375
0 0.325 0.6171875 0.03125 0.021875
0 0.740625 0.640625 0.025 0.021875
0 0.7578125 0.321875 0.015625 0.0125
0 0.7890625 0.315625 0.034375 0.0375
0 0.6734375 0.3921875 0.028125 0.028125
0 0.7703125 0.709375 0.040625 0.040625
0 0.8046875 0.5671875 0.03125 0.03125
0 0.7125 0.8390625 0.025 0.03125
0 0.0625 0.4046875 0.015625 0.0125
0 0.0734375 0.3890625 0.015625 0.015625
0 0.740625 0.778125 0.028125 0.0125
0 0.75625 0.75625 0.034375 0.021875
0 0.3609375 0.5703125 0.021875 0.015625
0 0.25625 0.6359375 0.03125 0.025
0 0.43125 0.5671875 0.025 0.025
0 0.009375 0.5125 0.01875 0.021875
0 0.7859375 0.1328125 0.025 0.03125
0 0.146875 0.4546875 0.021875 0.021875
0 0.028125 0.5921875 0.028125 0.025
0 0.1765625 0.6 0.025 0.025
0 0.5015625 0.74375 0.03125 0.021875
0 0.003125 0.46875 0.00625 0.021875
0 0.046875 0.453125 0.009375 0.0125
0 0.053125 0.5171875 0.0125 0.0125
0 0.059375 0.496875 0.015625 0.0125
0 0.06875 0.4703125 0.01875 0.0125
0 0.0578125 0.534375 0.0125 0.015625
0 0.1875 0.4484375 0.01875 0.01875
0 0.2125 0.4484375 0.01875 0.015625
0 0.209375 0.425 0.03125 0.0125
0 0.0625 0.59375 0.015625 0.0125
0 0.0921875 0.571875 0.0125 0.0125
0 0.103125 0.6203125 0.015625 0.015625
0 0.1 0.5984375 0.0125 0.0125
0 0.159375 0.628125 0.015625 0.009375
0 0.3375 0.3921875 0.01875 0.0125
0 0.503125 0.2171875 0.021875 0.01875
0 0.71875 0.365625 0.015625 0.021875
0 0.571875 0.4375 0.015625 0.015625
0 0.6171875 0.6734375 0.009375 0.009375
0 0.7625 0.6203125 0.01875 0.025
0 0.7984375 0.621875 0.01875 0.01875
0 0.84375 0.6828125 0.025 0.028125
0 0.7078125 0.5796875 0.0125 0.034375
0 0.653125 0.6 0.028125 0.028125
0 0.9484375 0.403125 0.021875 0.01875
0 0.3796875 0.5875 0.03125 0.01875
0 0.4265625 0.5046875 0.021875 0.01875
0 0.38125 0.4671875 0.015625 0.015625
0 0.80625 0.1828125 0.01875 0.0125
