0 0.0078125 0.921875 0.015625 0.04375
0 0.1171875 0.871875 0.046875 0.046875
0 0.2421875 0.928125 0.0375 0.04375
0 0.0421875 0.734375 0.053125 0.046875
0 0.7234375 0.746875 0.046875 0.04375
0 0.4875 0.76875 0.05 0.05
0 0.4828125 0.98125 0.04375 0.0375
0 0.6140625 0.9140625 0.034375 0.04375
0 0.0890625 0.5765625 0.040625 0.040625
0 0.00859375 0.7015625 0.0171875 0.04375
0 0.3765625 0.1140625 0.040625 0.034375
0 0.228125 0.196875 0.034375 0.0375
0 0.3703125 0.4453125 0.040625 0.040625
0 0.0828125 0.4640625 0.04375 0.034375
0 0.0828125 0.1703125 0.034375 0.040625
0 0.4640625 0.9203125 0.03125 0.028125
0 0.1625 0.6859375 0.028125 0.05
0 0.284375 0.89375 0.040625 0.03125
0 0.146875 0.3140625 0.040625 0.0375
0 0.5890625 0.98984375 0.03125 0.0203125
0 0.4296875 0.5046875 0.04375 0.05
0 0.1328125 0.565625 0.025 0.03125
0 0.2609375 0.6015625 0.040625 0.034375
0 0.24375 0.228125 0.046875 0.034375
0 0.0375 0.39375 0.034375 0.0375
0 0.2 0.7640625 0.0375 0.04375
0 0.1328125 0.078125 0.03125 0.034375
0 0.278125 0.2765625 0.040625 0.03125
0 0.0859375 0.7390625 0.034375 0.034375
0 0.0859375 0.4078125 0.046875 0.04375
0 0.4921875 0.559375 0.04375 0.040625
0 0.2109375 0.1171875 0.0375 0.028125
0 0.8484375 0.98671875 0.034375 0.0265625
0 0.01171875 0.2703125 0.0234375 0.025
0 0.5578125 0.9109375 0.028125 0.03125
0 0.746875 0.396875 0.025 0.025
0 0.4421875 0.5546875 0.046875 0.046875
0 0.659375 0.9671875 0.0375 0.034375
0 0.1828125 0.83125 0.04375 0.0375
0 0.1515625 0.228125 0.034375 0.040625
0 0.5078125 0.5296875 0.034375 0.034375
0 0.39375 0.4734375 0.034375 0.01875
0 0.415625 0.1640625 0.028125 0.021875
0 0.3515625 0.2125 0.03125 0.0125
0 0.6359375 0.721875 0.034375 0.021875
0 0.36875 0.803125 0.021875 0.015625
0 0.7125 0.715625 0.04375 0.03125
0 0.4078125 0.7390625 0.021875 0.021875
0 0.934375 0.7046875 0.015625 0.0125
0 0.990625 0.7203125 0.0125 0.015625
0 0.9859375 0.809375 0.0125 0.0125
0 0.9953125 0.8046875 0.00625 0.015625
0 0.9140625 0.390625 0.03125 0.015625
0 0.409375 0.3671875 0.021875 0.01875
