0 0.053125 0.771875 0.04375 0.040625
0 0.0046875 0.796875 0.009375 0.0375
0 0.171875 0.5765625 0.04375 0.04375
0 0.2328125 0.671875 0.0375 0.03125
0 0.5890625 0.5375 0.0375 0.034375
0 0.003125 0.7453125 0.00625 0.03125
0 0.146875 0.803125 0.034375 0.028125
0 0.1765625 0.7984375 0.03125 0.0375
0 0.534375 0.809375 0.040625 0.0375
0 0.1125 0.821875 0.03125 0.028125
0 0.0484375 0.3921875 0.0375 0.04375
0 0.1515625 0.4265625 0.040625 0.040625
0 0.053125 0.4703125 0.0375 0.034375
0 0.3140625 0.6 0.028125 0.034375
0 0.375 0.584375 0.04375 0.040625
0 0.13125 0.79375 0.034375 0.034375
0 0.25 0.6984375 0.021875 0.025
