0 0.9265625 0.396875 0.05 0.05
0 0.8671875 0.171875 0.046875 0.04375
0 0.984375 0.121875 0.03125 0.046875
0 0.9171875 0.00390625 0.053125 0.0078125
0 0.9234375 0.5203125 0.05 0.053125
0 0.18125 0.0671875 0.0375 0.03125
0 0.571875 0.45625 0.03125 0.028125
0 0.7390625 0.2703125 0.028125 0.0375
0 0.834375 0.0453125 0.034375 0.0375
0 0.9609375 0.003125 0.034375 0.00625
0 0.9453125 0.5234375 0.040625 0.05
0 0.3578125 0.2203125 0.03125 0.034375
0 0.378125 0.00703125 0.03125 0.0140625
0 0.575 0.2859375 0.025 0.01875
0 0.728125 0.1859375 0.021875 0.01875
0 0.4046875 0.0625 0.021875 0.021875
0 0.2171875 0.01171875 0.01875 0.0234375
0 0.0421875 0.015625 0.021875 0.0125
0 0.0546875 0.0265625 0.01875 0.0125
0 0.5515625 0.1828125 0.034375 0.025
0 0.6109375 0.0765625 0.0125 0.009375
