0 0.8671875 0.921875 0.046875 0.04375
0 0.984375 0.871875 0.03125 0.046875
0 0.9171875 0.734375 0.053125 0.046875
0 0.853125 0.6078125 0.040625 0.04375
0 0.5640625 0.328125 0.04375 0.04375
0 0.671875 0.2859375 0.05625 0.04375
0 0.9640625 0.5765625 0.040625 0.040625
0 0.775 0.1875 0.05 0.046875
0 0.7109375 0.3453125 0.053125 0.05
0 0.3046875 0.5203125 0.0375 0.0375
0 0.659375 0.5625 0.04375 0.0375
0 0.8734375 0.7015625 0.0375 0.04375
0 0.18125 0.8171875 0.0375 0.03125
0 0.6984375 0.2234375 0.046875 0.04375
0 0.3359375 0.68125 0.040625 0.04375
0 0.9578125 0.4640625 0.04375 0.034375
0 0.9578125 0.1703125 0.034375 0.040625
0 0.359375 0.6453125 0.04375 0.034375
0 0.2234375 0.6421875 0.0375 0.03125
0 0.53125 0.3640625 0.05 0.046875
0 0.584375 0.371875 0.046875 0.04375
0 0.3765625 0.590625 0.040625 0.04375
0 0.99765625 0.565625 0.0046875 0.03125
0 0.9125 0.39375 0.034375 0.0375
0 0.6234375 0.546875 0.025 0.03125
0 0.6734375 0.5296875 0.028125 0.028125
0 0.8328125 0.275 0.034375 0.03125
0 0.834375 0.7953125 0.034375 0.0375
0 0.99609375 0.078125 0.0078125 0.034375
0 0.9609375 0.7390625 0.034375 0.034375
0 0.9609375 0.4078125 0.046875 0.04375
0 0.3578125 0.9703125 0.03125 0.034375
0 0.59375 0.565625 0.040625 0.021875
0 0.5578125 0.103125 0.028125 0.03125
0 0.2390625 0.4734375 0.025 0.028125
0 0.40625 0.475 0.034375 0.0375
0 0.8859375 0.2703125 0.025 0.025
0 0.378125 0.746875 0.03125 0.034375
0 0.728125 0.9359375 0.021875 0.01875
0 0.4046875 0.8125 0.021875 0.021875
0 0.2171875 0.7609375 0.01875 0.025
0 0.4109375 0.64375 0.046875 0.015625
0 0.01875 0.50625 0.015625 0.015625
0 0.009375 0.478125 0.0125 0.0125
0 0.025 0.446875 0.01875 0.015625
0 0.028125 0.70625 0.015625 0.01875
0 0.0421875 0.765625 0.021875 0.0125
0 0.0546875 0.7765625 0.01875 0.0125
0 0.0796875 0.7359375 0.01875 0.0125
0 0.184375 0.6265625 0.01875 0.01875
0 0.5515625 0.9328125 0.034375 0.025
0 0.678125 0.4453125 0.028125 0.015625
0 0.759375 0.2640625 0.015625 0.015625
0 0.453125 0.3875 0.03125 0.028125
0 0.6109375 0.8265625 0.0125 0.009375
