0 0.446875 0.8828125 0.034375 0.03125
0 0.246875 0.896875 0.040625 0.0375
0 0.2265625 0.9484375 0.0375 0.0375
0 0.1359375 0.6734375 0.040625 0.04375
0 0.5984375 0.2140625 0.034375 0.03125
0 0.3359375 0.8921875 0.040625 0.040625
0 0.2984375 0.915625 0.0375 0.025
0 0.4171875 0.896875 0.034375 0.034375
0 0.20625 0.7328125 0.040625 0.028125
0 0.0796875 0.7828125 0.03125 0.040625
0 0.2953125 0.6703125 0.04375 0.034375
0 0.259375 0.553125 0.04375 0.0375
0 0.671875 0.509375 0.03125 0.03125
0 0.0375 0.671875 0.0375 0.028125
0 0.7109375 0.80625 0.03125 0.03125
0 0.7328125 0.6984375 0.0375 0.0375
0 0.921875 0.321875 0.01875 0.01875
0 0.01875 0.2609375 0.0375 0.040625
0 0.7109375 0.365625 0.03125 0.03125
0 0.24375 0.7546875 0.05 0.034375
0 0.5578125 0.6078125 0.03125 0.0375
0 0.265625 0.7578125 0.028125 0.028125
0 0.7328125 0.771875 0.034375 0.03125
0 0.54375 0.3671875 0.0375 0.028125
0 0.6109375 0.7296875 0.03125 0.025
0 0.64375 0.796875 0.03125 0.034375
0 0.296875 0.6109375 0.034375 0.03125
0 0.00546875 0.6890625 0.0109375 0.025
0 0.7640625 0.790625 0.028125 0.021875
0 0.5953125 0.3359375 0.025 0.028125
0 0.6359375 0.61875 0.034375 0.03125
0 0.240625 0.7125 0.03125 0.046875
0 0.646875 0.503125 0.025 0.03125
0 0.4078125 0.228125 0.025 0.028125
0 0.6671875 0.8265625 0.025 0.01875
0 0.00625 0.5953125 0.0125 0.034375
0 0.7171875 0.528125 0.028125 0.021875
0 0.3171875 0.2765625 0.025 0.021875
0 0.4390625 0.3609375 0.028125 0.021875
0 0.475 0.334375 0.01875 0.025
0 0.8328125 0.346875 0.009375 0.009375
0 0.875 0.40625 0.0125 0.0125
0 0.51875 0.44375 0.0125 0.0125
0 0.8453125 0.4765625 0.015625 0.0125
0 0.9953125 0.4265625 0.00625 0.015625
0 0.9421875 0.3328125 0.015625 0.009375
0 0.8359375 0.7015625 0.015625 0.0125
0 0.8421875 0.64375 0.00625 0.015625
0 0.9046875 0.634375 0.0125 0.0125
0 0.5546875 0.7203125 0.025 0.01875
0 0.403125 0.75625 0.025 0.01875
0 0.5734375 0.6359375 0.028125 0.015625
0 0.625 0.64375 0.021875 0.01875
0 0.678125 0.8125 0.015625 0.0125
0 0.6390625 0.81875 0.028125 0.0125
0 0.578125 0.3484375 0.021875 0.021875
0 0.2234375 0.7171875 0.03125 0.028125
0 0.3125 0.7 0.01875 0.03125
0 0.3609375 0.85 0.0125 0.0125
0 0.3 0.8828125 0.03125 0.03125
