0 0.7078125 0.95625 0.05 0.046875
0 0.8828125 0.9828125 0.05 0.034375
0 0.4859375 0.99296875 0.0375 0.0140625
0 0.8296875 0.58125 0.034375 0.040625
0 0.5875 0.803125 0.040625 0.034375
0 0.521875 0.7765625 0.040625 0.0375
0 0.678125 0.6171875 0.0375 0.028125
0 0.5609375 0.325 0.04375 0.025
0 0.890625 0.3 0.03125 0.04375
0 0.3515625 0.821875 0.01875 0.0125
0 0.41875 0.7703125 0.03125 0.03125
0 0.7375 0.9234375 0.040625 0.0375
0 0.9734375 0.234375 0.0375 0.025
0 0.934375 0.9796875 0.025 0.03125
0 0.9515625 0.99140625 0.025 0.0171875
0 0.9828125 0.9421875 0.025 0.034375
0 0.5390625 0.5140625 0.0375 0.03125
0 0.5203125 0.6125 0.03125 0.025
0 0.98515625 0.375 0.0296875 0.04375
0 0.98984375 0.525 0.0203125 0.04375
0 0.975 0.98125 0.034375 0.0375
0 0.3375 0.7265625 0.028125 0.03125
0 0.421875 0.534375 0.021875 0.028125
0 0.440625 0.8875 0.03125 0.021875
0 0.4 0.59375 0.03125 0.021875
0 0.0046875 0.5453125 0.009375 0.021875
0 0.0234375 0.55 0.0125 0.025
0 0.0375 0.5515625 0.015625 0.01875
0 0.1125 0.5265625 0.025 0.01875
0 0.0359375 0.378125 0.03125 0.028125
0 0.2453125 0.6640625 0.028125 0.025
0 0.678125 0.4546875 0.05 0.04375
0 0.0109375 0.4203125 0.01875 0.025
0 0.9890625 0.525 0.021875 0.04375
0 0.84375 0.7359375 0.0375 0.040625
0 0.3515625 0.8921875 0.025 0.028125
0 0.009375 0.4828125 0.015625 0.01875
0 0.803125 0.19375 0.01875 0.025
0 0.5578125 0.715625 0.046875 0.053125
0 0.2828125 0.4375 0.025 0.021875
0 0.3390625 0.7625 0.025 0.025
0 0.3890625 0.8984375 0.028125 0.025
0 0.0734375 0.5515625 0.021875 0.01875
0 0.0828125 0.2265625 0.025 0.021875
0 0.0328125 0.4890625 0.01875 0.015625
0 0.0203125 0.6890625 0.01875 0.01875
0 0.0359375 0.640625 0.0125 0.015625
0 0.39375 0.7234375 0.021875 0.03125
0 0.4390625 0.7140625 0.021875 0.021875
0 0.0453125 0.48125 0.0125 0.015625
0 0.5546875 0.6140625 0.034375 0.025
0 0.2953125 0.403125 0.01875 0.015625
