0 0.3734375 0.8125 0.05 0.05
0 0.01640625 0.9828125 0.0328125 0.034375
0 0.7953125 0.7890625 0.034375 0.03125
0 0.3296875 0.8171875 0.040625 0.04375
0 0.8015625 0.6765625 0.034375 0.028125
0 0.2328125 0.91875 0.03125 0.025
0 0.565625 0.20625 0.04375 0.0375
0 0.2625 0.4875 0.04375 0.04375
0 0.3375 0.43125 0.034375 0.03125
0 0.2078125 0.253125 0.034375 0.040625
0 0.2734375 0.8609375 0.03125 0.025
0 0.015625 0.3 0.03125 0.04375
0 0.64375 0.2078125 0.046875 0.040625
0 0.471875 0.178125 0.034375 0.034375
0 0.0984375 0.234375 0.0375 0.025
0 0.6953125 0.5984375 0.034375 0.040625
0 0.490625 0.5171875 0.034375 0.034375
0 0.059375 0.9796875 0.025 0.03125
0 0.7296875 0.615625 0.03125 0.028125
0 0.521875 0.715625 0.03125 0.03125
0 0.5546875 0.496875 0.0375 0.0375
0 0.525 0.803125 0.028125 0.03125
0 0.0765625 0.99140625 0.025 0.0171875
0 0.1078125 0.9421875 0.025 0.034375
0 0.1125 0.375 0.034375 0.04375
0 0.690625 0.78125 0.028125 0.028125
0 0.7328125 0.725 0.03125 0.025
0 0.1265625 0.525 0.04375 0.04375
0 0.403125 0.2953125 0.03125 0.028125
0 0.1 0.98125 0.034375 0.0375
0 0.265625 0.54375 0.0375 0.034375
0 0.159375 0.1921875 0.04375 0.034375
0 0.3765625 0.25 0.034375 0.040625
0 0.55625 0.64375 0.03125 0.028125
0 0.125 0.525 0.04375 0.04375
0 0.453125 0.7375 0.04375 0.03125
0 0.690625 0.6734375 0.028125 0.03125
0 0.225 0.44375 0.028125 0.028125
0 0.5984375 0.3578125 0.028125 0.034375
0 0.5984375 0.8890625 0.028125 0.025
0 0.54375 0.4 0.03125 0.025
0 0.3046875 0.2625 0.025 0.028125
0 0.5625 0.7984375 0.03125 0.03125
0 0.303125 0.334375 0.015625 0.0125
0 0.3265625 0.334375 0.03125 0.028125
0 0.9453125 0.396875 0.025 0.01875
0 0.50625 0.3859375 0.028125 0.025
0 0.621875 0.7765625 0.034375 0.028125
0 0.5109375 0.2875 0.021875 0.028125
0 0.634375 0.4234375 0.034375 0.028125
0 0.65 0.3546875 0.025 0.025
0 0.8828125 0.2265625 0.015625 0.015625
0 0.928125 0.3828125 0.021875 0.015625
0 0.371875 0.5859375 0.01875 0.025
0 0.578125 0.6484375 0.0125 0.025
