0 0.4546875 0.7375 0.040625 0.0375
0 0.134375 0.128125 0.040625 0.034375
0 0.415625 0.240625 0.046875 0.04375
0 0.640625 0.6625 0.0375 0.028125
0 0.2734375 0.0734375 0.040625 0.046875
0 0.7859375 0.4171875 0.034375 0.0375
0 0.1796875 0.4 0.034375 0.025
0 0.2265625 0.3859375 0.034375 0.034375
0 0.640625 0.54375 0.040625 0.0375
0 0.4203125 0.6328125 0.0375 0.021875
0 0.4609375 0.56875 0.0375 0.034375
0 0.3890625 0.6671875 0.040625 0.0375
0 0.8875 0.6046875 0.04375 0.0375
0 0.4859375 0.6671875 0.04375 0.0375
0 0.1796875 0.484375 0.040625 0.025
0 0.746875 0.3203125 0.03125 0.021875
0 0.8984375 0.9484375 0.025 0.0375
0 0.9453125 0.953125 0.028125 0.0375
0 0.3390625 0.825 0.034375 0.028125
0 0.4515625 0.1671875 0.03125 0.03125
0 0.815625 0.4515625 0.034375 0.034375
0 0.1953125 0.3734375 0.03125 0.028125
0 0.9265625 0.6484375 0.028125 0.028125
0 0.18125 0.3296875 0.021875 0.028125
0 0.2359375 0.3421875 0.03125 0.015625
0 0.275 0.328125 0.028125 0.03125
0 0.721875 0.6390625 0.028125 0.025
0 0.55625 0.4 0.028125 0.0375
0 0.8515625 0.646875 0.028125 0.025
0 0.2015625 0.0203125 0.01875 0.025
0 0.0515625 0.321875 0.028125 0.028125
0 0.9109375 0.4296875 0.025 0.028125
0 0.9234375 0.9609375 0.034375 0.028125
0 0.8921875 0.646875 0.03125 0.025
0 0.5046875 0.065625 0.028125 0.04375
0 0.159375 0.80625 0.03125 0.025
0 0.55 0.6609375 0.025 0.03125
0 0.678125 0.565625 0.03125 0.03125
0 0.56875 0.5671875 0.01875 0.021875
0 0.5875 0.5265625 0.025 0.028125
0 0.0796875 0.603125 0.028125 0.025
0 0.825 0.0328125 0.01875 0.025
0 0.1890625 0.2953125 0.0375 0.028125
0 0.309375 0.3140625 0.025 0.025
0 0.1765625 0.4625 0.0375 0.021875
0 0.4578125 0.4453125 0.03125 0.021875
0 0.3859375 0.3765625 0.03125 0.025
0 0.79375 0.690625 0.025 0.0125
0 0.7625 0.2953125 0.03125 0.034375
0 0.7921875 0.3 0.025 0.028125
0 0.575 0.0484375 0.01875 0.021875
0 0.4546875 0.0203125 0.03125 0.028125
0 0.2328125 0.1609375 0.01875 0.015625
