0 0.228125 0.296875 0.046875 0.040625
0 0.240625 0.2484375 0.059375 0.053125
0 0.396875 0.1125 0.05 0.04375
0 0.31875 0.371875 0.053125 0.04375
0 0.3875 0.6234375 0.0375 0.046875
0 0.23125 0.5671875 0.0375 0.053125
0 0.540625 0.3671875 0.046875 0.053125
0 0.56875 0.821875 0.0375 0.05
0 0.115625 0.5609375 0.05 0.04375
0 0.1765625 0.6140625 0.040625 0.053125
0 0.9234375 0.5359375 0.028125 0.028125
0 0.31875 0.6125 0.04375 0.0375
0 0.359375 0.3953125 0.04375 0.05625
0 0.215625 0.00390625 0.03125 0.0078125
0 0.1875 0.3 0.04375 0.04375
0 0.8515625 0.3671875 0.021875 0.021875
0 0.1625 0.2828125 0.01875 0.025
0 0.01015625 0.15 0.0203125 0.0375
0 0.15 0.3296875 0.01875 0.025
0 0.5890625 0.5109375 0.034375 0.021875
0 0.9671875 0.68125 0.01875 0.01875
0 0.178125 0.6609375 0.028125 0.034375
0 0.284375 0.6140625 0.028125 0.03125
0 0.075 0.44375 0.015625 0.03125
0 0.8609375 0.38125 0.015625 0.0125
0 0.9953125 0.2859375 0.00625 0.025
0 0.9890625 0.3453125 0.01875 0.015625
0 0.9015625 0.4109375 0.015625 0.021875
0 0.9953125 0.4875 0.00625 0.021875
0 0.5125 0.8953125 0.028125 0.028125
0 0.2515625 0.596875 0.040625 0.04375
0 0.0890625 0.515625 0.025 0.040625
0 0.0671875 0.73125 0.034375 0.034375
