0 0.446875 0.1328125 0.034375 0.03125
0 0.246875 0.146875 0.040625 0.0375
0 0.2265625 0.1984375 0.0375 0.0375
0 0.3359375 0.1421875 0.040625 0.040625
0 0.2984375 0.165625 0.0375 0.025
0 0.4171875 0.146875 0.034375 0.034375
0 0.0796875 0.0328125 0.03125 0.040625
0 0.7109375 0.05625 0.03125 0.03125
0 0.24375 0.0109375 0.05 0.021875
0 0.265625 0.0109375 0.028125 0.021875
0 0.7328125 0.021875 0.034375 0.03125
0 0.64375 0.046875 0.03125 0.034375
0 0.7640625 0.040625 0.028125 0.021875
0 0.6671875 0.0765625 0.025 0.01875
0 0.403125 0.0078125 0.025 0.015625
0 0.678125 0.0625 0.015625 0.0125
0 0.6390625 0.06875 0.028125 0.0125
0 0.3609375 0.1 0.0125 0.0125
0 0.3 0.1328125 0.03125 0.03125
