0 0.51875 0.2796875 0.046875 0.05
0 0.928125 0.346875 0.053125 0.040625
0 0.240625 0.646875 0.040625 0.03125
0 0.50625 0.1953125 0.053125 0.04375
0 0.071875 0.446875 0.040625 0.034375
0 0.528125 0.45 0.04375 0.040625
0 0.696875 0.21875 0.046875 0.040625
0 0.26875 0.771875 0.034375 0.034375
0 0.3859375 0.88125 0.0375 0.0375
0 0.6421875 0.7859375 0.040625 0.03125
0 0.625 0.009375 0.040625 0.01875
0 0.9953125 0.871875 0.009375 0.040625
0 0.3390625 0.7 0.03125 0.025
0 0.390625 0.7375 0.034375 0.03125
0 0.3375 0.1484375 0.05 0.046875
0 0.434375 0.7 0.034375 0.034375
0 0.3609375 0.1125 0.040625 0.028125
0 0.3703125 0.08125 0.0375 0.034375
0 0.315625 0.815625 0.034375 0.028125
0 0.19375 0.059375 0.034375 0.040625
0 0.6453125 0.325 0.028125 0.028125
0 0.690625 0.3234375 0.046875 0.040625
0 0.61875 0.3109375 0.04375 0.04375
0 0.3484375 0.646875 0.028125 0.025
0 0.6234375 0.646875 0.0375 0.04375
0 0.115625 0.55 0.028125 0.025
0 0.278125 0.6375 0.0375 0.028125
0 0.4765625 0.590625 0.04375 0.03125
0 0.071875 0.584375 0.028125 0.021875
0 0.2203125 0.33125 0.025 0.015625
0 0.65 0.7578125 0.0125 0.025
