0 0.98359375 0.496875 0.0328125 0.0375
0 0.6015625 0.6390625 0.03125 0.03125
0 0.934375 0.5453125 0.03125 0.028125
0 0.6578125 0.0984375 0.034375 0.034375
0 0.6703125 0.63125 0.03125 0.028125
0 0.503125 0.69375 0.028125 0.028125
0 0.853125 0.3890625 0.0375 0.034375
0 0.6875 0.6640625 0.015625 0.025
0 0.7375 0.6390625 0.01875 0.021875
0 0.490625 0.8328125 0.03125 0.021875
0 0.3625 0.6796875 0.03125 0.021875
0 0.465625 0.6984375 0.03125 0.028125
0 0.796875 0.63125 0.01875 0.03125
0 0.790625 0.8234375 0.021875 0.01875
0 0.796875 0.7703125 0.05 0.046875
0 0.234375 0.5125 0.021875 0.025
0 0.70625 0.453125 0.03125 0.03125
0 0.7125 0.64375 0.040625 0.03125
0 0.7703125 0.7 0.025 0.021875
0 0.81875 0.19375 0.040625 0.04375
0 0.7890625 0.3828125 0.015625 0.015625
0 0.8171875 0.3796875 0.0375 0.0375
0 0.5359375 0.80625 0.028125 0.025
0 0.4859375 0.378125 0.03125 0.03125
0 0.3 0.696875 0.025 0.025
0 0.653125 0.88125 0.028125 0.04375
0 0.5640625 0.728125 0.034375 0.034375
0 0.475 0.63125 0.028125 0.025
0 0.746875 0.8984375 0.03125 0.0375
0 0.196875 0.515625 0.028125 0.01875
0 0.3828125 0.4546875 0.0375 0.03125
0 0.7703125 0.8328125 0.025 0.028125
0 0.5375 0.28125 0.021875 0.0125
0 0.115625 0.46875 0.015625 0.0125
0 0.1265625 0.453125 0.021875 0.015625
0 0.0515625 0.5296875 0.0125 0.0125
0 0.1 0.5171875 0.009375 0.009375
0 0.0640625 0.5734375 0.015625 0.0125
0 0.1109375 0.5953125 0.0125 0.0125
0 0.1109375 0.559375 0.0125 0.015625
0 0.1203125 0.5328125 0.015625 0.0125
0 0.08125 0.65 0.015625 0.0125
0 0.109375 0.65625 0.01875 0.0125
0 0.1546875 0.6828125 0.015625 0.009375
0 0.209375 0.6890625 0.0125 0.009375
0 0.153125 0.6609375 0.015625 0.015625
0 0.2234375 0.65625 0.015625 0.015625
0 0.1453125 0.634375 0.015625 0.0125
0 0.609375 0.5 0.021875 0.01875
0 0.7984375 0.6828125 0.01875 0.03125
0 0.8265625 0.6796875 0.015625 0.025
0 0.878125 0.740625 0.01875 0.021875
0 0.2546875 0.509375 0.028125 0.0125
0 0.9171875 0.53125 0.03125 0.028125
0 0.840625 0.6296875 0.025 0.025
