0 0.94140625 0.659375 0.1171875 0.14375
0 0.11875 0.4125 0.159375 0.1375
0 0.1453125 0.275 0.146875 0.13125
0 0.340625 0.759375 0.11875 0.10625
0 0.8515625 0.7703125 0.103125 0.1375
0 0.2296875 0.4421875 0.140625 0.128125
0 0.065625 0.33125 0.13125 0.140625
0 0.396875 0.03046875 0.1125 0.0609375
0 0.4859375 0.0515625 0.09375 0.059375
0 0.4703125 0.2765625 0.0875 0.078125
0 0.0671875 0.45 0.121875 0.1
0 0.5171875 0.5734375 0.090625 0.115625
0 0.8875 0.7 0.05 0.065625
0 0.95625 0.7671875 0.0875 0.11875
0 0.83125 0.0921875 0.125 0.103125
