0 0.834375 0.23125 0.046875 0.046875
0 0.6578125 0.1984375 0.05 0.04375
0 0.46875 0.021875 0.046875 0.040625
0 0.646875 0.33125 0.046875 0.04375
0 0.921875 0.221875 0.040625 0.0375
0 0.534375 0.0484375 0.04375 0.034375
0 0.803125 0.3640625 0.05 0.040625
0 0.890625 0.2234375 0.03125 0.034375
0 0.3625 0.01640625 0.0375 0.0328125
0 0.2796875 0.009375 0.028125 0.01875
0 0.4359375 0.24375 0.046875 0.04375
0 0.9375 0.1859375 0.028125 0.021875
0 0.6875 0.1703125 0.03125 0.03125
0 0.2953125 0.1375 0.01875 0.025
0 0.33125 0.1375 0.025 0.025
0 0.2890625 0.0734375 0.021875 0.025
