0 0.4140625 0.571875 0.0375 0.034375
0 0.225 0.303125 0.034375 0.034375
0 0.228125 0.6390625 0.015625 0.01875
0 0.2734375 0.6375 0.03125 0.0375
0 0.1296875 0.7890625 0.03125 0.025
0 0.653125 0.6875 0.025 0.021875
0 0.68125 0.66875 0.0375 0.0375
0 0.7484375 0.475 0.025 0.01875
0 0.796875 0.428125 0.034375 0.034375
0 0.359375 0.521875 0.034375 0.034375
0 0.496875 0.2734375 0.025 0.03125
0 0.61875 0.240625 0.028125 0.034375
0 0.7703125 0.5703125 0.034375 0.028125
0 0.14375 0.31875 0.028125 0.028125
0 0.0421875 0.85625 0.034375 0.034375
0 0.115625 0.23125 0.028125 0.03125
0 0.61875 0.665625 0.025 0.03125
0 0.921875 0.4671875 0.03125 0.034375
0 0.146875 0.253125 0.025 0.034375
0 0.5 0.371875 0.028125 0.028125
0 0.453125 0.790625 0.034375 0.025
0 0.00703125 0.515625 0.0140625 0.025
0 0.00703125 0.4765625 0.0140625 0.034375
0 0.303125 0.2734375 0.034375 0.0375
0 0.0921875 0.440625 0.03125 0.025
0 0.1078125 0.3140625 0.034375 0.034375
0 0.015625 0.7578125 0.028125 0.025
0 0.15 0.75625 0.021875 0.025
0 0.6 0.76875 0.021875 0.025
0 0.2734375 0.7734375 0.021875 0.01875
0 0.559375 0.475 0.021875 0.01875
0 0.565625 0.434375 0.03125 0.025
0 0.584375 0.4625 0.025 0.021875
0 0.515625 0.39375 0.028125 0.03125
0 0.71875 0.2171875 0.01875 0.028125
0 0.340625 0.5 0.025 0.021875
0 0.11875 0.4328125 0.0125 0.01875
0 0.1234375 0.50625 0.01875 0.01875
