0 0.0640625 0.7765625 0.040625 0.046875
0 0.546875 0.384375 0.046875 0.01875
0 0.546875 0.35625 0.05 0.0375
0 0.6375 0.85625 0.046875 0.046875
0 0.49375 0.775 0.05 0.04375
0 0.9484375 0.35 0.05625 0.05625
0 0.6828125 0.634375 0.040625 0.040625
0 0.940625 0.6421875 0.053125 0.046875
0 0.0703125 0.3609375 0.0375 0.040625
0 0.7765625 0.859375 0.040625 0.05625
0 0.11875 0.1859375 0.034375 0.0375
0 0.878125 0.6390625 0.053125 0.034375
0 0.2796875 0.6640625 0.034375 0.05
0 0.671875 0.98515625 0.040625 0.0296875
0 0.69375 0.3171875 0.034375 0.040625
0 0.3859375 0.828125 0.021875 0.0125
0 0.4140625 0.80625 0.025 0.0125
0 0.44375 0.7984375 0.0375 0.034375
0 0.684375 0.696875 0.0375 0.028125
0 0.3203125 0.6671875 0.05 0.046875
0 0.6953125 0.1921875 0.028125 0.040625
0 0.1984375 0.3609375 0.03125 0.04375
0 0.0328125 0.659375 0.046875 0.05625
0 0.49375 0.3671875 0.0375 0.0375
0 0.8265625 0.8375 0.040625 0.046875
0 0.0875 0.7765625 0.01875 0.046875
0 0.203125 0.2234375 0.028125 0.028125
0 0.2859375 0.371875 0.0375 0.034375
0 0.3703125 0.3390625 0.03125 0.0375
0 0.625 0.1125 0.028125 0.021875
0 0.046875 0.5359375 0.01875 0.028125
0 0.3359375 0.5640625 0.015625 0.028125
0 0.3765625 0.565625 0.028125 0.03125
0 0.7140625 0.5375 0.03125 0.0375
0 0.8859375 0.678125 0.04375 0.021875
0 0.965625 0.3796875 0.0375 0.028125
0 0.33125 0.840625 0.01875 0.01875
0 0.5828125 0.4203125 0.03125 0.021875
0 0.059375 0.409375 0.021875 0.025
0 0.2671875 0.421875 0.01875 0.015625
