0 0.3625 0.2078125 0.0375 0.0375
0 0.5765625 0.228125 0.040625 0.046875
0 0.9390625 0.0265625 0.040625 0.046875
0 0.621875 0.0671875 0.040625 0.04375
0 0.665625 0.2375 0.05 0.046875
0 0.4640625 0.171875 0.034375 0.03125
0 0.3046875 0.04375 0.04375 0.040625
0 0.71875 0.034375 0.034375 0.040625
0 0.7390625 0.078125 0.025 0.028125
0 0.9625 0.0265625 0.01875 0.046875
0 0.69375 0.20625 0.04375 0.0375
0 0.378125 0.1203125 0.040625 0.034375
0 0.4234375 0.11875 0.025 0.01875
0 0.3765625 0.040625 0.028125 0.0125
0 0.4 0.046875 0.021875 0.021875
0 0.51875 0.0546875 0.01875 0.01875
0 0.4 0.01875 0.0125 0.009375
