0 0.00625 0.1640625 0.0125 0.025
0 0.0125 0.14375 0.025 0.03125
0 0.4828125 0.0703125 0.03125 0.034375
0 0.2078125 0.00390625 0.0375 0.0078125
0 0.3453125 0.0390625 0.034375 0.034375
0 0.453125 0.1375 0.03125 0.028125
0 0.2484375 0.00546875 0.046875 0.0109375
0 0.0921875 0.078125 0.034375 0.040625
0 0.321875 0.0984375 0.034375 0.028125
0 0.6375 0.025 0.0375 0.034375
0 0.6765625 0.00390625 0.028125 0.0078125
0 0.0109375 0.21875 0.021875 0.03125
0 0.5296875 0.05 0.03125 0.03125
0 0.55625 0.06875 0.03125 0.025
0 0.559375 0.00625 0.025 0.0125
0 0.603125 0.0296875 0.03125 0.028125
0 0.1515625 0.00546875 0.021875 0.0109375
0 0.69375 0.0171875 0.021875 0.01875
