0 0.6875 0.8515625 0.03125 0.0375
0 0.478125 0.953125 0.040625 0.0375
0 0.4296875 0.9140625 0.025 0.0375
0 0.6453125 0.99375 0.028125 0.0125
0 0.3796875 0.721875 0.028125 0.03125
0 0.396875 0.746875 0.01875 0.021875
0 0.4296875 0.7125 0.025 0.025
0 0.93125 0.8921875 0.025 0.03125
0 0.703125 0.8578125 0.015625 0.03125
0 0.78125 0.8484375 0.025 0.015625
0 0.428125 0.825 0.034375 0.021875
0 0.628125 0.9515625 0.03125 0.015625
0 0.4671875 0.884375 0.015625 0.028125
0 0.38125 0.9 0.015625 0.0125
0 0.64375 0.83125 0.01875 0.0125
0 0.978125 0.95625 0.01875 0.01875
0 0.00390625 0.93125 0.0078125 0.04375
