0 0.3078125 0.578125 0.05 0.05
0 0.36875 0.4203125 0.046875 0.05
0 0.2921875 0.69375 0.040625 0.046875
0 0.753125 0.821875 0.0375 0.0375
0 0.671875 0.390625 0.040625 0.046875
0 0.6234375 0.6296875 0.04375 0.01875
0 0.68125 0.6171875 0.03125 0.03125
0 0.2015625 0.8921875 0.034375 0.028125
0 0.928125 0.259375 0.028125 0.0375
0 0.765625 0.3078125 0.028125 0.028125
0 0.4453125 0.840625 0.034375 0.040625
0 0.16875 0.8578125 0.034375 0.028125
0 0.3015625 0.3875 0.04375 0.04375
0 0.653125 0.2703125 0.03125 0.0375
0 0.928125 0.4015625 0.03125 0.03125
0 0.8703125 0.3671875 0.028125 0.028125
0 0.7375 0.7359375 0.034375 0.034375
0 0.825 0.515625 0.028125 0.015625
0 0.478125 0.3 0.028125 0.040625
0 0.50625 0.3046875 0.021875 0.021875
0 0.4890625 0.4828125 0.015625 0.01875
0 0.1796875 0.665625 0.028125 0.015625
0 0.028125 0.3859375 0.01875 0.021875
0 0.796875 0.3703125 0.028125 0.034375
