0 0.1546875 0.5046875 0.046875 0.04375
0 0.2296875 0.3890625 0.034375 0.0375
0 0.00625 0.4234375 0.0125 0.04375
0 0.8484375 0.2671875 0.034375 0.025
0 0.2671875 0.9640625 0.0375 0.0375
0 0.253125 0.765625 0.03125 0.03125
0 0.4171875 0.24375 0.0375 0.034375
0 0.0609375 0.85625 0.034375 0.028125
0 0.5 0.2625 0.040625 0.0375
0 0.5140625 0.49375 0.04375 0.04375
0 0.534375 0.7859375 0.03125 0.03125
0 0.3296875 0.8 0.028125 0.03125
0 0.7046875 0.896875 0.03125 0.028125
0 0.9078125 0.265625 0.03125 0.021875
0 0.196875 0.6609375 0.028125 0.025
0 0.678125 0.9015625 0.025 0.025
0 0.8265625 0.646875 0.025 0.03125
0 0.659375 0.7828125 0.034375 0.034375
0 0.9015625 0.4796875 0.028125 0.028125
0 0.4984375 0.5359375 0.028125 0.028125
0 0.584375 0.828125 0.021875 0.028125
0 0.609375 0.828125 0.021875 0.025
0 0.778125 0.878125 0.025 0.025
0 0.8140625 0.4734375 0.021875 0.028125
0 0.4203125 0.34375 0.034375 0.03125
0 0.5203125 0.5609375 0.021875 0.028125
0 0.01171875 0.809375 0.0234375 0.021875
