0 0.5265625 0.3359375 0.034375 0.03125
0 0.725 0.6578125 0.01875 0.021875
0 0.7984375 0.63125 0.0375 0.0375
0 0.4625 0.5375 0.028125 0.034375
0 0.5484375 0.053125 0.0375 0.034375
0 0.15625 0.55625 0.01875 0.015625
0 0.221875 0.5328125 0.040625 0.0375
0 0.3828125 0.3546875 0.034375 0.03125
0 0.5984375 0.615625 0.034375 0.034375
0 0.425 0.3890625 0.034375 0.034375
0 0.99453125 0.7890625 0.0109375 0.025
0 0.6265625 0.640625 0.0375 0.040625
0 0.278125 0.3703125 0.021875 0.028125
0 0.3390625 0.334375 0.028125 0.028125
0 0.7484375 0.628125 0.03125 0.0375
0 0.4921875 0.5609375 0.025 0.025
0 0.5140625 0.540625 0.040625 0.034375
0 0.0203125 0.5765625 0.028125 0.025
0 0.1375 0.5296875 0.034375 0.03125
0 0.1796875 0.21875 0.040625 0.0375
0 0.04375 0.59375 0.01875 0.0125
0 0.096875 0.546875 0.03125 0.025
0 0.9171875 0.85625 0.034375 0.034375
0 0.98828125 0.23125 0.0234375 0.03125
0 0.6203125 0.2578125 0.034375 0.040625
0 0.18125 0.6640625 0.01875 0.015625
0 0.2078125 0.6609375 0.028125 0.01875
0 0.45625 0.3671875 0.028125 0.028125
0 0.875 0.515625 0.028125 0.025
0 0.871875 0.4765625 0.034375 0.034375
0 0.8203125 0.4578125 0.028125 0.021875
0 0.4734375 0.490625 0.0375 0.03125
0 0.9671875 0.440625 0.03125 0.025
0 0.9828125 0.3140625 0.034375 0.034375
0 0.584375 0.80625 0.015625 0.021875
0 0.671875 0.8125 0.0375 0.028125
0 0.6953125 0.7671875 0.025 0.021875
0 0.890625 0.7578125 0.028125 0.025
0 0.8375 0.4265625 0.03125 0.03125
0 0.2046875 0.640625 0.01875 0.01875
0 0.0078125 0.4734375 0.015625 0.01875
0 0.3015625 0.509375 0.025 0.015625
0 0.4921875 0.40625 0.01875 0.021875
0 0.99375 0.4328125 0.0125 0.01875
0 0.99453125 0.50625 0.0109375 0.01875
