0 0.0265625 0.415625 0.046875 0.05
0 0.684375 0.6625 0.034375 0.0375
0 0.046875 0.2625 0.040625 0.040625
0 0.703125 0.821875 0.0375 0.034375
0 0.1890625 0.4109375 0.01875 0.01875
0 0.2390625 0.3984375 0.0375 0.04375
0 0.3265625 0.3828125 0.040625 0.040625
0 0.809375 0.784375 0.046875 0.034375
0 0.0390625 0.3 0.034375 0.034375
0 0.75 0.4796875 0.04375 0.04375
0 0.0546875 0.5546875 0.028125 0.03125
0 0.7015625 0.4828125 0.028125 0.028125
0 0.8109375 0.4078125 0.040625 0.0375
0 0.4515625 0.4609375 0.0375 0.04375
0 0.475 0.703125 0.03125 0.021875
0 0.284375 0.378125 0.040625 0.034375
0 0.153125 0.715625 0.05 0.046875
0 0.3359375 0.63125 0.040625 0.0375
0 0.01328125 0.2765625 0.0265625 0.040625
0 0.7640625 0.3265625 0.034375 0.025
0 0.2640625 0.2546875 0.0375 0.040625
0 0.4578125 0.771875 0.025 0.03125
0 0.575 0.8984375 0.028125 0.028125
0 0.6203125 0.7421875 0.028125 0.025
0 0.23125 0.25625 0.03125 0.04375
0 0.9546875 0.5578125 0.015625 0.015625
0 0.9625 0.5703125 0.009375 0.0125
0 0.9765625 0.553125 0.01875 0.01875
0 0.2265625 0.534375 0.03125 0.034375
0 0.5109375 0.6953125 0.01875 0.025
0 0.534375 0.4671875 0.04375 0.04375
0 0.9015625 0.715625 0.03125 0.03125
0 0.15625 0.3609375 0.0375 0.034375
0 0.8171875 0.6234375 0.040625 0.04375
0 0.2109375 0.31875 0.028125 0.034375
0 0.678125 0.7203125 0.0375 0.034375
0 0.534375 0.46875 0.04375 0.04375
0 0.678125 0.7171875 0.040625 0.034375
0 0.9921875 0.546875 0.0125 0.015625
0 0.3046875 0.4359375 0.021875 0.021875
0 0.0171875 0.7984375 0.01875 0.025
0 0.28125 0.965625 0.01875 0.021875
0 0.2453125 0.9359375 0.0125 0.0125
0 0.078125 0.99453125 0.021875 0.0109375
0 0.1875 0.4875 0.0375 0.021875
0 0.60625 0.8984375 0.015625 0.01875
0 0.7453125 0.853125 0.021875 0.021875
0 0.5015625 0.740625 0.015625 0.021875
0 0.5609375 0.7453125 0.0125 0.021875
0 0.565625 0.715625 0.009375 0.015625
0 0.5765625 0.6984375 0.015625 0.015625
0 0.590625 0.73125 0.01875 0.0125
0 0.534375 0.6875 0.021875 0.034375
0 0.1453125 0.45625 0.028125 0.021875
