0 0.3625 0.9578125 0.0375 0.0375
0 0.5765625 0.97734375 0.040625 0.0453125
0 0.9390625 0.7765625 0.040625 0.046875
0 0.64375 0.284375 0.040625 0.034375
0 0.621875 0.8171875 0.040625 0.04375
0 0.665625 0.98203125 0.05 0.0359375
0 0.4640625 0.921875 0.034375 0.03125
0 0.796875 0.684375 0.021875 0.01875
0 0.840625 0.6625 0.053125 0.05625
0 0.3046875 0.79375 0.04375 0.040625
0 0.8625 0.215625 0.028125 0.040625
0 0.9453125 0.3609375 0.0375 0.040625
0 0.7421875 0.20625 0.028125 0.025
0 0.98828125 0.1859375 0.0234375 0.0375
0 0.0703125 0.4484375 0.040625 0.034375
0 0.8609375 0.5140625 0.03125 0.03125
0 0.71875 0.784375 0.034375 0.040625
0 0.7390625 0.828125 0.025 0.028125
0 0.38125 0.634375 0.021875 0.034375
0 0.9078125 0.659375 0.046875 0.05625
0 0.9625 0.7765625 0.01875 0.046875
0 0.69375 0.95625 0.04375 0.0375
0 0.378125 0.8703125 0.040625 0.034375
0 0.4234375 0.86875 0.025 0.01875
0 0.8 0.4703125 0.03125 0.0125
0 0.83125 0.446875 0.01875 0.034375
0 0.4578125 0.515625 0.028125 0.01875
0 0.33125 0.5953125 0.025 0.01875
0 0.4171875 0.2875 0.03125 0.021875
0 0.6078125 0.21875 0.025 0.015625
0 0.921875 0.5359375 0.01875 0.028125
0 0.0953125 0.5203125 0.015625 0.015625
0 0.1296875 0.3609375 0.03125 0.025
0 0.1640625 0.5859375 0.01875 0.0125
0 0.1296875 0.571875 0.015625 0.015625
0 0.175 0.371875 0.015625 0.0125
0 0.0046875 0.6265625 0.009375 0.025
0 0.54375 0.34375 0.028125 0.021875
0 0.3390625 0.30625 0.0125 0.0125
0 0.3765625 0.790625 0.028125 0.0125
0 0.4 0.796875 0.021875 0.021875
0 0.51875 0.8046875 0.01875 0.01875
0 0.85625 0.4828125 0.03125 0.034375
0 0.040625 0.625 0.021875 0.015625
0 0.0203125 0.54375 0.01875 0.01875
0 0.4 0.76875 0.0125 0.009375
0 0.6875 0.665625 0.01875 0.0125
0 0.934375 0.409375 0.021875 0.025
0 0.5578125 0.521875 0.021875 0.01875
