0 0.453125 0.01328125 0.046875 0.0265625
0 0.3296875 0.1015625 0.03125 0.03125
0 0.4625 0.0484375 0.046875 0.0375
0 0.5328125 0.0015625 0.0375 0.003125
0 0.615625 0.109375 0.028125 0.025
0 0.696875 0.14375 0.025 0.028125
0 0.746875 0.159375 0.03125 0.03125
0 0.071875 0.215625 0.034375 0.040625
0 0.04375 0.2203125 0.040625 0.0375
0 0.4296875 0.0265625 0.028125 0.034375
0 0.5765625 0.1734375 0.021875 0.01875
0 0.01875 0.2078125 0.03125 0.053125
0 0.23125 0.1203125 0.03125 0.034375
0 0.53125 0.0015625 0.034375 0.003125
