0 0.3140625 0.66875 0.04375 0.04375
0 0.4609375 0.7125 0.040625 0.0375
0 0.865625 0.4234375 0.04375 0.04375
0 0.8015625 0.3953125 0.025 0.034375
0 0.8 0.353125 0.040625 0.04375
0 0.3171875 0.3578125 0.0375 0.03125
0 0.7671875 0.6640625 0.0375 0.0375
0 0.815625 0.6640625 0.040625 0.040625
0 0.7125 0.525 0.04375 0.0375
0 0.8046875 0.8578125 0.034375 0.03125
0 0.7734375 0.7 0.040625 0.040625
0 0.7359375 0.6953125 0.03125 0.03125
0 0.9359375 0.85625 0.034375 0.028125
0 0.7578125 0.5203125 0.04375 0.03125
0 0.61875 0.8546875 0.0375 0.034375
0 0.4171875 0.971875 0.034375 0.034375
0 0.19375 0.5984375 0.01875 0.0125
0 0.215625 0.584375 0.025 0.028125
0 0.396875 0.6078125 0.040625 0.034375
0 0.3640625 0.878125 0.025 0.034375
0 0.8328125 0.3921875 0.0375 0.04375
0 0.4734375 0.23125 0.0375 0.034375
0 0.43125 0.9234375 0.03125 0.034375
0 0.2625 0.571875 0.03125 0.021875
0 0.3046875 0.7421875 0.03125 0.025
0 0.2765625 0.1765625 0.03125 0.025
0 0.409375 0.2546875 0.028125 0.03125
0 0.809375 0.55625 0.040625 0.0375
0 0.3296875 0.59375 0.040625 0.028125
0 0.5953125 0.1453125 0.034375 0.034375
0 0.64375 0.453125 0.040625 0.040625
0 0.0921875 0.2671875 0.03125 0.025
0 0.1640625 0.3484375 0.03125 0.028125
0 0.6921875 0.4796875 0.034375 0.0375
0 0.353125 0.175 0.03125 0.025
0 0.4921875 0.4125 0.025 0.028125
0 0.2484375 0.6921875 0.025 0.025
0 0.2625 0.1625 0.03125 0.025
0 0.23125 0.2796875 0.01875 0.021875
0 0.7328125 0.8390625 0.021875 0.021875
0 0.88125 0.809375 0.034375 0.021875
0 0.2921875 0.35625 0.0125 0.03125
