0 0.421875 0.721875 0.0375 0.040625
0 0.359375 0.665625 0.0375 0.034375
0 0.234375 0.446875 0.034375 0.0375
0 0.5171875 0.4140625 0.028125 0.03125
0 0.803125 0.721875 0.040625 0.040625
0 0.634375 0.384375 0.028125 0.03125
0 0.7109375 0.8265625 0.034375 0.034375
0 0.13125 0.94375 0.028125 0.025
0 0.5109375 0.5171875 0.03125 0.028125
0 0.984375 0.61875 0.03125 0.03125
0 0.646875 0.8203125 0.028125 0.034375
0 0.2796875 0.7875 0.034375 0.0375
0 0.74375 0.3578125 0.028125 0.03125
0 0.6765625 0.85 0.03125 0.028125
0 0.046875 0.99765625 0.034375 0.0046875
0 0.14375 0.3953125 0.03125 0.034375
0 0.840625 0.578125 0.03125 0.034375
0 0.3171875 0.4140625 0.03125 0.040625
0 0.5796875 0.61875 0.028125 0.015625
0 0.5859375 0.5796875 0.028125 0.025
0 0.109375 0.45625 0.034375 0.0375
0 0.1453125 0.4625 0.028125 0.028125
0 0.01015625 0.659375 0.0203125 0.03125
0 0.00546875 0.6203125 0.0109375 0.03125
0 0.621875 0.928125 0.04375 0.05
0 0.115625 0.371875 0.025 0.03125
0 0.6015625 0.609375 0.028125 0.025
0 0.5296875 0.5390625 0.021875 0.021875
0 0.8390625 0.7609375 0.01875 0.015625
0 0.3375 0.6421875 0.015625 0.01875
0 0.10625 0.584375 0.025 0.021875
0 0.3375 0.925 0.025 0.01875
0 0.0140625 0.909375 0.025 0.015625
