0 0.5515625 0.4625 0.04375 0.053125
0 0.275 0.3 0.040625 0.040625
0 0.453125 0.75625 0.046875 0.040625
0 0.6171875 0.3296875 0.05625 0.05625
0 0.01796875 0.61875 0.0359375 0.0375
0 0.4359375 0.6078125 0.040625 0.04375
0 0.3265625 0.5109375 0.040625 0.040625
0 0.4953125 0.6578125 0.0375 0.040625
0 0.3296875 0.8515625 0.03125 0.03125
0 0.1578125 0.596875 0.034375 0.040625
0 0.4625 0.7984375 0.046875 0.0375
0 0.3 0.434375 0.028125 0.034375
0 0.5328125 0.7328125 0.0375 0.040625
0 0.05 0.6609375 0.034375 0.03125
0 0.2625 0.021875 0.0375 0.0375
0 0.615625 0.859375 0.028125 0.025
0 0.696875 0.89375 0.025 0.028125
0 0.7015625 0.534375 0.040625 0.03125
0 0.2359375 0.509375 0.034375 0.03125
0 0.1828125 0.70625 0.03125 0.025
0 0.0390625 0.446875 0.028125 0.034375
0 0.359375 0.3953125 0.0375 0.0375
0 0.359375 0.490625 0.046875 0.04375
0 0.746875 0.909375 0.03125 0.03125
0 0.071875 0.965625 0.034375 0.040625
0 0.04375 0.9703125 0.040625 0.0375
0 0.30625 0.00234375 0.028125 0.0046875
0 0.4296875 0.7765625 0.028125 0.034375
0 0.2890625 0.653125 0.034375 0.03125
0 0.0828125 0.2234375 0.04375 0.053125
0 0.5765625 0.9234375 0.021875 0.01875
0 0.01875 0.9578125 0.03125 0.053125
0 0.23125 0.8703125 0.03125 0.034375
0 0.53125 0.7328125 0.034375 0.040625
