0 0.3234375 0.6703125 0.046875 0.05
0 0.6765625 0.6015625 0.03125 0.0375
0 0.234375 0.934375 0.040625 0.0375
0 0.490625 0.8078125 0.04375 0.040625
0 0.2828125 0.9703125 0.04375 0.04375
0 0.446875 0.878125 0.034375 0.03125
0 0.053125 0.259375 0.028125 0.0375
0 0.7046875 0.796875 0.03125 0.028125
0 0.1421875 0.746875 0.03125 0.034375
0 0.4703125 0.5859375 0.0375 0.04375
0 0.465625 0.24375 0.03125 0.028125
0 0.64375 0.7359375 0.025 0.01875
0 0.7015625 0.734375 0.025 0.021875
0 0.7453125 0.5421875 0.021875 0.021875
0 0.75625 0.5125 0.040625 0.03125
0 0.7359375 0.840625 0.021875 0.028125
0 0.78125 0.528125 0.01875 0.01875
0 0.80625 0.5015625 0.0375 0.0375
0 0.053125 0.4015625 0.03125 0.03125
0 0.0046875 0.3671875 0.009375 0.028125
0 0.5515625 0.853125 0.025 0.025
0 0.6578125 0.3984375 0.025 0.025
0 0.7109375 0.390625 0.028125 0.025
0 0.61875 0.703125 0.0375 0.040625
0 0.8984375 0.6578125 0.01875 0.015625
0 0.94375 0.6296875 0.01875 0.021875
0 0.7171875 0.7078125 0.03125 0.025
0 0.759375 0.8359375 0.0125 0.03125
0 0.3140625 0.484375 0.021875 0.028125
0 0.3609375 0.53125 0.034375 0.01875
0 0.5890625 0.315625 0.025 0.03125
0 0.5859375 0.2421875 0.025 0.01875
0 0.2203125 0.375 0.021875 0.015625
0 0.2796875 0.4234375 0.03125 0.015625
0 0.7359375 0.3171875 0.021875 0.028125
0 0.1578125 0.71875 0.021875 0.01875
0 0.6953125 0.6921875 0.009375 0.03125
0 0.6859375 0.4515625 0.015625 0.01875
