0 0.38125 0.65 0.04375 0.034375
0 0.6875 0.1015625 0.03125 0.0375
0 0.4296875 0.596875 0.05 0.04375
0 0.175 0.615625 0.053125 0.05625
0 0.146875 0.275 0.0375 0.034375
0 0.478125 0.203125 0.040625 0.0375
0 0.9109375 0.328125 0.009375 0.021875
0 0.934375 0.3296875 0.034375 0.028125
0 0.61875 0.8421875 0.028125 0.028125
0 0.9046875 0.28125 0.040625 0.0375
0 0.68125 0.271875 0.034375 0.040625
0 0.753125 0.75625 0.021875 0.015625
0 0.7734375 0.73125 0.028125 0.025
0 0.825 0.5953125 0.03125 0.03125
0 0.684375 0.5265625 0.0375 0.046875
0 0.4296875 0.1640625 0.025 0.0375
0 0.48125 0.39375 0.01875 0.021875
0 0.5265625 0.3546875 0.028125 0.03125
0 0.1140625 0.528125 0.028125 0.03125
0 0.11875 0.5796875 0.028125 0.034375
0 0.6453125 0.2546875 0.028125 0.034375
0 0.2859375 0.6859375 0.040625 0.0375
0 0.85625 0.3171875 0.040625 0.025
0 0.4328125 0.6828125 0.028125 0.028125
0 0.7453125 0.546875 0.028125 0.028125
0 0.396875 0.00390625 0.01875 0.0078125
0 0.075 0.6609375 0.028125 0.028125
0 0.93125 0.1421875 0.025 0.03125
0 0.0234375 0.346875 0.040625 0.03125
0 0.703125 0.1078125 0.015625 0.03125
0 0.78125 0.0984375 0.025 0.015625
0 0.428125 0.075 0.034375 0.021875
0 0.628125 0.2015625 0.03125 0.015625
0 0.4671875 0.134375 0.015625 0.028125
0 0.38125 0.15 0.015625 0.0125
0 0.64375 0.08125 0.01875 0.0125
0 0.696875 0.378125 0.0375 0.01875
0 0.978125 0.20625 0.01875 0.01875
0 0.559375 0.4375 0.028125 0.01875
0 0.6109375 0.378125 0.021875 0.01875
0 0.803125 0.5046875 0.0125 0.025
0 0.2375 0.6140625 0.01875 0.01875
0 0.2453125 0.6296875 0.01875 0.01875
0 0.00546875 0.6234375 0.0109375 0.021875
0 0.00390625 0.18125 0.0078125 0.04375
0 0.428125 0.725 0.0125 0.025
