0 0.9015625 0.415625 0.046875 0.05
0 0.921875 0.2625 0.040625 0.040625
0 0.4203125 0.553125 0.04375 0.04375
0 0.5453125 0.3828125 0.03125 0.034375
0 0.2578125 0.6578125 0.04375 0.0375
0 0.328125 0.3421875 0.034375 0.03125
0 0.1984375 0.7125 0.0375 0.034375
0 0.4734375 0.4390625 0.0375 0.034375
0 0.9140625 0.3 0.034375 0.034375
0 0.415625 0.4640625 0.034375 0.028125
0 0.846875 0.665625 0.034375 0.04375
0 0.5078125 0.3671875 0.040625 0.03125
0 0.15 0.715625 0.0375 0.028125
0 0.7375 0.8875 0.034375 0.025
0 0.9296875 0.5546875 0.028125 0.03125
0 0.60625 0.0703125 0.028125 0.03125
0 0.88125 0.2765625 0.040625 0.040625
0 0.3765625 0.5546875 0.040625 0.04375
0 0.7765625 0.175 0.028125 0.025
0 0.6328125 0.1390625 0.03125 0.01875
0 0.66875 0.1390625 0.025 0.021875
0 0.715625 0.1625 0.03125 0.034375
0 0.453125 0.3578125 0.034375 0.015625
0 0.453125 0.3375 0.04375 0.03125
0 0.4296875 0.6328125 0.034375 0.04375
0 0.1734375 0.75 0.03125 0.028125
0 0.2109375 0.2421875 0.025 0.03125
0 0.815625 0.153125 0.03125 0.03125
0 0.8640625 0.046875 0.025 0.01875
0 0.4109375 0.35 0.034375 0.025
0 0.43125 0.296875 0.0375 0.028125
0 0.471875 0.325 0.015625 0.021875
0 0.740625 0.81875 0.028125 0.01875
0 0.8921875 0.7984375 0.01875 0.025
0 0.821875 0.9390625 0.03125 0.025
0 0.953125 0.99453125 0.021875 0.0109375
0 0.5890625 0.3140625 0.034375 0.028125
0 0.665625 0.3578125 0.03125 0.015625
0 0.7171875 0.61875 0.021875 0.040625
0 0.290625 0.484375 0.025 0.01875
0 0.021875 0.2625 0.0125 0.009375
0 0.2265625 0.4046875 0.025 0.021875
0 0.36875 0.3671875 0.021875 0.0125
