0 0.43125 0.253125 0.046875 0.04375
0 0.646875 0.553125 0.040625 0.04375
0 0.4578125 0.74375 0.040625 0.0375
0 0.1578125 0.1359375 0.05 0.04375
0 0.4921875 0.6765625 0.040625 0.034375
0 0.8890625 0.61875 0.04375 0.0375
0 0.3953125 0.6734375 0.0375 0.034375
0 0.79375 0.4328125 0.040625 0.040625
0 0.240625 0.39375 0.0375 0.034375
0 0.8265625 0.46875 0.0375 0.0375
0 0.29375 0.0828125 0.040625 0.040625
0 0.64375 0.671875 0.040625 0.03125
0 0.925 0.6609375 0.034375 0.03125
0 0.296875 0.3359375 0.034375 0.028125
0 0.196875 0.39375 0.0375 0.0375
0 0.3359375 0.8296875 0.0375 0.025
0 0.56875 0.4140625 0.03125 0.0375
0 0.4640625 0.18125 0.040625 0.040625
0 0.0578125 0.3234375 0.028125 0.028125
0 0.9140625 0.446875 0.028125 0.034375
0 0.184375 0.4796875 0.034375 0.046875
0 0.465625 0.58125 0.034375 0.03125
0 0.3078125 0.76875 0.03125 0.0375
0 0.946875 0.965625 0.034375 0.040625
0 0.7609375 0.31875 0.040625 0.05
0 0.7265625 0.65 0.028125 0.028125
0 0.91875 0.9703125 0.040625 0.0375
0 0.20625 0.3203125 0.04375 0.059375
0 0.078125 0.6046875 0.025 0.021875
0 0.8375 0.05 0.028125 0.021875
0 0.8546875 0.659375 0.025 0.03125
0 0.9578125 0.2234375 0.04375 0.053125
0 0.325 0.3203125 0.028125 0.028125
0 0.89375 0.9578125 0.03125 0.053125
0 0.4234375 0.6359375 0.034375 0.028125
0 0.521875 0.0765625 0.03125 0.040625
