0 0.36875 0.00703125 0.05 0.0140625
0 0.465625 0.6265625 0.04375 0.0375
0 0.53125 0.471875 0.046875 0.040625
0 0.76875 0.3109375 0.046875 0.04375
0 0.6 0.5015625 0.046875 0.040625
0 0.7453125 0.6375 0.034375 0.0375
0 0.7640625 0.4234375 0.05625 0.05
0 0.3140625 0.5421875 0.040625 0.03125
0 0.5984375 0.709375 0.053125 0.040625
0 0.759375 0.471875 0.040625 0.040625
0 0.0984375 0.275 0.028125 0.028125
0 0.8140625 0.2765625 0.0375 0.040625
0 0.79375 0.121875 0.046875 0.053125
0 0.2109375 0.3453125 0.021875 0.021875
0 0.4015625 0.24375 0.028125 0.028125
0 0.2875 0.6765625 0.03125 0.025
0 0.60625 0.7421875 0.03125 0.021875
0 0.796875 0.4765625 0.028125 0.0375
0 0.2828125 0.6015625 0.034375 0.0375
0 0.159375 0.4609375 0.025 0.03125
0 0.23125 0.2453125 0.03125 0.028125
0 0.5765625 0.7265625 0.03125 0.03125
0 0.221875 0.6640625 0.015625 0.015625
0 0.240625 0.634375 0.025 0.025
0 0.9875 0.528125 0.025 0.03125
0 0.35 0.640625 0.028125 0.021875
0 0.675 0.0328125 0.03125 0.0375
0 0.55625 0.08125 0.01875 0.0125
0 0.5875 0.08125 0.03125 0.028125
0 0.559375 0.68125 0.025 0.025
0 0.51875 0.671875 0.015625 0.021875
0 0.98984375 0.5796875 0.0203125 0.034375
0 0.478125 0.44375 0.040625 0.028125
0 0.8078125 0.1875 0.028125 0.034375
0 0.3765625 0.5796875 0.040625 0.040625
0 0.40625 0.390625 0.01875 0.021875
0 0.95 0.6609375 0.028125 0.028125
0 0.675 0.39375 0.0375 0.028125
0 0.378125 0.4578125 0.03125 0.034375
0 0.8984375 0.346875 0.040625 0.03125
0 0.8796875 0.6234375 0.0125 0.021875
0 0.8609375 0.18125 0.04375 0.04375
0 0.2921875 0.271875 0.015625 0.021875
0 0.0953125 0.6125 0.021875 0.015625
0 0.6328125 0.71875 0.0125 0.025
0 0.828125 0.1953125 0.015625 0.021875
