0 0.00625 0.9140625 0.0125 0.025
0 0.0125 0.89375 0.025 0.03125
0 0.096875 0.1109375 0.046875 0.053125
0 0.1765625 0.475 0.034375 0.040625
0 0.146875 0.3296875 0.040625 0.046875
0 0.4828125 0.8203125 0.03125 0.034375
0 0.190625 0.26875 0.04375 0.046875
0 0.2078125 0.7359375 0.0375 0.04375
0 0.3453125 0.7890625 0.034375 0.034375
0 0.453125 0.8875 0.03125 0.028125
0 0.078125 0.4828125 0.0375 0.034375
0 0.2484375 0.7375 0.046875 0.046875
0 0.7890625 0.1359375 0.040625 0.0375
0 0.0359375 0.1203125 0.040625 0.046875
0 0.6390625 0.7140625 0.040625 0.040625
0 0.8671875 0.48125 0.03125 0.0375
0 0.1 0.678125 0.0375 0.034375
0 0.3953125 0.678125 0.04375 0.040625
0 0.246875 0.2828125 0.040625 0.034375
0 0.8203125 0.31875 0.028125 0.03125
0 0.0921875 0.828125 0.034375 0.040625
0 0.421875 0.246875 0.0375 0.03125
0 0.06875 0.64375 0.028125 0.028125
0 0.7125 0.7296875 0.0375 0.03125
0 0.11875 0.5125 0.0375 0.025
0 0.921875 0.3671875 0.025 0.01875
0 0.0140625 0.33125 0.025 0.021875
0 0.05625 0.2328125 0.04375 0.04375
0 0.409375 0.409375 0.04375 0.034375
0 0.365625 0.6765625 0.025 0.03125
0 0.321875 0.8484375 0.034375 0.028125
0 0.79375 0.490625 0.04375 0.04375
0 0.6375 0.775 0.0375 0.034375
0 0.6765625 0.7453125 0.028125 0.025
0 0.0109375 0.96875 0.021875 0.03125
0 0.5296875 0.8 0.03125 0.03125
0 0.55625 0.81875 0.03125 0.025
0 0.559375 0.7515625 0.025 0.021875
0 0.603125 0.7796875 0.03125 0.028125
0 0.4125 0.6765625 0.03125 0.025
0 0.8125 0.59375 0.021875 0.01875
0 0.9671875 0.2859375 0.021875 0.021875
0 0.975 0.2421875 0.01875 0.01875
0 0.9953125 0.2921875 0.00625 0.01875
0 0.99375 0.565625 0.009375 0.025
0 0.8828125 0.659375 0.0125 0.01875
0 0.9421875 0.6390625 0.01875 0.025
0 0.95 0.615625 0.021875 0.025
0 0.98125 0.66875 0.0125 0.01875
0 0.1515625 0.7453125 0.021875 0.03125
0 0.5625 0.409375 0.01875 0.028125
0 0.69375 0.7671875 0.021875 0.01875
0 0.8359375 0.6625 0.015625 0.015625
