0 0.875 0.9140625 0.025 0.025
0 0.8875 0.89375 0.025 0.03125
0 0.971875 0.1109375 0.046875 0.053125
0 0.7703125 0.490625 0.046875 0.053125
0 0.421875 0.8703125 0.034375 0.0375
0 0.459375 0.8640625 0.0375 0.04375
0 0.628125 0.65 0.04375 0.04375
0 0.953125 0.4828125 0.0375 0.034375
0 0.475 0.09375 0.0375 0.0375
0 0.253125 0.1390625 0.04375 0.034375
0 0.3546875 0.284375 0.071875 0.059375
0 0.4984375 0.959375 0.0375 0.0375
0 0.9109375 0.1203125 0.040625 0.046875
0 0.975 0.678125 0.0375 0.034375
0 0.3140625 0.0609375 0.0375 0.0375
0 0.4109375 0.1734375 0.034375 0.034375
0 0.4921875 0.5125 0.0375 0.040625
0 0.7390625 0.3 0.03125 0.028125
0 0.3015625 0.8609375 0.028125 0.028125
0 0.346875 0.7765625 0.034375 0.034375
0 0.3890625 0.7765625 0.04375 0.034375
0 0.9671875 0.828125 0.034375 0.040625
0 0.615625 0.1734375 0.021875 0.03125
0 0.94375 0.64375 0.028125 0.028125
0 0.36875 0.9546875 0.0375 0.040625
0 0.9875 0.5125 0.025 0.025
0 0.79375 0.1640625 0.03125 0.028125
0 0.8890625 0.33125 0.025 0.021875
0 0.659375 0.4921875 0.04375 0.05
0 0.3625 0.8796875 0.03125 0.03125
0 0.93125 0.2328125 0.04375 0.04375
0 0.1828125 0.3140625 0.025 0.0375
0 0.1078125 0.296875 0.009375 0.015625
0 0.8828125 0.96875 0.028125 0.03125
0 0.2265625 0.8328125 0.034375 0.028125
0 0.20625 0.5234375 0.028125 0.03125
0 0.2296875 0.503125 0.028125 0.03125
0 0.2203125 0.384375 0.025 0.028125
0 0.125 0.29375 0.01875 0.015625
0 0.034375 0.16875 0.015625 0.0125
0 0.1625 0.2171875 0.015625 0.0125
0 0.553125 0.28125 0.034375 0.028125
