0 0.4015625 0.565625 0.053125 0.05625
0 0.06875 0.3484375 0.046875 0.046875
0 0.4171875 0.6234375 0.053125 0.05625
0 0.053125 0.634375 0.053125 0.05
0 0.171875 0.565625 0.05625 0.05
0 0.246875 0.628125 0.046875 0.046875
0 0.3078125 0.6984375 0.046875 0.05
0 0.3484375 0.73125 0.040625 0.040625
0 0.3359375 0.865625 0.0375 0.040625
0 0.4828125 0.16875 0.03125 0.021875
0 0.11875 0.70625 0.03125 0.0375
0 0.5921875 0.73125 0.03125 0.0375
0 0.5953125 0.73125 0.034375 0.034375
0 0.7171875 0.5578125 0.01875 0.021875
0 0.803125 0.5171875 0.0375 0.028125
0 0.30625 0.396875 0.046875 0.0375
0 0.759375 0.465625 0.05 0.03125
0 0.95625 0.6421875 0.028125 0.01875
0 0.96875 0.390625 0.03125 0.01875
0 0.984375 0.3125 0.028125 0.021875
