0 0.5234375 0.4796875 0.0375 0.034375
0 0.1609375 0.6875 0.021875 0.015625
0 0.2140625 0.690625 0.021875 0.015625
0 0.24375 0.671875 0.034375 0.03125
0 0.1375 0.7125 0.021875 0.015625
0 0.1671875 0.665625 0.03125 0.028125
0 0.590625 0.7578125 0.03125 0.0375
0 0.41875 0.5328125 0.034375 0.034375
0 0.99609375 0.94375 0.0078125 0.025
0 0.4828125 0.553125 0.0125 0.015625
0 0.4953125 0.546875 0.015625 0.0125
0 0.584375 0.20625 0.028125 0.025
0 0.80625 0.7796875 0.034375 0.0375
0 0.0515625 0.48125 0.025 0.021875
0 0.3796875 0.4984375 0.034375 0.028125
0 0.3015625 0.5078125 0.025 0.021875
0 0.7265625 0.803125 0.01875 0.0125
0 0.7484375 0.771875 0.03125 0.03125
0 0.465625 0.678125 0.028125 0.028125
0 0.921875 0.99765625 0.034375 0.0046875
0 0.084375 0.4234375 0.025 0.021875
0 0.471875 0.6328125 0.028125 0.028125
0 0.61875 0.790625 0.03125 0.025
0 0.628125 0.771875 0.03125 0.028125
0 0.496875 0.7015625 0.028125 0.01875
0 0.5140625 0.678125 0.0375 0.025
0 0.98359375 0.45625 0.0328125 0.0375
0 0.2453125 0.7953125 0.021875 0.015625
0 0.88125 0.659375 0.028125 0.03125
0 0.8703125 0.6203125 0.03125 0.03125
0 0.9890625 0.371875 0.021875 0.03125
0 0.0828125 0.5953125 0.015625 0.015625
0 0.08125 0.5546875 0.01875 0.01875
0 0.125 0.6125 0.015625 0.0125
0 0.2234375 0.371875 0.034375 0.015625
0 0.403125 0.5140625 0.021875 0.015625
0 0.4453125 0.51875 0.028125 0.034375
0 0.621875 0.40625 0.021875 0.028125
0 0.590625 0.9484375 0.01875 0.01875
0 0.671875 0.9578125 0.03125 0.025
0 0.69375 0.9109375 0.028125 0.021875
0 0.98125 0.584375 0.025 0.021875
0 0.846875 0.571875 0.03125 0.028125
0 0.553125 0.6796875 0.025 0.021875
0 0.8890625 0.909375 0.025 0.015625
