0 0.390625 0.503125 0.053125 0.05
0 0.6203125 0.9625 0.05 0.040625
0 0.8421875 0.6640625 0.0375 0.04375
0 0.6296875 0.9234375 0.04375 0.04375
0 0.9171875 0.0546875 0.05625 0.05625
0 0.9578125 0.1234375 0.05 0.05
0 0.9640625 0.6390625 0.046875 0.046875
0 0.9828125 0.071875 0.034375 0.04375
0 0.3296875 0.5609375 0.046875 0.046875
0 0.5765625 0.0546875 0.040625 0.040625
0 0.4578125 0.3953125 0.04375 0.046875
0 0.659375 0.959375 0.04375 0.040625
0 0.9078125 0.7578125 0.040625 0.04375
0 0.628125 0.328125 0.040625 0.04375
0 0.584375 0.284375 0.04375 0.040625
0 0.396875 0.8234375 0.034375 0.0375
0 0.99375 0.1296875 0.0125 0.040625
0 0.421875 0.3796875 0.03125 0.0375
0 0.4203125 0.8984375 0.05625 0.053125
0 0.6203125 0.49375 0.034375 0.0375
0 0.8953125 0.515625 0.0375 0.0375
0 0.99296875 0.2640625 0.0140625 0.04375
0 0.015625 0.471875 0.028125 0.034375
0 0.0234375 0.7296875 0.04375 0.034375
0 0.965625 0.53125 0.034375 0.040625
0 0.7609375 0.4203125 0.034375 0.046875
0 0.9609375 0.2828125 0.028125 0.040625
0 0.3515625 0.775 0.046875 0.046875
0 0.9078125 0.121875 0.046875 0.05
0 0.6546875 0.4984375 0.040625 0.046875
