0 0.00703125 0.6640625 0.0140625 0.034375
0 0.240625 0.5625 0.034375 0.05
0 0.275 0.5796875 0.05 0.040625
0 0.275 0.5578125 0.040625 0.0375
0 0.409375 0.5484375 0.05625 0.05
0 0.4234375 0.7046875 0.05625 0.04375
0 0.1078125 0.7796875 0.046875 0.040625
0 0.0203125 0.7359375 0.040625 0.034375
0 0.103125 0.85625 0.040625 0.0375
0 0.7875 0.5671875 0.090625 0.0875
0 0.5109375 0.6328125 0.034375 0.046875
0 0.4859375 0.7109375 0.05 0.046875
0 0.453125 0.925 0.040625 0.028125
0 0.84375 0.709375 0.046875 0.0875
0 0.51875 0.9921875 0.065625 0.015625
0 0.30625 0.98046875 0.0375 0.0390625
0 0.109375 0.9703125 0.034375 0.05
0 0.625 0.65625 0.0375 0.025
