0 0.6328125 0.8671875 0.053125 0.05
0 0.02109375 0.5203125 0.0421875 0.065625
0 0.671875 0.0859375 0.04375 0.05
0 0.696875 0.903125 0.046875 0.04375
0 0.4359375 0.4078125 0.05 0.059375
0 0.809375 0.446875 0.053125 0.04375
0 0.4375 0.4078125 0.05 0.0625
0 0.5625 0.1125 0.05 0.04375
0 0.6234375 0.75625 0.046875 0.046875
0 0.7109375 0.615625 0.05 0.046875
0 0.9484375 0.7328125 0.03125 0.025
0 0.3078125 0.8109375 0.059375 0.059375
0 0.196875 0.3390625 0.059375 0.05
0 0.4890625 0.5296875 0.046875 0.05
0 0.5609375 0.1125 0.046875 0.04375
0 0.5765625 0.7765625 0.040625 0.028125
0 0.221875 0.684375 0.046875 0.05625
0 0.5515625 0.5953125 0.040625 0.05
0 0.190625 0.2859375 0.0625 0.0625
0 0.190625 0.2875 0.0625 0.065625
0 0.9578125 0.2921875 0.03125 0.025
0 0.3078125 0.8109375 0.0625 0.05625
0 0.9546875 0.4875 0.028125 0.03125
0 0.7875 0.375 0.040625 0.040625
0 0.00234375 0.74375 0.0046875 0.028125
0 0.1609375 0.6453125 0.040625 0.05
0 0.790625 0.3765625 0.0375 0.040625
0 0.103125 0.5171875 0.03125 0.04375
0 0.628125 0.26875 0.03125 0.040625
0 0.6796875 0.2234375 0.034375 0.021875
0 0.2296875 0.14375 0.05625 0.046875
0 0.346875 0.784375 0.0375 0.034375
