0 0.2078125 0.5328125 0.053125 0.0625
0 0.190625 0.6375 0.059375 0.046875
0 0.6671875 0.46875 0.03125 0.028125
0 0.4828125 0.6046875 0.0375 0.040625
0 0.98125 0.3859375 0.034375 0.040625
0 0.7875 0.2171875 0.040625 0.040625
0 0.6921875 0.1890625 0.046875 0.04375
0 0.6234375 0.071875 0.05 0.05
0 0.0515625 0.1265625 0.034375 0.04375
0 0.6765625 0.60625 0.03125 0.034375
0 0.340625 0.2234375 0.034375 0.046875
0 0.378125 0.065625 0.0375 0.040625
0 0.30625 0.2625 0.04375 0.05
0 0.7625 0.5765625 0.0375 0.0375
0 0.8578125 0.5953125 0.03125 0.028125
0 0.4765625 0.4421875 0.025 0.01875
0 0.4453125 0.4484375 0.0375 0.034375
0 0.4515625 0.096875 0.05 0.046875
0 0.5765625 0.090625 0.046875 0.0375
0 0.234375 0.2625 0.040625 0.053125
0 0.090625 0.1796875 0.040625 0.04375
0 0.653125 0.178125 0.034375 0.046875
0 0.4796875 0.3546875 0.0375 0.03125
0 0.5671875 0.2703125 0.04375 0.0375
0 0.6046875 0.1828125 0.03125 0.034375
0 0.4421875 0.5515625 0.028125 0.028125
0 0.4921875 0.428125 0.021875 0.025
0 0.3390625 0.0671875 0.01875 0.0375
0 0.865625 0.5671875 0.01875 0.025
0 0.6921875 0.45625 0.021875 0.01875
0 0.7765625 0.1890625 0.025 0.01875
