0 0.55 0.4703125 0.05 0.0625
0 0.740625 0.9296875 0.053125 0.05
0 0.9875 0.853125 0.025 0.053125
0 0.6625 0.8359375 0.05 0.04375
0 0.6296875 0.234375 0.059375 0.053125
0 0.634375 0.3921875 0.059375 0.053125
0 0.290625 0.5359375 0.059375 0.04375
0 0.3328125 0.8265625 0.05 0.053125
0 0.4875 0.7 0.05 0.053125
0 0.7203125 0.83125 0.046875 0.046875
0 0.7265625 0.5515625 0.053125 0.05
0 0.39375 0.75 0.046875 0.046875
0 0.503125 0.5078125 0.065625 0.059375
0 0.98203125 0.7234375 0.0359375 0.0375
0 0.95 0.809375 0.040625 0.05625
0 0.61875 0.86875 0.0375 0.025
0 0.9140625 0.659375 0.03125 0.046875
0 0.371875 0.8875 0.0375 0.0375
0 0.4671875 0.79375 0.034375 0.04375
0 0.259375 0.74375 0.05625 0.05625
0 0.534375 0.3796875 0.05625 0.046875
0 0.9921875 0.3234375 0.015625 0.034375
0 0.3625 0.5109375 0.021875 0.03125
0 0.8890625 0.278125 0.028125 0.0375
0 0.409375 0.5984375 0.04375 0.0375
0 0.0703125 0.5171875 0.05 0.034375
0 0.4703125 0.79375 0.0375 0.046875
0 0.3921875 0.571875 0.046875 0.0375
