0 0.7875 0.9671875 0.040625 0.040625
0 0.6921875 0.9390625 0.046875 0.04375
0 0.6234375 0.821875 0.05 0.05
0 0.0515625 0.8765625 0.034375 0.04375
0 0.340625 0.9734375 0.034375 0.046875
0 0.378125 0.815625 0.0375 0.040625
0 0.30625 0.99375 0.04375 0.0125
0 0.4515625 0.846875 0.05 0.046875
0 0.5765625 0.840625 0.046875 0.0375
0 0.234375 0.99296875 0.040625 0.0140625
0 0.090625 0.9296875 0.040625 0.04375
0 0.653125 0.928125 0.034375 0.046875
0 0.6046875 0.9328125 0.03125 0.034375
0 0.1109375 0.678125 0.021875 0.025
0 0.3390625 0.8171875 0.01875 0.0375
0 0.7765625 0.9390625 0.025 0.01875
