0 0.625 0.5109375 0.06875 0.071875
0 0.54375 0.4265625 0.06875 0.071875
0 0.584375 0.2328125 0.0625 0.0625
0 0.634375 0.2015625 0.046875 0.0625
0 0.1296875 0.1421875 0.0625 0.065625
0 0.5671875 0.840625 0.059375 0.059375
0 0.7 0.5296875 0.05 0.053125
0 0.225 0.578125 0.053125 0.05625
0 0.421875 0.8234375 0.04375 0.05
0 0.2109375 0.2578125 0.046875 0.059375
0 0.2234375 0.8875 0.040625 0.034375
0 0.2984375 0.8328125 0.053125 0.05
0 0.390625 0.790625 0.046875 0.05625
0 0.02421875 0.3625 0.0484375 0.046875
0 0.2796875 0.4375 0.05625 0.05625
0 0.0984375 0.7375 0.034375 0.046875
0 0.246875 0.753125 0.0375 0.05625
0 0.771875 0.334375 0.04375 0.0375
0 0.1890625 0.70625 0.040625 0.03125
0 0.7234375 0.734375 0.034375 0.04375
0 0.1796875 0.575 0.034375 0.034375
0 0.90625 0.234375 0.03125 0.021875
0 0.4140625 0.69375 0.025 0.040625
0 0.5953125 0.3984375 0.05 0.040625
0 0.1828125 0.903125 0.034375 0.034375
0 0.7890625 0.3484375 0.040625 0.040625
0 0.6296875 0.275 0.0375 0.03125
0 0.534375 0.6765625 0.028125 0.028125
0 0.01953125 0.4296875 0.0390625 0.0375
0 0.8609375 0.6328125 0.015625 0.021875
0 0.459375 0.825 0.0375 0.0625
0 0.815625 0.51875 0.021875 0.021875
