0 0.7234375 0.8265625 0.05 0.046875
0 0.515625 0.909375 0.046875 0.04375
0 0.8546875 0.6671875 0.04375 0.0375
0 0.0546875 0.8171875 0.046875 0.034375
0 0.071875 0.9984375 0.0375 0.003125
0 0.6671875 0.7515625 0.0375 0.04375
0 0.665625 0.9125 0.028125 0.028125
0 0.8046875 0.7203125 0.03125 0.034375
0 0.4171875 0.296875 0.040625 0.04375
0 0.3484375 0.634375 0.028125 0.028125
0 0.1171875 0.7359375 0.040625 0.0375
0 0.1 0.940625 0.028125 0.034375
0 0.1859375 0.9234375 0.034375 0.028125
0 0.075 0.4734375 0.0375 0.040625
0 0.2609375 0.403125 0.03125 0.025
0 0.415625 0.3984375 0.028125 0.015625
0 0.3640625 0.6796875 0.034375 0.025
0 0.1046875 0.98515625 0.034375 0.0296875
0 0.01171875 0.346875 0.0234375 0.040625
0 0.7109375 0.6703125 0.025 0.03125
0 0.5140625 0.50625 0.034375 0.034375
0 0.28125 0.4203125 0.04375 0.0375
0 0.196875 0.471875 0.028125 0.03125
0 0.4234375 0.78125 0.0375 0.0375
0 0.4125 0.878125 0.028125 0.03125
0 0.765625 0.7890625 0.0375 0.034375
0 0.9859375 0.4703125 0.01875 0.025
0 0.3109375 0.90625 0.03125 0.021875
0 0.1390625 0.98671875 0.034375 0.0265625
0 0.2171875 0.903125 0.028125 0.03125
0 0.2375 0.7484375 0.025 0.021875
0 0.21875 0.5609375 0.01875 0.021875
0 0.23125 0.459375 0.034375 0.03125
0 0.003125 0.1890625 0.00625 0.025
0 0.01875 0.8375 0.021875 0.025
0 0.059375 0.528125 0.015625 0.009375
0 0.3765625 0.884375 0.03125 0.015625
0 0.3703125 0.828125 0.01875 0.015625
0 0.01875 0.4078125 0.034375 0.0375
0 0.5328125 0.5828125 0.015625 0.01875
0 0.4265625 0.384375 0.025 0.021875
0 0.0953125 0.246875 0.015625 0.015625
0 0.1578125 0.9109375 0.025 0.01875
0 0.009375 0.953125 0.0125 0.0125
0 0.1546875 0.8703125 0.021875 0.009375
0 0.6828125 0.9203125 0.015625 0.025
