0 0.88125 0.5203125 0.071875 0.065625
0 0.4296875 0.7796875 0.046875 0.065625
0 0.565625 0.759375 0.05 0.053125
0 0.3546875 0.31875 0.053125 0.05625
0 0.7921875 0.75625 0.040625 0.04375
0 0.753125 0.503125 0.05625 0.046875
0 0.3828125 0.25625 0.04375 0.05625
0 0.1296875 0.1875 0.040625 0.028125
0 0.265625 0.1046875 0.025 0.025
0 0.0546875 0.709375 0.03125 0.025
0 0.015625 0.4921875 0.028125 0.03125
0 0.8390625 0.8125 0.04375 0.0375
0 0.2234375 0.0734375 0.028125 0.025
0 0.8578125 0.74375 0.04375 0.028125
0 0.4984375 0.1640625 0.040625 0.03125
0 0.5125 0.603125 0.040625 0.046875
0 0.0796875 0.61875 0.025 0.021875
0 0.0203125 0.2140625 0.021875 0.028125
0 0.01875 0.1203125 0.025 0.03125
0 0.978125 0.5171875 0.03125 0.04375
0 0.6015625 0.5390625 0.025 0.0375
