0 0.2734375 0.1453125 0.034375 0.034375
0 0.35 0.0828125 0.028125 0.025
0 0.6125 0.115625 0.034375 0.025
0 0.3140625 0.01875 0.025 0.028125
0 0.6171875 0.21875 0.03125 0.03125
0 0.2140625 0.084375 0.028125 0.028125
0 0.4515625 0.01015625 0.021875 0.0203125
0 0.30625 0.1421875 0.03125 0.03125
0 0.265625 0.0609375 0.028125 0.021875
0 0.7375 0.0265625 0.01875 0.0125
0 0.44375 0.1625 0.03125 0.0125
0 0.4640625 0.128125 0.021875 0.021875
0 0.4828125 0.1203125 0.015625 0.021875
0 0.4734375 0.03125 0.03125 0.028125
