0 0.91875 0.5609375 0.05 0.05
0 0.771875 0.7828125 0.0375 0.0375
0 0.3859375 0.7609375 0.03125 0.034375
0 0.2984375 0.290625 0.028125 0.034375
0 0.9625 0.428125 0.05 0.05
0 0.740625 0.2796875 0.04375 0.05625
0 0.94375 0.725 0.03125 0.034375
0 0.99296875 0.6828125 0.0140625 0.0375
0 0.740625 0.7703125 0.021875 0.01875
0 0.7375 0.7375 0.0375 0.0375
0 0.446875 0.8015625 0.021875 0.034375
0 0.4671875 0.8 0.025 0.034375
0 0.3265625 0.7859375 0.028125 0.03125
0 0.7890625 0.909375 0.0375 0.040625
0 0.9234375 0.4328125 0.034375 0.0375
0 0.8390625 0.09375 0.03125 0.034375
0 0.703125 0.7046875 0.03125 0.03125
0 0.8234375 0.9015625 0.04375 0.04375
0 0.8546875 0.1296875 0.034375 0.025
0 0.6984375 0.7453125 0.0375 0.034375
0 0.853125 0.784375 0.028125 0.034375
0 0.203125 0.4515625 0.04375 0.03125
0 0.2578125 0.9859375 0.034375 0.028125
0 0.346875 0.3703125 0.028125 0.028125
0 0.3578125 0.3375 0.040625 0.03125
0 0.509375 0.684375 0.040625 0.028125
0 0.0234375 0.58125 0.01875 0.0125
0 0.0328125 0.5640625 0.021875 0.0125
0 0.071875 0.5359375 0.028125 0.034375
0 0.4796875 0.6453125 0.025 0.021875
0 0.9875 0.1171875 0.025 0.03125
0 0.86875 0.090625 0.015625 0.025
0 0.4 0.4 0.025 0.025
0 0.378125 0.3859375 0.01875 0.01875
0 0.95625 0.8171875 0.03125 0.034375
0 0.9859375 0.821875 0.025 0.028125
0 0.928125 0.7875 0.034375 0.025
0 0.53125 0.596875 0.0375 0.015625
0 0.55625 0.6296875 0.028125 0.021875
0 0.23125 0.6125 0.025 0.0125
0 0.321875 0.61875 0.0125 0.01875
