0 0.7828125 0.45 0.025 0.025
0 0.9265625 0.5390625 0.03125 0.025
0 0.984375 0.684375 0.021875 0.015625
0 0.921875 0.6234375 0.03125 0.028125
0 0.8640625 0.7 0.03125 0.03125
0 0.803125 0.7046875 0.028125 0.028125
0 0.8234375 0.73125 0.028125 0.034375
0 0.6078125 0.6578125 0.0625 0.03125
0 0.6765625 0.7265625 0.046875 0.04375
0 0.646875 0.8109375 0.04375 0.05
0 0.6078125 0.809375 0.03125 0.034375
0 0.45625 0.9359375 0.053125 0.05
0 0.99296875 0.740625 0.0140625 0.01875
0 0.8921875 0.86875 0.021875 0.021875
0 0.246875 0.75625 0.078125 0.065625
0 0.0890625 0.6328125 0.034375 0.04375
0 0.0609375 0.9328125 0.06875 0.071875
0 0.65625 0.86875 0.0375 0.03125
0 0.70625 0.8859375 0.015625 0.025
0 0.94375 0.875 0.028125 0.01875
0 0.7546875 0.9390625 0.025 0.015625
