0 0.99296875 0.240625 0.0140625 0.05625
0 0.94375 0.2640625 0.065625 0.075
0 0.8875 0.275 0.0625 0.053125
0 0.98671875 0.5796875 0.0265625 0.059375
0 0.7 0.434375 0.08125 0.078125
0 0.5421875 0.2828125 0.075 0.075
0 0.6453125 0.5859375 0.06875 0.078125
0 0.478125 0.678125 0.08125 0.084375
0 0.55625 0.671875 0.071875 0.075
0 0.3328125 0.5234375 0.075 0.06875
0 0.4203125 0.8046875 0.075 0.059375
0 0.00390625 0.99140625 0.0078125 0.0171875
0 0.2640625 0.0578125 0.071875 0.084375
0 0.4828125 0.01171875 0.053125 0.0234375
0 0.53125 0.0890625 0.065625 0.06875
0 0.596875 0.034375 0.065625 0.06875
0 0.99140625 0.1 0.0171875 0.071875
0 0.84375 0.3765625 0.0625 0.084375
