0 0.771875 0.0328125 0.0375 0.0375
0 0.3859375 0.0140625 0.03125 0.028125
0 0.740625 0.0203125 0.021875 0.01875
0 0.7375 0.003125 0.0375 0.00625
0 0.446875 0.0515625 0.021875 0.034375
0 0.4671875 0.05 0.025 0.034375
0 0.3265625 0.0359375 0.028125 0.03125
0 0.7890625 0.159375 0.0375 0.040625
0 0.8234375 0.1515625 0.04375 0.04375
0 0.6984375 0.00625 0.0375 0.0125
0 0.853125 0.034375 0.028125 0.034375
0 0.2578125 0.2390625 0.034375 0.034375
0 0.95625 0.0671875 0.03125 0.034375
0 0.9859375 0.071875 0.025 0.028125
0 0.928125 0.0375 0.034375 0.025
