0 0.6 0.453125 0.05 0.05
0 0.559375 0.7328125 0.046875 0.05
0 0.78125 0.653125 0.04375 0.04375
0 0.9296875 0.8171875 0.046875 0.034375
0 0.75625 0.95625 0.040625 0.0375
0 0.946875 0.9984375 0.0375 0.003125
0 0.6390625 0.665625 0.04375 0.04375
0 0.5078125 0.8484375 0.028125 0.021875
0 0.5171875 0.821875 0.034375 0.028125
0 0.3625 0.8234375 0.0375 0.040625
0 0.678125 0.6640625 0.034375 0.040625
0 0.515625 0.86875 0.03125 0.025
0 0.9859375 0.7359375 0.028125 0.0375
0 0.975 0.940625 0.028125 0.034375
0 0.246875 0.325 0.03125 0.028125
0 0.690625 0.5890625 0.05 0.05
0 0.2953125 0.8484375 0.028125 0.01875
0 0.296875 0.8171875 0.025 0.03125
0 0.1078125 0.2515625 0.03125 0.03125
0 0.95 0.4734375 0.0375 0.040625
0 0.7390625 0.4359375 0.046875 0.040625
0 0.8140625 0.6453125 0.034375 0.03125
0 0.5484375 0.7890625 0.025 0.03125
0 0.9796875 0.98515625 0.034375 0.0296875
0 0.878125 0.346875 0.040625 0.040625
0 0.3765625 0.9546875 0.03125 0.028125
0 0.075 0.7734375 0.025 0.021875
0 0.309375 0.89375 0.025 0.028125
0 0.390625 0.6015625 0.03125 0.03125
0 0.9984375 0.98671875 0.003125 0.0265625
0 0.6796875 0.5140625 0.03125 0.0375
0 0.7078125 0.5609375 0.034375 0.028125
0 0.4484375 0.55 0.021875 0.01875
0 0.34375 0.94375 0.03125 0.028125
0 0.3390625 0.8828125 0.021875 0.025
0 0.3046875 0.8703125 0.028125 0.021875
0 0.534375 0.8921875 0.01875 0.021875
0 0.0796875 0.7421875 0.028125 0.021875
0 0.0515625 0.73125 0.021875 0.015625
0 0.059375 0.7203125 0.028125 0.021875
0 0.05 0.34375 0.03125 0.021875
0 0.434375 0.2109375 0.025 0.03125
0 0.284375 0.3421875 0.021875 0.021875
0 0.3765625 0.2796875 0.021875 0.01875
0 0.43125 0.8234375 0.028125 0.025
0 0.4625 0.63125 0.025 0.03125
0 0.865625 0.1890625 0.03125 0.025
0 0.89375 0.8375 0.021875 0.025
0 0.934375 0.528125 0.015625 0.009375
0 0.89375 0.4078125 0.034375 0.0375
0 0.49375 0.6578125 0.046875 0.040625
0 0.9703125 0.246875 0.015625 0.015625
0 0.825 0.321875 0.01875 0.01875
0 0.359375 0.265625 0.015625 0.021875
0 0.065625 0.665625 0.0125 0.015625
0 0.253125 0.628125 0.009375 0.009375
0 0.884375 0.953125 0.0125 0.0125
0 0.378125 0.378125 0.0125 0.00625
0 0.3171875 0.41875 0.0125 0.0125
