0 0.45625 0.1796875 0.021875 0.025
0 0.459375 0.146875 0.034375 0.034375
0 0.33125 0.3046875 0.03125 0.034375
0 0.4875 0.190625 0.034375 0.034375
0 0.39375 0.9234375 0.04375 0.04375
0 0.4 0.4734375 0.03125 0.03125
0 0.11875 0.7421875 0.034375 0.034375
0 0.5921875 0.8203125 0.034375 0.034375
0 0.421875 0.91875 0.021875 0.03125
0 0.4484375 0.896875 0.05 0.04375
0 0.6828125 0.7203125 0.040625 0.040625
0 0.071875 0.9546875 0.028125 0.0375
0 0.703125 0.4453125 0.03125 0.025
0 0.24375 0.4953125 0.028125 0.034375
0 0.559375 0.6375 0.0375 0.040625
0 0.7671875 0.7 0.025 0.028125
0 0.9125 0.4203125 0.021875 0.025
0 0.0265625 0.9796875 0.040625 0.034375
0 0.928125 0.4875 0.015625 0.0125
0 0.1171875 0.590625 0.034375 0.046875
0 0.6953125 0.4 0.01875 0.0125
0 0.3859375 0.6 0.034375 0.028125
0 0.234375 0.940625 0.021875 0.028125
0 0.43125 0.409375 0.03125 0.028125
0 0.7125 0.4125 0.0125 0.015625
0 0.84375 0.5578125 0.015625 0.0125
0 0.8328125 0.5421875 0.009375 0.0125
0 0.790625 0.6203125 0.015625 0.015625
0 0.653125 0.5859375 0.009375 0.021875
0 0.6734375 0.6234375 0.021875 0.021875
0 0.7578125 0.440625 0.015625 0.015625
0 0.7953125 0.425 0.0125 0.015625
0 0.703125 0.3171875 0.0125 0.0125
0 0.9515625 0.5328125 0.0125 0.00625
0 0.9625 0.525 0.015625 0.009375
0 0.9859375 0.4078125 0.0125 0.0125
0 0.9171875 0.475 0.015625 0.0125
0 0.809375 0.69375 0.0125 0.0125
0 0.8703125 0.5859375 0.015625 0.015625
0 0.990625 0.6375 0.015625 0.01875
0 0.95625 0.5125 0.015625 0.0125
0 0.609375 0.75 0.021875 0.015625
