0 0.5765625 0.0140625 0.021875 0.028125
0 0.7265625 0.184375 0.03125 0.028125
0 0.5234375 0.0078125 0.03125 0.015625
0 0.2765625 0.065625 0.034375 0.028125
0 0.2765625 0.034375 0.034375 0.025
0 0.7046875 0.053125 0.028125 0.028125
0 0.29375 0.1390625 0.025 0.021875
0 0.2546875 0.10625 0.028125 0.021875
0 0.66875 0.08125 0.01875 0.015625
0 0.3453125 0.1734375 0.03125 0.028125
0 0.4 0.13125 0.025 0.028125
0 0.15 0.0171875 0.025 0.025
0 0.559375 0.00546875 0.028125 0.0109375
0 0.84375 0.1390625 0.025 0.03125
0 0.4140625 0.0953125 0.021875 0.01875
0 0.1734375 0.015625 0.021875 0.025
0 0.21875 0.00546875 0.015625 0.0109375
0 0.246875 0.0765625 0.025 0.025
0 0.2765625 0.096875 0.021875 0.021875
0 0.465625 0.0984375 0.021875 0.01875
0 0.3453125 0.1171875 0.0125 0.009375
0 0.440625 0.040625 0.028125 0.021875
