0 0.559375 0.00390625 0.046875 0.0078125
0 0.9296875 0.0671875 0.046875 0.034375
0 0.75625 0.20625 0.040625 0.0375
0 0.946875 0.2640625 0.0375 0.034375
0 0.5078125 0.0984375 0.028125 0.021875
0 0.5171875 0.071875 0.034375 0.028125
0 0.3625 0.0734375 0.0375 0.040625
0 0.515625 0.11875 0.03125 0.025
0 0.9859375 0.00234375 0.028125 0.0046875
0 0.975 0.190625 0.028125 0.034375
0 0.2953125 0.0984375 0.028125 0.01875
0 0.296875 0.0671875 0.025 0.03125
0 0.98671875 0.2671875 0.0265625 0.025
0 0.996875 0.3078125 0.00625 0.028125
0 0.5484375 0.0390625 0.025 0.03125
0 0.9796875 0.2359375 0.034375 0.03125
0 0.3765625 0.2046875 0.03125 0.028125
0 0.075 0.0234375 0.025 0.021875
0 0.309375 0.14375 0.025 0.028125
0 0.9984375 0.2390625 0.003125 0.03125
0 0.34375 0.19375 0.03125 0.028125
0 0.3390625 0.1328125 0.021875 0.025
0 0.3046875 0.1203125 0.028125 0.021875
0 0.534375 0.1421875 0.01875 0.021875
0 0.0796875 0.0015625 0.028125 0.003125
0 0.43125 0.0734375 0.028125 0.025
0 0.89375 0.0875 0.021875 0.025
0 0.884375 0.203125 0.0125 0.0125
