0 0.034375 0.696875 0.06875 0.0875
0 0.9078125 0.8609375 0.053125 0.053125
0 0.2515625 0.0171875 0.065625 0.034375
0 0.5171875 0.5640625 0.065625 0.065625
0 0.8515625 0.6375 0.0625 0.053125
0 0.7515625 0.9984375 0.04375 0.003125
0 0.24375 0.79375 0.046875 0.01875
0 0.2484375 0.7640625 0.053125 0.040625
0 0.546875 0.3609375 0.05625 0.05625
0 0.6421875 0.6421875 0.0625 0.053125
0 0.66875 0.98203125 0.040625 0.0359375
0 0.2265625 0.3015625 0.0625 0.04375
0 0.071875 0.8640625 0.05625 0.05625
0 0.1734375 0.0828125 0.05 0.05
0 0.01640625 0.85 0.0328125 0.05625
0 0.4796875 0.7 0.053125 0.040625
0 0.096875 0.4125 0.05 0.046875
0 0.1265625 0.88125 0.04375 0.0375
0 0.89375 0.45 0.053125 0.04375
0 0.1015625 0.7625 0.0625 0.05
0 0.3484375 0.7078125 0.028125 0.03125
0 0.425 0.6734375 0.040625 0.05
0 0.821875 0.2328125 0.040625 0.046875
0 0.034375 0.43125 0.040625 0.053125
0 0.4078125 0.5046875 0.05 0.05625
0 0.4171875 0.603125 0.03125 0.053125
0 0.725 0.45625 0.040625 0.034375
0 0.3203125 0.5734375 0.059375 0.0375
0 0.990625 0.334375 0.01875 0.06875
0 0.6265625 0.8578125 0.046875 0.046875
0 0.628125 0.5734375 0.046875 0.0375
0 0.4109375 0.721875 0.04375 0.0375
0 0.5578125 0.6984375 0.040625 0.028125
0 0.1234375 0.0703125 0.03125 0.01875
0 0.209375 0.5265625 0.025 0.034375
0 0.959375 0.534375 0.028125 0.03125
