0 0.6625 0.2265625 0.04375 0.040625
0 0.65 0.625 0.040625 0.04375
0 0.0890625 0.434375 0.0375 0.0375
0 0.0328125 0.7296875 0.034375 0.034375
0 0.0734375 0.5515625 0.034375 0.03125
0 0.7265625 0.546875 0.015625 0.01875
0 0.771875 0.5359375 0.040625 0.03125
0 0.6375 0.496875 0.0125 0.021875
0 0.6671875 0.4734375 0.034375 0.034375
0 0.2359375 0.4359375 0.04375 0.040625
0 0.2734375 0.8953125 0.034375 0.034375
0 0.4140625 0.4078125 0.0375 0.0375
0 0.35 0.8328125 0.028125 0.025
0 0.665625 0.06875 0.025 0.028125
0 0.6125 0.865625 0.034375 0.025
0 0.4390625 0.2875 0.034375 0.034375
0 0.7640625 0.73125 0.028125 0.028125
0 0.403125 0.2859375 0.034375 0.03125
0 0.2640625 0.1015625 0.03125 0.028125
0 0.3140625 0.76875 0.025 0.028125
0 0.3875 0.1734375 0.03125 0.034375
0 0.6171875 0.96875 0.03125 0.03125
0 0.2140625 0.834375 0.028125 0.028125
0 0.5765625 0.415625 0.0375 0.034375
0 0.4453125 0.3875 0.028125 0.034375
0 0.4515625 0.759375 0.021875 0.021875
0 0.565625 0.53125 0.009375 0.015625
0 0.6171875 0.5015625 0.034375 0.0375
0 0.3859375 0.0671875 0.021875 0.034375
0 0.4109375 0.0765625 0.034375 0.028125
0 0.58125 0.490625 0.021875 0.025
0 0.5765625 0.59375 0.0125 0.0125
0 0.4953125 0.3609375 0.03125 0.028125
0 0.125 0.690625 0.03125 0.034375
0 0.178125 0.48125 0.025 0.021875
0 0.1984375 0.4375 0.028125 0.040625
0 0.4375 0.5859375 0.0375 0.034375
0 0.325 0.6953125 0.021875 0.025
0 0.5546875 0.0921875 0.03125 0.025
0 0.7375 0.7234375 0.025 0.028125
0 0.01171875 0.6390625 0.0234375 0.025
0 0.309375 0.0890625 0.034375 0.034375
0 0.775 0.3921875 0.0375 0.028125
0 0.1421875 0.575 0.025 0.028125
0 0.30625 0.8921875 0.03125 0.03125
0 0.4765625 0.68125 0.034375 0.028125
0 0.321875 0.2 0.034375 0.021875
0 0.5796875 0.6625 0.01875 0.021875
0 0.36875 0.44375 0.034375 0.03125
0 0.5875 0.5859375 0.0125 0.01875
0 0.6484375 0.5578125 0.021875 0.01875
0 0.7125 0.271875 0.025 0.01875
0 0.5046875 0.6734375 0.028125 0.01875
0 0.096875 0.6859375 0.03125 0.03125
0 0.0171875 0.6640625 0.025 0.03125
0 0.2875 0.2578125 0.01875 0.01875
0 0.565625 0.1578125 0.025 0.009375
0 0.565625 0.24375 0.025 0.0125
0 0.5140625 0.3984375 0.028125 0.015625
0 0.5609375 0.3796875 0.021875 0.015625
0 0.70625 0.50625 0.021875 0.01875
0 0.41875 0.4796875 0.028125 0.015625
0 0.4703125 0.653125 0.028125 0.025
0 0.4703125 0.5953125 0.021875 0.01875
0 0.265625 0.8109375 0.028125 0.021875
0 0.6171875 0.721875 0.01875 0.015625
0 0.6375 0.709375 0.025 0.025
0 0.7375 0.7765625 0.01875 0.0125
0 0.6828125 0.671875 0.0125 0.01875
0 0.771875 0.6546875 0.01875 0.015625
0 0.45 0.6453125 0.015625 0.0125
0 0.44375 0.9125 0.03125 0.0125
0 0.4640625 0.878125 0.021875 0.021875
0 0.4828125 0.8703125 0.015625 0.021875
0 0.3875 0.2671875 0.025 0.0125
0 0.425 0.71875 0.0125 0.015625
0 0.4734375 0.78125 0.03125 0.028125
0 0.5828125 0.4671875 0.025 0.015625
0 0.21875 0.653125 0.0125 0.0125
