0 0.7203125 0.4859375 0.05 0.046875
0 0.9640625 0.434375 0.0375 0.0375
0 0.9078125 0.7296875 0.034375 0.034375
0 0.9484375 0.5515625 0.034375 0.03125
0 0.746875 0.134375 0.0375 0.040625
0 0.5765625 0.7640625 0.021875 0.028125
0 0.54375 0.2 0.0375 0.034375
0 0.8546875 0.703125 0.0375 0.034375
0 0.175 0.6765625 0.034375 0.028125
0 0.803125 0.4296875 0.028125 0.040625
0 0.7734375 0.5828125 0.028125 0.03125
0 0.7265625 0.934375 0.03125 0.028125
0 0.5234375 0.7484375 0.03125 0.034375
0 0.2765625 0.815625 0.034375 0.028125
0 0.2765625 0.784375 0.034375 0.025
0 0.6171875 0.4890625 0.028125 0.021875
0 0.6203125 0.715625 0.028125 0.034375
0 0.665625 0.434375 0.04375 0.034375
0 0.6109375 0.6171875 0.021875 0.01875
0 0.7046875 0.803125 0.028125 0.028125
0 0.29375 0.8890625 0.025 0.021875
0 0.2546875 0.85625 0.028125 0.021875
0 0.9921875 0.690625 0.015625 0.034375
0 0.66875 0.83125 0.01875 0.015625
0 0.3453125 0.9234375 0.03125 0.028125
0 0.50625 0.621875 0.01875 0.015625
0 0.5265625 0.6078125 0.025 0.01875
0 0.4 0.88125 0.025 0.028125
0 0.8859375 0.6390625 0.025 0.025
0 0.66875 0.2 0.034375 0.03125
0 0.56875 0.5234375 0.021875 0.03125
0 0.2296875 0.353125 0.028125 0.03125
0 0.15 0.7671875 0.025 0.025
0 0.84375 0.646875 0.034375 0.03125
0 0.559375 0.746875 0.028125 0.028125
0 0.5546875 0.71875 0.03125 0.01875
0 0.3609375 0.7046875 0.028125 0.028125
0 0.84375 0.8890625 0.025 0.03125
0 0.190625 0.5484375 0.01875 0.01875
0 0.4140625 0.8453125 0.021875 0.01875
0 0.8453125 0.646875 0.034375 0.034375
0 0.971875 0.6859375 0.03125 0.03125
0 0.659375 0.584375 0.028125 0.021875
0 0.8921875 0.6640625 0.025 0.03125
0 0.2578125 0.3765625 0.034375 0.021875
0 0.1734375 0.765625 0.021875 0.025
0 0.64375 0.1765625 0.028125 0.028125
0 0.7125 0.190625 0.028125 0.01875
0 0.621875 0.2578125 0.021875 0.01875
0 0.653125 0.7109375 0.025 0.0125
0 0.715625 0.715625 0.0125 0.021875
0 0.484375 0.6046875 0.015625 0.01875
0 0.5609375 0.3796875 0.025 0.015625
0 0.6203125 0.38125 0.028125 0.0125
0 0.465625 0.45 0.015625 0.034375
0 0.290625 0.340625 0.01875 0.0125
0 0.2765625 0.3 0.025 0.009375
0 0.215625 0.5375 0.01875 0.0125
0 0.1234375 0.525 0.015625 0.0125
0 0.1765625 0.6265625 0.028125 0.021875
0 0.3125 0.6390625 0.025 0.01875
0 0.309375 0.6140625 0.025 0.01875
0 0.21875 0.7515625 0.015625 0.01875
0 0.246875 0.8265625 0.025 0.025
0 0.2765625 0.846875 0.021875 0.021875
0 0.465625 0.8484375 0.021875 0.01875
0 0.3453125 0.8671875 0.0125 0.009375
0 0.440625 0.790625 0.028125 0.021875
0 0.4640625 0.6796875 0.01875 0.021875
0 0.4296875 0.646875 0.0125 0.009375
0 0.446875 0.64375 0.0125 0.0125
