0 0.7234375 0.0765625 0.05 0.046875
0 0.515625 0.159375 0.046875 0.04375
0 0.0546875 0.0671875 0.046875 0.034375
0 0.071875 0.2640625 0.0375 0.034375
0 0.6671875 0.01171875 0.0375 0.0234375
0 0.665625 0.1625 0.028125 0.028125
0 0.1171875 0.00234375 0.040625 0.0046875
0 0.1 0.190625 0.028125 0.034375
0 0.1859375 0.1734375 0.034375 0.028125
0 0.1125 0.2671875 0.028125 0.025
0 0.1890625 0.28125 0.021875 0.01875
0 0.1921875 0.2625 0.015625 0.01875
0 0.475 0.3421875 0.0375 0.034375
0 0.1359375 0.3078125 0.034375 0.028125
0 0.16875 0.29375 0.03125 0.03125
0 0.1046875 0.2359375 0.034375 0.03125
0 0.4421875 0.30625 0.034375 0.03125
0 0.14375 0.265625 0.03125 0.028125
0 0.4234375 0.03125 0.0375 0.0375
0 0.4125 0.128125 0.028125 0.03125
0 0.765625 0.0390625 0.0375 0.034375
0 0.3109375 0.15625 0.03125 0.021875
0 0.5109375 0.3359375 0.034375 0.028125
0 0.1390625 0.2390625 0.034375 0.03125
0 0.2171875 0.153125 0.028125 0.03125
0 0.2375 0.0046875 0.025 0.009375
0 0.01875 0.0875 0.021875 0.025
0 0.2078125 0.26875 0.0125 0.021875
0 0.3765625 0.134375 0.03125 0.015625
0 0.3703125 0.078125 0.01875 0.015625
0 0.1578125 0.1609375 0.025 0.01875
0 0.009375 0.203125 0.0125 0.0125
0 0.1546875 0.1203125 0.021875 0.009375
0 0.6828125 0.1703125 0.015625 0.025
