0 0.8546875 0.0375 0.0375 0.0375
0 0.39375 0.4125 0.034375 0.04375
0 0.3 0.15625 0.034375 0.034375
0 0.528125 0.6984375 0.040625 0.034375
0 0.9265625 0.1265625 0.034375 0.04375
0 0.4859375 0.071875 0.0375 0.0375
0 0.45 0.6453125 0.04375 0.034375
0 0.5875 0.0234375 0.046875 0.046875
0 0.7703125 0.4015625 0.04375 0.04375
0 0.571875 0.315625 0.040625 0.0375
0 0.615625 0.4921875 0.034375 0.034375
0 0.5109375 0.4875 0.040625 0.05
0 0.1421875 0.4875 0.028125 0.034375
0 0.5515625 0.478125 0.040625 0.04375
0 0.4421875 0.1546875 0.0375 0.03125
0 0.4609375 0.4109375 0.04375 0.04375
0 0.1875 0.4515625 0.03125 0.028125
0 0.2984375 0.3 0.025 0.021875
0 0.965625 0.1796875 0.040625 0.04375
0 0.7234375 0.4453125 0.01875 0.015625
0 0.296875 0.2515625 0.03125 0.025
0 0.1515625 0.5265625 0.03125 0.028125
0 0.2421875 0.375 0.021875 0.028125
0 0.703125 0.496875 0.028125 0.028125
0 0.503125 0.6171875 0.015625 0.01875
0 0.434375 0.7078125 0.009375 0.01875
0 0.6765625 0.8125 0.015625 0.009375
0 0.5 0.5171875 0.034375 0.021875
