0 0.128125 0.853125 0.05625 0.053125
0 0.4609375 0.853125 0.05 0.059375
0 0.5703125 0.30625 0.053125 0.053125
0 0.3359375 0.02265625 0.040625 0.0453125
0 0.5421875 0.021875 0.0375 0.040625
0 0.4984375 0.4265625 0.046875 0.0375
0 0.840625 0.8171875 0.04375 0.0625
0 0.109375 0.7234375 0.040625 0.0375
0 0.203125 0.275 0.040625 0.0375
0 0.075 0.809375 0.040625 0.05625
0 0.971875 0.5609375 0.053125 0.0625
0 0.0390625 0.659375 0.03125 0.046875
0 0.45 0.6421875 0.078125 0.06875
0 0.240625 0.25625 0.03125 0.034375
0 0.353125 0.284375 0.0375 0.034375
0 0.2828125 0.253125 0.034375 0.0375
0 0.371875 0.678125 0.034375 0.04375
0 0.3890625 0.340625 0.034375 0.0375
0 0.396875 0.546875 0.034375 0.04375
0 0.3515625 0.3765625 0.034375 0.0375
0 0.921875 0.803125 0.034375 0.040625
0 0.128125 0.3234375 0.0375 0.034375
0 0.0140625 0.278125 0.028125 0.0375
