0 0.3703125 0.9546875 0.04375 0.04375
0 0.665625 0.8953125 0.034375 0.034375
0 0.4578125 0.478125 0.046875 0.046875
0 0.70625 0.909375 0.0375 0.034375
0 0.8046875 0.809375 0.03125 0.04375
0 0.0484375 0.728125 0.028125 0.028125
0 0.9328125 0.4265625 0.04375 0.0375
0 0.2578125 0.665625 0.04375 0.040625
0 0.7671875 0.5984375 0.0375 0.040625
0 0.99375 0.5484375 0.0125 0.028125
0 0.7390625 0.2875 0.046875 0.040625
0 0.125 0.8 0.021875 0.025
0 0.7921875 0.7484375 0.01875 0.025
0 0.80625 0.7203125 0.034375 0.03125
0 0.840625 0.853125 0.046875 0.04375
0 0.8953125 0.55 0.0375 0.028125
0 0.503125 0.95 0.0375 0.03125
0 0.065625 0.9703125 0.025 0.01875
0 0.209375 0.775 0.021875 0.021875
0 0.5203125 0.5296875 0.040625 0.04375
0 0.8328125 0.5546875 0.028125 0.01875
0 0.440625 0.9703125 0.025 0.01875
0 0.00625 0.815625 0.0125 0.01875
0 0.00625 0.6703125 0.0125 0.03125
0 0.1984375 0.8953125 0.025 0.01875
0 0.2203125 0.940625 0.0125 0.009375
