0 0.7890625 0.3359375 0.053125 0.059375
0 0.98984375 0.415625 0.0203125 0.0625
0 0.703125 0.34375 0.059375 0.06875
0 0.5703125 0.821875 0.053125 0.065625
0 0.6046875 0.85625 0.053125 0.0625
0 0.6828125 0.8265625 0.05625 0.046875
0 0.65625 0.3515625 0.04375 0.05625
0 0.9421875 0.33125 0.04375 0.059375
0 0.9 0.3296875 0.05 0.0625
0 0.5421875 0.48125 0.05 0.04375
0 0.3953125 0.83125 0.05 0.05
0 0.24375 0.571875 0.040625 0.040625
0 0.4953125 0.5203125 0.05 0.04375
0 0.8546875 0.3265625 0.04375 0.053125
0 0.6234375 0.953125 0.05625 0.053125
0 0.4359375 0.5078125 0.04375 0.0375
0 0.109375 0.5765625 0.034375 0.028125
0 0.4203125 0.56875 0.04375 0.040625
0 0.259375 0.2984375 0.04375 0.0375
0 0.01875 0.496875 0.0375 0.040625
0 0.7859375 0.771875 0.0375 0.0375
0 0.3515625 0.8390625 0.040625 0.04375
0 0.4828125 0.5421875 0.034375 0.01875
0 0.5609375 0.715625 0.03125 0.03125
0 0.428125 0.784375 0.01875 0.025
0 0.7609375 0.4171875 0.015625 0.028125
0 0.815625 0.490625 0.021875 0.021875
0 0.99453125 0.640625 0.0109375 0.021875
0 0.896875 0.2140625 0.0375 0.040625
0 0.640625 0.83125 0.034375 0.0375
0 0.6078125 0.7984375 0.009375 0.01875
0 0.6453125 0.809375 0.01875 0.015625
0 0.675 0.5546875 0.01875 0.0125
0 0.09375 0.2125 0.021875 0.021875
0 0.0875 0.2625 0.015625 0.0125
0 0.078125 0.3953125 0.021875 0.01875
0 0.0625 0.4390625 0.0125 0.0125
0 0.103125 0.5375 0.015625 0.021875
0 0.0453125 0.5984375 0.025 0.01875
0 0.1359375 0.3765625 0.03125 0.025
0 0.20625 0.3359375 0.01875 0.025
0 0.296875 0.30625 0.0125 0.01875
