0 0.3265625 0.975 0.040625 0.040625
0 0.4203125 0.9765625 0.0375 0.040625
0 0.00859375 0.78125 0.0171875 0.028125
0 0.4515625 0.89375 0.015625 0.025
0 0.478125 0.890625 0.028125 0.028125
0 0.990625 0.99375 0.015625 0.0125
0 0.3078125 0.7953125 0.021875 0.025
0 0.525 0.83125 0.028125 0.034375
0 0.51875 0.8703125 0.028125 0.025
0 0.24375 0.8328125 0.03125 0.03125
0 0.3046875 0.7578125 0.01875 0.021875
0 0.39375 0.7421875 0.0125 0.009375
0 0.5796875 0.8828125 0.021875 0.0125
0 0.5328125 0.890625 0.021875 0.0125
0 0.2984375 0.8734375 0.0125 0.0125
