0 0.6625 0.1015625 0.08125 0.075
0 0.5125 0.8890625 0.065625 0.0625
0 0.2078125 0.2390625 0.0625 0.059375
0 0.596875 0.6203125 0.065625 0.053125
0 0.6890625 0.53125 0.046875 0.04375
0 0.771875 0.4984375 0.05 0.0625
0 0.9109375 0.784375 0.05625 0.059375
0 0.8671875 0.440625 0.059375 0.053125
0 0.1953125 0.6578125 0.065625 0.05625
0 0.2390625 0.978125 0.05 0.04375
0 0.8046875 0.95625 0.040625 0.034375
0 0.165625 0.45 0.053125 0.0625
0 0.290625 0.684375 0.06875 0.065625
0 0.2484375 0.6515625 0.040625 0.040625
0 0.4859375 0.5953125 0.053125 0.059375
0 0.1328125 0.1890625 0.0625 0.065625
0 0.428125 0.634375 0.071875 0.05625
0 0.3453125 0.3734375 0.04375 0.034375
0 0.8234375 0.4921875 0.04375 0.05625
0 0.775 0.9125 0.040625 0.046875
0 0.5484375 0.1703125 0.05 0.0625
0 0.8234375 0.846875 0.05625 0.04375
0 0.246875 0.425 0.04375 0.0375
0 0.6859375 0.9140625 0.021875 0.0375
0 0.715625 0.91875 0.0375 0.034375
0 0.5546875 0.9046875 0.05 0.04375
0 0.428125 0.7828125 0.046875 0.0625
0 0.3953125 0.7375 0.059375 0.065625
0 0.98125 0.565625 0.028125 0.034375
0 0.59375 0.8953125 0.021875 0.0375
0 0.6296875 0.8796875 0.065625 0.05
0 0.475 0.4875 0.04375 0.034375
0 0.7046875 0.3640625 0.0375 0.021875
0 0.9125 0.1390625 0.025 0.021875
0 0.7125 0.1546875 0.015625 0.015625
0 0.6515625 0.5109375 0.04375 0.04375
0 0.9078125 0.5359375 0.03125 0.034375
0 0.7484375 0.3890625 0.021875 0.01875
0 0.903125 0.421875 0.015625 0.015625
0 0.2265625 0.5859375 0.034375 0.05
0 0.60625 0.7234375 0.028125 0.025
