0 0.5671875 0.4234375 0.059375 0.053125
0 0.6359375 0.396875 0.071875 0.065625
0 0.5125 0.8984375 0.040625 0.040625
0 0.1046875 0.1703125 0.053125 0.05
0 0.98515625 0.590625 0.0296875 0.034375
0 0.6359375 0.9 0.046875 0.0375
0 0.4265625 0.353125 0.0375 0.05
0 0.6296875 0.4546875 0.0625 0.046875
0 0.884375 0.4578125 0.04375 0.03125
0 0.959375 0.5765625 0.04375 0.05
0 0.6390625 0.9546875 0.03125 0.025
0 0.9515625 0.8921875 0.034375 0.046875
0 0.8875 0.63125 0.0375 0.040625
0 0.9734375 0.9171875 0.040625 0.04375
0 0.246875 0.69375 0.0375 0.040625
0 0.9078125 0.5609375 0.053125 0.05
0 0.584375 0.4765625 0.040625 0.05
0 0.621875 0.496875 0.05625 0.046875
0 0.3359375 0.825 0.0375 0.0375
0 0.3421875 0.5984375 0.034375 0.021875
0 0.3765625 0.6078125 0.0375 0.040625
0 0.021875 0.6234375 0.01875 0.0125
0 0.0421875 0.5921875 0.025 0.025
