0 0.134375 0.415625 0.059375 0.0625
0 0.51875 0.546875 0.05 0.05625
0 0.415625 0.4578125 0.05625 0.053125
0 0.0671875 0.33125 0.04375 0.059375
0 0.1671875 0.5203125 0.04375 0.05625
0 0.025 0.3296875 0.05 0.0625
0 0.00078125 0.3265625 0.0015625 0.053125
0 0.9234375 0.5234375 0.0375 0.034375
0 0.890625 0.640625 0.034375 0.03125
0 0.471875 0.6609375 0.05 0.034375
0 0.4265625 0.678125 0.040625 0.040625
0 0.240625 0.6984375 0.03125 0.034375
0 0.759375 0.5484375 0.028125 0.03125
0 0.2640625 0.6984375 0.025 0.03125
0 0.565625 0.1921875 0.040625 0.059375
0 0.7015625 0.759375 0.034375 0.034375
0 0.56875 0.840625 0.034375 0.03125
0 0.85 0.5140625 0.03125 0.028125
0 0.83125 0.653125 0.034375 0.03125
0 0.625 0.4234375 0.03125 0.05
0 0.3421875 0.7453125 0.0375 0.040625
0 0.9625 0.70625 0.025 0.025
0 0.15625 0.0328125 0.025 0.025
0 0.5953125 0.7125 0.0375 0.028125
0 0.121875 0.640625 0.015625 0.021875
0 0.134375 0.6609375 0.015625 0.028125
0 0.2265625 0.5234375 0.0375 0.053125
0 0.3828125 0.290625 0.05 0.04375
0 0.021875 0.2140625 0.0375 0.040625
0 0.7265625 0.18125 0.021875 0.025
0 0.6390625 0.21875 0.01875 0.025
0 0.8953125 0.30625 0.01875 0.015625
0 0.921875 0.3078125 0.028125 0.021875
0 0.8203125 0.36875 0.015625 0.015625
0 0.8453125 0.4890625 0.0375 0.021875
0 0.8625 0.4703125 0.021875 0.0125
0 0.8921875 0.4390625 0.01875 0.01875
0 0.6515625 0.4015625 0.025 0.034375
0 0.4140625 0.6234375 0.034375 0.04375
0 0.26875 0.6703125 0.021875 0.01875
0 0.871875 0.5734375 0.028125 0.028125
0 0.8 0.696875 0.0125 0.015625
0 0.69375 0.7953125 0.01875 0.01875
0 0.4984375 0.178125 0.0125 0.0125
