0 0.2546875 0.6734375 0.046875 0.046875
0 0.15 0.98828125 0.053125 0.0234375
0 0.9 0.9265625 0.05 0.046875
0 0.6234375 0.6 0.05 0.04375
0 0.3609375 0.9484375 0.0375 0.053125
0 0.2984375 0.96875 0.040625 0.0375
0 0.29375 0.9265625 0.04375 0.046875
0 0.0578125 0.4265625 0.04375 0.0375
0 0.4328125 0.94375 0.0375 0.046875
0 0.1296875 0.5484375 0.034375 0.028125
0 0.7484375 0.9140625 0.040625 0.025
0 0.0203125 0.55 0.0375 0.028125
0 0.765625 0.9421875 0.046875 0.028125
0 0.990625 0.9296875 0.015625 0.028125
