0 0.99921875 0.2546875 0.0015625 0.05625
0 0.3703125 0.2046875 0.04375 0.04375
0 0.665625 0.1453125 0.034375 0.034375
0 0.5484375 0.3140625 0.03125 0.03125
0 0.325 0.4796875 0.03125 0.025
0 0.584375 0.3859375 0.0375 0.034375
0 0.70625 0.159375 0.0375 0.034375
0 0.8046875 0.059375 0.03125 0.04375
0 0.7265625 0.740625 0.021875 0.034375
0 0.3953125 0.4421875 0.028125 0.028125
0 0.75 0.7890625 0.028125 0.03125
0 0.9546875 0.6515625 0.03125 0.028125
0 0.5921875 0.5921875 0.034375 0.034375
0 0.125 0.05 0.021875 0.025
0 0.146875 0.2953125 0.034375 0.03125
0 0.0703125 0.45625 0.03125 0.021875
0 0.609375 0.4359375 0.034375 0.028125
0 0.553125 0.6359375 0.025 0.025
0 0.7921875 0.00546875 0.01875 0.0109375
0 0.6609375 0.4828125 0.040625 0.028125
0 0.840625 0.103125 0.046875 0.04375
0 0.75625 0.75 0.025 0.028125
0 0.9953125 0.41875 0.009375 0.034375
0 0.503125 0.2 0.0375 0.03125
0 0.6234375 0.3015625 0.03125 0.040625
0 0.065625 0.2203125 0.025 0.01875
0 0.209375 0.025 0.021875 0.021875
0 0.2859375 0.425 0.01875 0.021875
0 0.303125 0.409375 0.025 0.01875
0 0.440625 0.2203125 0.025 0.01875
0 0.0546875 0.3453125 0.01875 0.021875
0 0.00625 0.065625 0.0125 0.01875
0 0.1984375 0.1453125 0.025 0.01875
0 0.2203125 0.190625 0.0125 0.009375
0 0.43125 0.4703125 0.009375 0.015625
0 0.4609375 0.4640625 0.021875 0.0125
0 0.1171875 0.2890625 0.01875 0.0125
