0 0.628125 0.6171875 0.05625 0.046875
0 0.575 0.75625 0.05 0.059375
0 0.284375 0.625 0.059375 0.0625
0 0.2359375 0.6140625 0.05 0.065625
0 0.65 0.2421875 0.053125 0.05625
0 0.1328125 0.1171875 0.053125 0.065625
0 0.79375 0.475 0.053125 0.05625
0 0.3390625 0.4171875 0.046875 0.059375
0 0.3609375 0.465625 0.04375 0.05
0 0.121875 0.7578125 0.05 0.053125
0 0.796875 0.5375 0.040625 0.04375
0 0.9859375 0.3671875 0.028125 0.034375
0 0.2625 0.6890625 0.046875 0.05625
0 0.8578125 0.409375 0.071875 0.0625
0 0.175 0.128125 0.034375 0.05
0 0.76875 0.4140625 0.03125 0.028125
0 0.98125 0.4234375 0.03125 0.025
0 0.65 0.671875 0.0375 0.040625
0 0.434375 0.3796875 0.05 0.046875
0 0.828125 0.403125 0.03125 0.0375
0 0.728125 0.575 0.05625 0.05
0 0.2515625 0.34375 0.025 0.025
0 0.4796875 0.565625 0.0375 0.034375
0 0.7984375 0.5796875 0.04375 0.021875
0 0.215625 0.5078125 0.034375 0.028125
0 0.890625 0.5578125 0.01875 0.015625
0 0.9609375 0.5265625 0.021875 0.025
0 0.984375 0.5546875 0.015625 0.015625
