0 0.7265625 0.1953125 0.034375 0.0375
0 0.728125 0.60625 0.025 0.03125
0 0.4140625 0.453125 0.034375 0.03125
0 0.690625 0.1078125 0.028125 0.03125
0 0.878125 0.03125 0.028125 0.028125
0 0.8828125 0.378125 0.0375 0.0375
0 0.5046875 0.178125 0.03125 0.028125
0 0.4203125 0.58125 0.028125 0.025
0 0.825 0.496875 0.040625 0.034375
0 0.5171875 0.5375 0.015625 0.025
0 0.55625 0.265625 0.021875 0.03125
0 0.3734375 0.4875 0.034375 0.03125
0 0.478125 0.4875 0.034375 0.028125
0 0.6046875 0.4546875 0.028125 0.025
0 0.38125 0.2921875 0.03125 0.025
0 0.7640625 0.2515625 0.040625 0.0375
0 0.9 0.5375 0.034375 0.034375
0 0.5875 0.4296875 0.028125 0.03125
0 0.86875 0.540625 0.028125 0.0375
0 0.3828125 0.3546875 0.021875 0.028125
0 0.7984375 0.01875 0.034375 0.034375
0 0.5921875 0.2265625 0.021875 0.028125
0 0.4265625 0.3984375 0.0375 0.03125
0 0.715625 0.4671875 0.028125 0.021875
0 0.3828125 0.0546875 0.025 0.025
0 0.9703125 0.3375 0.034375 0.034375
0 0.7453125 0.475 0.021875 0.021875
0 0.8078125 0.4703125 0.0125 0.021875
0 0.4046875 0.4890625 0.021875 0.028125
0 0.2734375 0.4390625 0.0125 0.009375
0 0.415625 0.309375 0.01875 0.021875
0 0.0171875 0.4046875 0.028125 0.01875
0 0.2375 0.4046875 0.015625 0.0125
