0 0.3640625 0.25 0.03125 0.040625
0 0.909375 0.028125 0.05 0.040625
0 0.40625 0.2171875 0.04375 0.01875
0 0.4140625 0.203125 0.0375 0.0375
0 0.309375 0.175 0.0375 0.04375
0 0.525 0.11875 0.034375 0.0375
0 0.8578125 0.0109375 0.046875 0.021875
0 0.39375 0.39375 0.028125 0.028125
0 0.3203125 0.065625 0.046875 0.046875
0 0.2390625 0.009375 0.0375 0.01875
0 0.775 0.346875 0.028125 0.03125
0 0.7671875 0.2890625 0.034375 0.0375
0 0.8046875 0.2578125 0.03125 0.03125
0 0.0765625 0.1421875 0.034375 0.046875
0 0.0984375 0.1671875 0.040625 0.04375
0 0.4265625 0.390625 0.025 0.028125
0 0.378125 0.175 0.034375 0.03125
0 0.5984375 0.303125 0.03125 0.025
0 0.8015625 0.3203125 0.0375 0.040625
0 0.721875 0.3578125 0.034375 0.028125
0 0.16875 0.165625 0.028125 0.034375
0 0.4109375 0.3265625 0.025 0.021875
0 0.4984375 0.1921875 0.03125 0.028125
