0 0.8828125 0.7296875 0.05 0.05
0 0.953125 0.609375 0.059375 0.0625
0 0.9328125 0.734375 0.04375 0.040625
0 0.2453125 0.1453125 0.04375 0.034375
0 0.98125 0.7453125 0.0375 0.04375
0 0.9546875 0.375 0.0375 0.05
0 0.54375 0.85 0.040625 0.0375
0 0.296875 0.1234375 0.040625 0.03125
0 0.99609375 0.3625 0.0078125 0.034375
0 0.7703125 0.040625 0.040625 0.03125
0 0.740625 0.634375 0.05 0.046875
0 0.796875 0.1234375 0.034375 0.03125
0 0.4078125 0.1375 0.03125 0.03125
0 0.6828125 0.640625 0.034375 0.034375
0 0.58125 0.640625 0.028125 0.034375
0 0.99609375 0.6578125 0.0078125 0.0375
0 0.3671875 0.2296875 0.03125 0.03125
0 0.2484375 0.28125 0.0375 0.028125
