0 0.7515625 0.1703125 0.05 0.05
0 0.1359375 0.0625 0.021875 0.028125
0 0.1453125 0.046875 0.025 0.025
0 0.4453125 0.228125 0.04375 0.03125
0 0.7390625 0.071875 0.034375 0.03125
0 0.8359375 0.05625 0.03125 0.034375
0 0.18125 0.0515625 0.040625 0.040625
0 0.8796875 0.075 0.04375 0.0375
0 0.559375 0.13125 0.040625 0.040625
0 0.6015625 0.2125 0.025 0.028125
0 0.1328125 0.209375 0.03125 0.034375
0 0.940625 0.01171875 0.034375 0.0234375
0 0.2390625 0.228125 0.025 0.021875
0 0.40625 0.2578125 0.0375 0.034375
0 0.778125 0.2125 0.025 0.021875
