0 0.3640625 0.98984375 0.03125 0.0203125
0 0.909375 0.778125 0.05 0.040625
0 0.1109375 0.590625 0.03125 0.034375
0 0.175 0.5984375 0.025 0.03125
0 0.2046875 0.5703125 0.040625 0.04375
0 0.2640625 0.69375 0.04375 0.04375
0 0.40625 0.9671875 0.04375 0.01875
0 0.4140625 0.953125 0.0375 0.0375
0 0.309375 0.925 0.0375 0.04375
0 0.4859375 0.503125 0.040625 0.053125
0 0.525 0.86875 0.034375 0.0375
0 0.8578125 0.7484375 0.046875 0.046875
0 0.83125 0.18125 0.03125 0.03125
0 0.84375 0.196875 0.03125 0.028125
0 0.3203125 0.815625 0.046875 0.046875
0 0.015625 0.4578125 0.03125 0.03125
0 0.7 0.16875 0.03125 0.03125
0 0.2390625 0.75 0.0375 0.0375
0 0.084375 0.5765625 0.04375 0.05
0 0.24375 0.003125 0.0375 0.00625
0 0.7390625 0.1171875 0.03125 0.028125
0 0.8140625 0.29375 0.0375 0.040625
0 0.240625 0.646875 0.0375 0.040625
0 0.8046875 0.99609375 0.03125 0.0078125
0 0.7296875 0.1796875 0.028125 0.03125
0 0.1515625 0.5484375 0.040625 0.046875
0 0.0765625 0.8921875 0.034375 0.046875
0 0.015625 0.63125 0.03125 0.040625
0 0.0984375 0.9171875 0.040625 0.04375
0 0.9109375 0.6109375 0.040625 0.0375
0 0.61875 0.3390625 0.03125 0.03125
0 0.378125 0.925 0.034375 0.03125
0 0.771875 0.1171875 0.03125 0.028125
0 0.5421875 0.2625 0.04375 0.0375
0 0.1453125 0.5671875 0.04375 0.0375
0 0.5890625 0.25625 0.021875 0.040625
0 0.0328125 0.5609375 0.053125 0.05
0 0.778125 0.215625 0.0375 0.0375
0 0.871875 0.1875 0.015625 0.025
0 0.8953125 0.184375 0.025 0.034375
0 0.965625 0.2171875 0.034375 0.034375
0 0.6328125 0.05 0.021875 0.025
0 0.5296875 0.234375 0.028125 0.040625
0 0.16875 0.915625 0.028125 0.034375
0 0.4984375 0.9421875 0.03125 0.028125
