0 0.834375 0.240625 0.0375 0.034375
0 0.825 0.2078125 0.040625 0.0375
0 0.8546875 0.00234375 0.040625 0.0046875
0 0.2703125 0.0859375 0.0375 0.0375
0 0.775 0.0578125 0.034375 0.040625
0 0.478125 0.2890625 0.034375 0.03125
0 0.70625 0.2078125 0.028125 0.021875
0 0.99609375 0.209375 0.0078125 0.034375
0 0.690625 0.1578125 0.034375 0.034375
0 0.8484375 0.15625 0.046875 0.040625
0 0.484375 0.234375 0.021875 0.021875
0 0.4640625 0.1578125 0.028125 0.021875
0 0.5171875 0.01015625 0.034375 0.0203125
0 0.725 0.11875 0.03125 0.028125
0 0.659375 0.2015625 0.04375 0.021875
0 0.440625 0.1296875 0.01875 0.025
0 0.2890625 0.1328125 0.025 0.015625
