0 0.834375 0.98671875 0.0375 0.0265625
0 0.825 0.9578125 0.040625 0.0375
0 0.8671875 0.2046875 0.046875 0.046875
0 0.3328125 0.4859375 0.040625 0.0375
0 0.8546875 0.7375 0.040625 0.034375
0 0.9890625 0.7046875 0.021875 0.0375
0 0.2703125 0.8359375 0.0375 0.0375
0 0.8515625 0.253125 0.046875 0.0375
0 0.721875 0.184375 0.05 0.040625
0 0.3875 0.44375 0.04375 0.046875
0 0.7609375 0.5890625 0.046875 0.040625
0 0.775 0.8078125 0.034375 0.040625
0 0.809375 0.2171875 0.034375 0.05625
0 0.4625 0.55625 0.034375 0.03125
0 0.7109375 0.4734375 0.025 0.040625
0 0.996875 0.1734375 0.00625 0.04375
0 0.70625 0.9578125 0.028125 0.021875
0 0.671875 0.6890625 0.040625 0.034375
0 0.99609375 0.959375 0.0078125 0.034375
0 0.690625 0.9078125 0.034375 0.034375
0 0.8484375 0.90625 0.046875 0.040625
0 0.484375 0.984375 0.021875 0.021875
0 0.00625 0.3140625 0.0125 0.021875
0 0.0171875 0.2765625 0.028125 0.021875
0 0.0453125 0.2890625 0.025 0.021875
0 0.0109375 0.521875 0.021875 0.025
0 0.4640625 0.9078125 0.028125 0.021875
0 0.3953125 0.33125 0.034375 0.03125
0 0.5171875 0.7515625 0.034375 0.0375
0 0.75625 0.5046875 0.025 0.01875
0 0.7515625 0.4703125 0.046875 0.0375
0 0.0453125 0.56875 0.021875 0.015625
0 0.671875 0.6859375 0.04375 0.0375
0 0.721875 0.5078125 0.025 0.034375
0 0.121875 0.615625 0.03125 0.025
0 0.2390625 0.6390625 0.028125 0.025
0 0.253125 0.615625 0.0375 0.0375
0 0.15 0.56875 0.025 0.028125
0 0.725 0.86875 0.03125 0.028125
0 0.778125 0.4078125 0.034375 0.0375
0 0.659375 0.9515625 0.04375 0.021875
0 0.0625 0.559375 0.021875 0.015625
0 0.0921875 0.5296875 0.028125 0.025
0 0.08125 0.5078125 0.021875 0.0125
0 0.0890625 0.490625 0.01875 0.01875
0 0.1109375 0.4953125 0.015625 0.015625
0 0.003125 0.4109375 0.00625 0.028125
0 0.0390625 0.246875 0.025 0.021875
0 0.3078125 0.6515625 0.025 0.01875
0 0.9390625 0.6609375 0.025 0.021875
0 0.9609375 0.6390625 0.03125 0.025
0 0.8671875 0.2671875 0.021875 0.025
0 0.8796875 0.4578125 0.028125 0.028125
0 0.440625 0.8796875 0.01875 0.025
0 0.2890625 0.8828125 0.025 0.015625
