0 0.01640625 0.7296875 0.0328125 0.05
0 0.2703125 0.0171875 0.05 0.034375
0 0.1578125 0.075 0.028125 0.053125
0 0.2 0.0734375 0.053125 0.053125
0 0.2609375 0.6640625 0.05 0.05
0 0.49375 0.4953125 0.05625 0.053125
0 0.078125 0.609375 0.059375 0.0625
0 0.0578125 0.734375 0.04375 0.040625
0 0.525 0.315625 0.05 0.05
0 0.9796875 0.403125 0.040625 0.0625
0 0.596875 0.559375 0.053125 0.046875
0 0.1109375 0.7453125 0.046875 0.04375
0 0.0796875 0.375 0.0375 0.05
0 0.246875 0.2671875 0.05 0.0375
0 0.8171875 0.3953125 0.046875 0.0375
0 0.1375 0.3625 0.040625 0.034375
0 0.2328125 0.45625 0.025 0.028125
0 0.7796875 0.5546875 0.05625 0.053125
0 0.45625 0.60625 0.040625 0.03125
0 0.3953125 0.6140625 0.028125 0.03125
0 0.4125 0.5828125 0.03125 0.034375
0 0.525 0.6046875 0.028125 0.025
0 0.328125 0.5015625 0.0375 0.03125
0 0.15625 0.75625 0.034375 0.0375
0 0.821875 0.74375 0.05625 0.04375
0 0.390625 0.4609375 0.040625 0.028125
0 0.671875 0.403125 0.034375 0.03125
0 0.5796875 0.7359375 0.0375 0.025
0 0.1515625 0.7546875 0.034375 0.034375
0 0.1359375 0.6578125 0.0375 0.0375
0 0.4109375 0.5234375 0.028125 0.0375
0 0.5828125 0.5 0.040625 0.025
0 0.5265625 0.53125 0.028125 0.04375
0 0.6140625 0.84375 0.03125 0.028125
0 0.678125 0.86875 0.028125 0.034375
