0 0.83125 0.93125 0.03125 0.03125
0 0.84375 0.946875 0.03125 0.028125
0 0.7 0.91875 0.03125 0.03125
0 0.24375 0.734375 0.0375 0.04375
0 0.7390625 0.8671875 0.03125 0.028125
0 0.7296875 0.9296875 0.028125 0.03125
0 0.771875 0.8671875 0.03125 0.028125
0 0.5421875 0.996875 0.04375 0.00625
0 0.5890625 0.99296875 0.021875 0.0140625
0 0.778125 0.965625 0.0375 0.0375
0 0.871875 0.9375 0.015625 0.025
0 0.8953125 0.934375 0.025 0.034375
0 0.965625 0.9671875 0.034375 0.034375
0 0.6328125 0.8 0.021875 0.025
0 0.5296875 0.98203125 0.028125 0.0359375
