0 0.0359375 0.034375 0.05625 0.059375
0 0.38125 0.3921875 0.053125 0.053125
0 0.8859375 0.2078125 0.059375 0.059375
0 0.1765625 0.0546875 0.03125 0.028125
0 0.2859375 0.03125 0.059375 0.0625
0 0.703125 0.1484375 0.04375 0.046875
0 0.8171875 0.3453125 0.046875 0.040625
0 0.65625 0.18125 0.0375 0.034375
0 0.4484375 0.2546875 0.040625 0.04375
0 0.565625 0.13125 0.034375 0.034375
0 0.7875 0.0265625 0.04375 0.040625
0 0.978125 0.203125 0.040625 0.028125
0 0.628125 0.06875 0.03125 0.034375
0 0.9109375 0.2484375 0.03125 0.0375
0 0.4125 0.109375 0.028125 0.028125
