0 0.7328125 0.8921875 0.034375 0.046875
0 0.5890625 0.671875 0.05 0.053125
0 0.7203125 0.0578125 0.04375 0.046875
0 0.990625 0.1171875 0.01875 0.065625
0 0.0421875 0.2609375 0.034375 0.03125
0 0.15 0.221875 0.0375 0.03125
0 0.5578125 0.5265625 0.0625 0.046875
0 0.9859375 0.7578125 0.028125 0.053125
0 0.44375 0.790625 0.03125 0.034375
0 0.35 0.71875 0.05 0.0625
0 0.4328125 0.503125 0.046875 0.059375
0 0.175 0.2765625 0.034375 0.03125
0 0.0203125 0.3328125 0.040625 0.0375
0 0.1171875 0.18125 0.025 0.025
0 0.025 0.521875 0.040625 0.0375
0 0.7953125 0.3390625 0.040625 0.0375
0 0.1515625 0.125 0.021875 0.021875
0 0.1875 0.421875 0.028125 0.01875
0 0.16875 0.4078125 0.015625 0.015625
