0 0.9015625 0.9953125 0.034375 0.009375
0 0.98984375 0.9671875 0.0203125 0.053125
0 0.8515625 0.5375 0.046875 0.046875
0 0.9734375 0.5953125 0.046875 0.034375
0 0.91875 0.6203125 0.05 0.040625
0 0.8640625 0.165625 0.0375 0.034375
0 0.8375 0.453125 0.04375 0.040625
0 0.984375 0.4015625 0.01875 0.028125
0 0.7328125 0.2296875 0.0375 0.03125
0 0.5671875 0.9640625 0.04375 0.040625
0 0.95 0.4421875 0.034375 0.040625
0 0.515625 0.4484375 0.034375 0.03125
0 0.946875 0.809375 0.05625 0.046875
0 0.9625 0.2859375 0.03125 0.028125
0 0.55625 0.446875 0.0375 0.0375
0 0.6125 0.0875 0.028125 0.025
0 0.4640625 0.8609375 0.0375 0.046875
0 0.590625 0.99296875 0.040625 0.0140625
0 0.9703125 0.771875 0.04375 0.046875
0 0.3890625 0.5609375 0.034375 0.021875
0 0.58125 0.5296875 0.034375 0.028125
0 0.996875 0.409375 0.00625 0.0375
0 0.7640625 0.91875 0.034375 0.0375
0 0.65 0.0953125 0.03125 0.021875
0 0.271875 0.703125 0.021875 0.01875
0 0.2921875 0.421875 0.025 0.028125
0 0.728125 0.3 0.034375 0.034375
0 0.0328125 0.70625 0.034375 0.028125
0 0.8828125 0.8828125 0.034375 0.025
0 0.153125 0.3203125 0.021875 0.01875
0 0.0125 0.315625 0.021875 0.021875
0 0.3046875 0.3328125 0.01875 0.015625
0 0.3234375 0.2796875 0.025 0.021875
0 0.1859375 0.2703125 0.01875 0.015625
0 0.2390625 0.678125 0.015625 0.0125
