0 0.259375 0.01640625 0.04375 0.0328125
0 0.7265625 0.44375 0.046875 0.053125
0 0.584375 0.60625 0.04375 0.05
0 0.928125 0.0625 0.046875 0.05625
0 0.97734375 0.284375 0.0453125 0.046875
0 0.3578125 0.134375 0.03125 0.034375
0 0.41875 0.821875 0.040625 0.04375
0 0.865625 0.0703125 0.0375 0.05
0 0.196875 0.0953125 0.046875 0.040625
0 0.4578125 0.9171875 0.040625 0.0375
0 0.4234375 0.0453125 0.0375 0.0375
0 0.93125 0.63125 0.040625 0.040625
0 0.99609375 0.425 0.0078125 0.04375
0 0.84375 0.8515625 0.04375 0.04375
0 0.9109375 0.4390625 0.046875 0.034375
0 0.38125 0.828125 0.0375 0.040625
0 0.2546875 0.8203125 0.034375 0.03125
0 0.31875 0.2359375 0.034375 0.0375
0 0.4484375 0.4703125 0.040625 0.0375
0 0.3453125 0.7359375 0.046875 0.040625
0 0.1265625 0.26875 0.03125 0.03125
0 0.3046875 0.7375 0.0375 0.0375
0 0.31875 0.8359375 0.034375 0.03125
0 0.69375 0.2515625 0.040625 0.034375
0 0.95 0.45625 0.0375 0.03125
0 0.56875 0.128125 0.028125 0.034375
0 0.9296875 0.7828125 0.034375 0.0375
0 0.1640625 0.3421875 0.025 0.025
0 0.153125 0.4859375 0.03125 0.040625
0 0.325 0.91875 0.03125 0.028125
0 0.0359375 0.25625 0.0125 0.015625
0 0.0546875 0.2515625 0.01875 0.015625
0 0.8859375 0.190625 0.04375 0.04375
