0 0.3203125 0.89375 0.034375 0.028125
0 0.578125 0.6171875 0.034375 0.03125
0 0.2015625 0.9265625 0.034375 0.034375
0 0.00390625 0.190625 0.0078125 0.025
0 0.0453125 0.19375 0.03125 0.028125
0 0.7421875 0.696875 0.03125 0.03125
0 0.3375 0.8515625 0.034375 0.03125
0 0.3625 0.928125 0.0375 0.034375
0 0.4578125 0.9734375 0.03125 0.0375
0 0.0015625 0.3609375 0.003125 0.025
0 0.003125 0.9015625 0.00625 0.03125
0 0.1953125 0.96875 0.0375 0.034375
0 0.90625 0.5265625 0.028125 0.028125
0 0.4875 0.978125 0.03125 0.034375
0 0.23125 0.9171875 0.01875 0.028125
0 0.5265625 0.95 0.021875 0.021875
0 0.675 0.5328125 0.03125 0.025
0 0.0921875 0.284375 0.01875 0.025
0 0.1203125 0.3078125 0.021875 0.015625
0 0.1140625 0.2875 0.025 0.025
0 0.0125 0.3546875 0.021875 0.025
0 0.69375 0.5109375 0.03125 0.025
0 0.1328125 0.6890625 0.03125 0.025
0 0.1625 0.44375 0.021875 0.015625
0 0.1359375 0.3984375 0.028125 0.0125
0 0.9390625 0.5265625 0.015625 0.01875
0 0.8859375 0.5171875 0.01875 0.025
0 0.8453125 0.634375 0.021875 0.01875
0 0.875 0.7234375 0.015625 0.01875
0 0.871875 0.7 0.015625 0.021875
0 0.5265625 0.553125 0.025 0.01875
0 0.55625 0.5359375 0.025 0.015625
0 0.9625 0.3765625 0.015625 0.015625
0 0.5578125 0.9484375 0.025 0.01875
0 0.5546875 0.9265625 0.015625 0.015625
0 0.5671875 0.8828125 0.015625 0.01875
0 0.734375 0.5234375 0.0125 0.01875
0 0.7609375 0.5015625 0.021875 0.0125
0 0.6703125 0.4890625 0.025 0.015625
0 0.4 0.4171875 0.015625 0.021875
