0 0.7765625 0.3125 0.053125 0.05
0 0.746875 0.634375 0.040625 0.04375
0 0.8234375 0.2796875 0.046875 0.05625
0 0.3890625 0.00703125 0.05 0.0140625
0 0.8046875 0.13125 0.046875 0.053125
0 0.7671875 0.4265625 0.053125 0.05
0 0.5375 0.46875 0.05 0.040625
0 0.821875 0.196875 0.04375 0.046875
0 0.29375 0.6640625 0.034375 0.025
0 0.1125 0.2625 0.028125 0.028125
0 0.3671875 0.2625 0.025 0.025
0 0.415625 0.234375 0.0375 0.0375
0 0.7609375 0.475 0.040625 0.0375
0 0.25625 0.621875 0.0375 0.025
0 0.2859375 0.5890625 0.034375 0.03125
0 0.9875 0.5359375 0.025 0.034375
0 0.528125 0.13125 0.03125 0.021875
0 0.5984375 0.078125 0.03125 0.03125
0 0.7421875 0.5296875 0.025 0.025
0 0.796875 0.4796875 0.025 0.034375
0 0.86875 0.1859375 0.05 0.053125
0 0.3796875 0.56875 0.034375 0.0375
0 0.9046875 0.6171875 0.025 0.015625
0 0.9875 0.5828125 0.025 0.034375
0 0.2453125 0.2375 0.0375 0.034375
0 0.3875 0.453125 0.028125 0.0375
0 0.2140625 0.3296875 0.034375 0.034375
0 0.4671875 0.61875 0.04375 0.0375
0 0.1734375 0.4484375 0.034375 0.034375
0 0.9 0.353125 0.0375 0.034375
0 0.5546875 0.6703125 0.034375 0.034375
0 0.953125 0.66875 0.040625 0.04375
0 0.4703125 0.61875 0.04375 0.040625
0 0.4140625 0.3796875 0.025 0.028125
0 0.5234375 0.6671875 0.028125 0.03125
0 0.4859375 0.440625 0.040625 0.028125
0 0.3203125 0.5328125 0.0375 0.03125
0 0.35 0.6296875 0.03125 0.025
0 0.596875 0.6125 0.03125 0.025
0 0.4578125 0.7640625 0.021875 0.03125
0 0.5734375 0.7234375 0.034375 0.03125
0 0.6015625 0.7359375 0.0375 0.025
0 0.6 0.703125 0.040625 0.03125
0 0.628125 0.7109375 0.0125 0.028125
0 0.603125 0.4984375 0.040625 0.040625
0 0.00625 0.25 0.0125 0.01875
0 0.096875 0.59375 0.01875 0.01875
0 0.86875 0.6203125 0.03125 0.025
0 0.7109375 0.4125 0.034375 0.034375
0 0.590625 0.2640625 0.028125 0.034375
0 0.6421875 0.3703125 0.03125 0.025
0 0.684375 0.4 0.03125 0.025
0 0.6890625 0.0421875 0.021875 0.028125
0 0.621875 0.2046875 0.0375 0.025
