0 0.103125 0.7140625 0.040625 0.04375
0 0.171875 0.2875 0.040625 0.034375
0 0.3296875 0.0984375 0.0375 0.040625
0 0.2953125 0.440625 0.025 0.034375
0 0.3296875 0.4421875 0.040625 0.040625
0 0.0140625 0.35 0.028125 0.0375
0 0.04375 0.2828125 0.04375 0.046875
0 0.01875 0.7578125 0.0375 0.040625
0 0.6609375 0.859375 0.040625 0.034375
0 0.090625 0.4921875 0.040625 0.040625
0 0.7890625 0.6734375 0.0375 0.0375
0 0.6875 0.815625 0.01875 0.025
0 0.7921875 0.7859375 0.034375 0.034375
0 0.4828125 0.99375 0.03125 0.0125
0 0.0296875 0.5890625 0.040625 0.034375
0 0.4578125 0.9515625 0.0375 0.034375
0 0.2625 0.853125 0.03125 0.034375
0 0.4140625 0.675 0.021875 0.03125
0 0.440625 0.6828125 0.034375 0.028125
0 0.425 0.2296875 0.0375 0.0375
0 0.7296875 0.69375 0.03125 0.03125
0 0.4328125 0.1 0.021875 0.021875
0 0.428125 0.06875 0.0375 0.040625
0 0.6796875 0.9296875 0.034375 0.03125
0 0.1140625 0.2015625 0.028125 0.03125
0 0.5484375 0.08125 0.025 0.025
0 0.98125 0.5546875 0.028125 0.021875
0 0.303125 0.228125 0.034375 0.03125
0 0.00390625 0.678125 0.0078125 0.034375
0 0.6203125 0.6671875 0.034375 0.03125
0 0.40625 0.4046875 0.0375 0.03125
0 0.4390625 0.75625 0.028125 0.025
0 0.490625 0.7125 0.034375 0.028125
0 0.2375 0.1453125 0.021875 0.025
0 0.978125 0.4890625 0.03125 0.01875
0 0.634375 0.553125 0.0125 0.03125
0 0.6578125 0.5546875 0.03125 0.034375
0 0.584375 0.0859375 0.03125 0.028125
0 0.0578125 0.903125 0.046875 0.04375
0 0.0828125 0.0640625 0.03125 0.0375
0 0.0875 0.1375 0.03125 0.03125
0 0.8296875 0.55625 0.0125 0.009375
0 0.60625 0.528125 0.01875 0.01875
0 0.0546875 0.5796875 0.028125 0.028125
0 0.5109375 0.68125 0.028125 0.021875
0 0.64375 0.7578125 0.028125 0.025
0 0.45 0.25 0.021875 0.03125
