0 0.1671875 0.621875 0.053125 0.059375
0 0.3734375 0.6578125 0.046875 0.040625
0 0.421875 0.6125 0.046875 0.040625
0 0.278125 0.6921875 0.04375 0.040625
0 0.9828125 0.825 0.03125 0.071875
0 0.853125 0.3390625 0.0375 0.025
0 0.9015625 0.3046875 0.04375 0.040625
0 0.146875 0.2875 0.046875 0.04375
0 0.48125 0.225 0.0375 0.034375
0 0.9265625 0.35 0.046875 0.04375
0 0.1140625 0.5359375 0.028125 0.034375
0 0.6046875 0.85625 0.034375 0.034375
0 0.7015625 0.134375 0.025 0.025
0 0.690625 0.121875 0.03125 0.034375
0 0.646875 0.2765625 0.028125 0.03125
0 0.009375 0.1859375 0.01875 0.053125
0 0.0296875 0.6171875 0.025 0.015625
0 0.115625 0.5828125 0.03125 0.034375
0 0.4265625 0.690625 0.034375 0.0375
0 0.6765625 0.55 0.034375 0.040625
0 0.025 0.353125 0.0375 0.034375
0 0.678125 0.3 0.034375 0.025
0 0.678125 0.7640625 0.03125 0.034375
0 0.078125 0.66875 0.040625 0.04375
0 0.4734375 0.4078125 0.028125 0.01875
0 0.5265625 0.371875 0.028125 0.028125
0 0.55625 0.45625 0.034375 0.03125
0 0.43125 0.18125 0.028125 0.034375
0 0.4171875 0.7328125 0.034375 0.034375
0 0.6046875 0.3953125 0.028125 0.025
0 0.7421875 0.775 0.021875 0.01875
0 0.765625 0.7484375 0.034375 0.034375
0 0.69375 0.396875 0.046875 0.025
0 0.78125 0.125 0.01875 0.021875
0 0.928125 0.16875 0.0125 0.015625
0 0.9765625 0.2359375 0.01875 0.025
0 0.815625 0.621875 0.03125 0.025
0 0.7265625 0.653125 0.0375 0.021875
0 0.73125 0.5640625 0.03125 0.01875
0 0.2390625 0.634375 0.015625 0.015625
0 0.0046875 0.6203125 0.009375 0.025
0 0.403125 0.01328125 0.025 0.0265625
