0 0.9328125 0.9015625 0.046875 0.046875
0 0.865625 0.9578125 0.046875 0.046875
0 0.840625 0.54375 0.046875 0.04375
0 0.7546875 0.3703125 0.046875 0.0375
0 0.76875 0.459375 0.046875 0.046875
0 0.778125 0.0734375 0.0375 0.0375
0 0.896875 0.5140625 0.040625 0.040625
0 0.8015625 0.9734375 0.046875 0.0375
0 0.8703125 0.7390625 0.046875 0.040625
0 0.4828125 0.9078125 0.034375 0.03125
0 0.6421875 0.1390625 0.034375 0.03125
0 0.8828125 0.1921875 0.0375 0.03125
0 0.8703125 0.359375 0.03125 0.04375
0 0.4609375 0.365625 0.034375 0.0375
0 0.4171875 0.36875 0.040625 0.0375
0 0.896875 0.703125 0.0375 0.040625
0 0.5046875 0.9484375 0.03125 0.034375
0 0.2859375 0.4859375 0.0375 0.028125
0 0.9609375 0.3046875 0.0375 0.0375
0 0.4828125 0.4515625 0.034375 0.025
0 0.5875 0.8140625 0.021875 0.03125
0 0.6125 0.8078125 0.021875 0.025
0 0.85625 0.2703125 0.028125 0.0375
0 0.8078125 0.809375 0.046875 0.03125
0 0.6546875 0.8734375 0.025 0.025
0 0.68125 0.859375 0.028125 0.028125
0 0.640625 0.21875 0.025 0.021875
0 0.7421875 0.859375 0.021875 0.025
0 0.5171875 0.00390625 0.028125 0.0078125
0 0.328125 0.7015625 0.025 0.021875
0 0.1859375 0.3546875 0.01875 0.01875
0 0.203125 0.259375 0.015625 0.015625
0 0.8265625 0.66875 0.03125 0.034375
0 0.365625 0.8453125 0.03125 0.03125
0 0.140625 0.615625 0.01875 0.015625
0 0.0421875 0.246875 0.015625 0.0125
0 0.4765625 0.68125 0.021875 0.01875
0 0.509375 0.678125 0.034375 0.025
0 0.2234375 0.2015625 0.015625 0.01875
0 0.821875 0.9390625 0.028125 0.01875
0 0.175 0.6421875 0.015625 0.01875
0 0.55625 0.00859375 0.034375 0.0171875
0 0.81875 0.4609375 0.034375 0.03125
0 0.0421875 0.728125 0.01875 0.021875
0 0.3671875 0.5546875 0.028125 0.028125
0 0.375 0.8 0.034375 0.0375
0 0.9375 0.3296875 0.03125 0.034375
0 0.5125 0.3296875 0.025 0.0125
0 0.0625 0.196875 0.009375 0.0125
0 0.0765625 0.19375 0.009375 0.015625
0 0.5734375 0.109375 0.021875 0.0125
0 0.6453125 0.5640625 0.025 0.021875
0 0.0359375 0.575 0.021875 0.0125
0 0.31875 0.446875 0.0125 0.015625
0 0.421875 0.7328125 0.025 0.01875
0 0.1203125 0.725 0.015625 0.015625
0 0.1390625 0.728125 0.0125 0.009375
0 0.0359375 0.675 0.015625 0.015625
0 0.0625 0.596875 0.01875 0.009375
0 0.31875 0.66875 0.01875 0.021875
0 0.3453125 0.66875 0.021875 0.025
0 0.771875 0.7390625 0.025 0.025
0 0.384375 0.65625 0.0125 0.009375
0 0.4953125 0.41875 0.025 0.028125
0 0.6984375 0.4140625 0.0125 0.01875
0 0.753125 0.3390625 0.034375 0.021875
0 0.9046875 0.3171875 0.015625 0.03125
0 0.93125 0.3015625 0.01875 0.015625
0 0.8359375 0.953125 0.015625 0.028125
0 0.675 0.1234375 0.01875 0.009375
