0 0.13125 0.965625 0.04375 0.04375
0 0.425 0.778125 0.0375 0.040625
0 0.271875 0.965625 0.046875 0.04375
0 0.5234375 0.7421875 0.03125 0.028125
0 0.5203125 0.9125 0.0375 0.028125
0 0.04375 0.7890625 0.034375 0.025
0 0.5421875 0.9265625 0.0375 0.05
0 0.171875 0.7390625 0.028125 0.03125
0 0.69375 0.76875 0.025 0.025
0 0.6671875 0.765625 0.025 0.025
0 0.6515625 0.7609375 0.025 0.021875
0 0.209375 0.8703125 0.028125 0.0375
0 0.7421875 0.921875 0.025 0.025
0 0.01171875 0.659375 0.0234375 0.046875
0 0.1765625 0.81875 0.034375 0.034375
0 0.0828125 0.7109375 0.03125 0.025
0 0.0015625 0.665625 0.003125 0.04375
