0 0.36875 0.1296875 0.0375 0.034375
0 0.00234375 0.2578125 0.0046875 0.01875
0 0.05 0.2109375 0.0375 0.034375
0 0.2 0.959375 0.040625 0.034375
0 0.26875 0.9125 0.034375 0.03125
0 0.415625 0.928125 0.04375 0.040625
0 0.803125 0.8359375 0.04375 0.0375
0 0.3984375 0.40625 0.028125 0.01875
0 0.440625 0.36875 0.034375 0.028125
0 0.4921875 0.375 0.025 0.0125
0 0.484375 0.35 0.034375 0.0375
0 0.51875 0.7609375 0.0375 0.0375
0 0.5140625 0.365625 0.03125 0.01875
0 0.515625 0.3453125 0.03125 0.021875
0 0.00703125 0.3640625 0.0140625 0.021875
0 0.0359375 0.3546875 0.034375 0.03125
0 0.703125 0.825 0.025 0.025
0 0.6453125 0.79375 0.025 0.028125
0 0.746875 0.80625 0.03125 0.03125
0 0.3 0.3921875 0.0375 0.034375
0 0.375 0.928125 0.034375 0.040625
0 0.8734375 0.9203125 0.034375 0.025
0 0.88125 0.88125 0.034375 0.03125
0 0.665625 0.8375 0.0375 0.034375
0 0.115625 0.8015625 0.034375 0.025
0 0.271875 0.3 0.0375 0.034375
0 0.2703125 0.3625 0.028125 0.028125
0 0.4390625 0.96875 0.025 0.028125
0 0.8953125 0.9109375 0.028125 0.01875
0 0.2578125 0.690625 0.05 0.034375
0 0.84375 0.8796875 0.034375 0.0375
0 0.14375 0.6203125 0.0375 0.034375
0 0.5875 0.7125 0.034375 0.03125
0 0.140625 0.5625 0.028125 0.025
0 0.4765625 0.965625 0.03125 0.025
0 0.99375 0.7078125 0.009375 0.01875
0 0.5984375 0.271875 0.025 0.021875
0 0.215625 0.4890625 0.021875 0.0125
