0 0.0578125 0.9015625 0.046875 0.046875
0 0.00703125 0.9578125 0.0140625 0.046875
0 0.5296875 0.6390625 0.0375 0.04375
0 0.021875 0.5140625 0.040625 0.040625
0 0.2171875 0.2859375 0.046875 0.0375
0 0.009375 0.7390625 0.01875 0.040625
0 0.396875 0.434375 0.04375 0.025
0 0.3875 0.4125 0.028125 0.015625
0 0.4203125 0.3125 0.040625 0.040625
0 0.01328125 0.1921875 0.0265625 0.03125
0 0.00546875 0.359375 0.0109375 0.04375
0 0.021875 0.703125 0.0375 0.040625
0 0.4359375 0.7484375 0.034375 0.046875
0 0.0859375 0.3046875 0.0375 0.0375
0 0.7765625 0.271875 0.034375 0.028125
0 0.93125 0.396875 0.03125 0.04375
0 0.834375 0.64375 0.034375 0.040625
0 0.45625 0.853125 0.03125 0.03125
0 0.3078125 0.6796875 0.028125 0.03125
0 0.471875 0.5171875 0.046875 0.040625
0 0.9046875 0.28125 0.01875 0.01875
0 0.60625 0.671875 0.0375 0.034375
0 0.625 0.9671875 0.03125 0.03125
0 0.140625 0.5265625 0.03125 0.03125
0 0.0625 0.3296875 0.03125 0.034375
0 0.9921875 0.3375 0.0125 0.028125
0 0.459375 0.36875 0.0375 0.03125
0 0.315625 0.7203125 0.03125 0.034375
0 0.0296875 0.3171875 0.015625 0.03125
0 0.05625 0.3015625 0.01875 0.015625
0 0.4171875 0.4125 0.021875 0.025
0 0.659375 0.9671875 0.03125 0.028125
0 0.7125 0.7734375 0.025 0.015625
0 0.9359375 0.68125 0.025 0.025
0 0.896875 0.2578125 0.025 0.01875
