0 0.2 0.209375 0.040625 0.034375
0 0.26875 0.1625 0.034375 0.03125
0 0.415625 0.178125 0.04375 0.040625
0 0.803125 0.0859375 0.04375 0.0375
0 0.51875 0.01484375 0.0375 0.0296875
0 0.703125 0.075 0.025 0.025
0 0.6453125 0.04375 0.025 0.028125
0 0.746875 0.05625 0.03125 0.03125
0 0.375 0.178125 0.034375 0.040625
0 0.8734375 0.1703125 0.034375 0.025
0 0.88125 0.13125 0.034375 0.03125
0 0.665625 0.0875 0.0375 0.034375
0 0.115625 0.0515625 0.034375 0.025
0 0.4390625 0.21875 0.025 0.028125
0 0.8953125 0.1609375 0.028125 0.01875
0 0.4328125 0.2890625 0.028125 0.034375
0 0.84375 0.1296875 0.034375 0.0375
0 0.4765625 0.215625 0.03125 0.025
