0 0.5078125 0.190625 0.034375 0.03125
0 0.734375 0.74375 0.040625 0.034375
0 0.6125 0.8015625 0.0375 0.034375
0 0.5390625 0.653125 0.04375 0.04375
0 0.775 0.303125 0.034375 0.03125
0 0.890625 0.0453125 0.0375 0.028125
0 0.3375 0.7578125 0.034375 0.01875
0 0.3375 0.7203125 0.040625 0.040625
0 0.9171875 0.603125 0.04375 0.034375
0 0.8171875 0.28125 0.03125 0.025
0 0.975 0.4625 0.05 0.034375
0 0.85 0.171875 0.0375 0.040625
0 0.7671875 0.5625 0.04375 0.034375
0 0.765625 0.3765625 0.046875 0.046875
0 0.3609375 0.40625 0.034375 0.028125
0 0.5375 0.196875 0.01875 0.0375
0 0.6453125 0.6578125 0.03125 0.01875
0 0.834375 0.1 0.015625 0.01875
0 0.0421875 0.4203125 0.01875 0.009375
0 0.0421875 0.4 0.015625 0.0125
0 0.0578125 0.375 0.0125 0.0125
0 0.0375 0.35625 0.00625 0.015625
0 0.1546875 0.434375 0.009375 0.021875
0 0.1234375 0.4671875 0.015625 0.015625
0 0.3015625 0.4953125 0.01875 0.021875
0 0.3640625 0.7328125 0.01875 0.021875
0 0.9203125 0.040625 0.015625 0.03125
