0 0.646875 0.7296875 0.05 0.04375
0 0.81875 0.75 0.046875 0.046875
0 0.5859375 0.034375 0.0375 0.0375
0 0.9765625 0.6953125 0.04375 0.040625
0 0.615625 0.1765625 0.0375 0.0375
0 0.8828125 0.6671875 0.04375 0.04375
0 0.93125 0.2734375 0.040625 0.040625
0 0.9921875 0.215625 0.015625 0.04375
0 0.928125 0.534375 0.0375 0.040625
0 0.98671875 0.521875 0.0265625 0.04375
0 0.5234375 0.06875 0.034375 0.040625
0 0.6359375 0.00703125 0.0375 0.0140625
0 0.91875 0.6515625 0.0375 0.034375
0 0.828125 0.790625 0.04375 0.040625
0 0.3421875 0.3140625 0.05 0.040625
0 0.9734375 0.28125 0.040625 0.040625
0 0.225 0.2453125 0.040625 0.0375
0 0.359375 0.0734375 0.040625 0.034375
0 0.378125 0.6296875 0.0375 0.040625
0 0.5140625 0.3515625 0.0375 0.034375
0 0.4078125 0.3703125 0.040625 0.0375
0 0.9546875 0.6171875 0.034375 0.034375
0 0.5484375 0.321875 0.034375 0.034375
0 0.3546875 0.409375 0.040625 0.05
0 0.9984375 0.840625 0.003125 0.04375
0 0.321875 0.096875 0.034375 0.0375
0 0.3078125 0.565625 0.03125 0.034375
0 0.76875 0.4578125 0.034375 0.0375
0 0.0828125 0.2953125 0.025 0.015625
0 0.91875 0.0390625 0.034375 0.025
0 0.7265625 0.45625 0.034375 0.03125
0 0.709375 0.1640625 0.040625 0.040625
0 0.7296875 0.1671875 0.059375 0.04375
0 0.5890625 0.771875 0.034375 0.03125
0 0.678125 0.134375 0.040625 0.040625
0 0.740625 0.6734375 0.028125 0.040625
0 0.5 0.6171875 0.034375 0.028125
0 0.8296875 0.459375 0.03125 0.028125
0 0.4296875 0.4234375 0.028125 0.03125
0 0.778125 0.2765625 0.025 0.025
