0 0.528125 0.225 0.04375 0.046875
0 0.6390625 0.5453125 0.0375 0.034375
0 0.40625 0.1625 0.0375 0.040625
0 0.0171875 0.0453125 0.034375 0.028125
0 0.6203125 0.2390625 0.04375 0.04375
0 0.3015625 0.096875 0.04375 0.0375
0 0.0421875 0.603125 0.04375 0.034375
0 0.7765625 0.36875 0.034375 0.0375
0 0.7796875 0.5078125 0.03125 0.028125
0 0.3375 0.3421875 0.01875 0.028125
0 0.1015625 0.4625 0.053125 0.034375
0 0.303125 0.834375 0.04375 0.046875
0 0.596875 0.565625 0.025 0.040625
0 0.63125 0.2640625 0.046875 0.04375
0 0.2453125 0.61875 0.0375 0.0375
0 0.2328125 0.5796875 0.025 0.01875
0 0.3640625 0.8296875 0.034375 0.046875
0 0.2875 0.7890625 0.021875 0.028125
0 0.30625 0.740625 0.03125 0.040625
0 0.9625 0.3328125 0.021875 0.021875
0 0.815625 0.5984375 0.025 0.025
0 0.4375 0.6046875 0.015625 0.015625
0 0.459375 0.7671875 0.028125 0.015625
0 0.94375 0.5390625 0.01875 0.034375
0 0.0453125 0.040625 0.015625 0.03125
