0 0.5046875 0.784375 0.040625 0.034375
0 0.765625 0.74375 0.059375 0.053125
0 0.5046875 0.859375 0.0375 0.0375
0 0.5515625 0.8234375 0.0375 0.040625
0 0.9875 0.9515625 0.025 0.03125
0 0.440625 0.8953125 0.0375 0.040625
0 0.240625 0.925 0.03125 0.028125
0 0.278125 0.903125 0.028125 0.03125
0 0.6171875 0.984375 0.03125 0.03125
0 0.6203125 0.8015625 0.0375 0.03125
0 0.8328125 0.865625 0.046875 0.028125
0 0.9578125 0.8140625 0.03125 0.0375
0 0.7625 0.80625 0.040625 0.040625
0 0.9625 0.8875 0.03125 0.03125
0 0.5328125 0.99453125 0.03125 0.0109375
0 0.3015625 0.8890625 0.021875 0.021875
0 0.653125 0.98984375 0.034375 0.0203125
