0 0.9328125 0.1515625 0.046875 0.046875
0 0.865625 0.2078125 0.046875 0.046875
0 0.8625 0.315625 0.040625 0.0375
0 0.8015625 0.2234375 0.046875 0.0375
0 0.8703125 0.0046875 0.046875 0.009375
0 0.4828125 0.1578125 0.034375 0.03125
0 0.5046875 0.1984375 0.03125 0.034375
0 0.5875 0.0640625 0.021875 0.03125
0 0.6125 0.0578125 0.021875 0.025
0 0.8078125 0.059375 0.046875 0.03125
0 0.6546875 0.1234375 0.025 0.025
0 0.68125 0.109375 0.028125 0.028125
0 0.7421875 0.109375 0.021875 0.025
0 0.365625 0.0953125 0.03125 0.03125
0 0.821875 0.1890625 0.028125 0.01875
0 0.375 0.05 0.034375 0.0375
0 0.8359375 0.203125 0.015625 0.028125
