0 0.909375 0.6671875 0.0375 0.034375
0 0.959375 0.365625 0.040625 0.0375
0 0.7140625 0.421875 0.046875 0.046875
0 0.946875 0.4875 0.0375 0.034375
0 0.5234375 0.690625 0.034375 0.040625
0 0.771875 0.5234375 0.03125 0.034375
0 0.175 0.5734375 0.03125 0.028125
0 0.8546875 0.6421875 0.0375 0.034375
0 0.7984375 0.3671875 0.03125 0.046875
0 0.659375 0.371875 0.046875 0.034375
0 0.5296875 0.134375 0.046875 0.046875
0 0.3046875 0.5828125 0.028125 0.021875
0 0.2578125 0.8015625 0.025 0.025
0 0.73125 0.8703125 0.040625 0.03125
0 0.35 0.86875 0.028125 0.028125
0 0.609375 0.4234375 0.0375 0.034375
0 0.609375 0.55625 0.025 0.025
0 0.278125 0.7296875 0.03125 0.03125
0 0.84375 0.5890625 0.034375 0.03125
0 0.99296875 0.621875 0.0140625 0.03125
0 0.70625 0.7453125 0.028125 0.028125
0 0.734375 0.059375 0.046875 0.05
0 0.3 0.8375 0.028125 0.025
0 0.1875 0.4953125 0.021875 0.021875
0 0.846875 0.821875 0.03125 0.0375
0 0.215625 0.2953125 0.03125 0.040625
0 0.503125 0.5546875 0.05625 0.040625
0 0.6703125 0.771875 0.025 0.01875
0 0.8921875 0.6015625 0.025 0.03125
0 0.6578125 0.1328125 0.04375 0.0375
0 0.9734375 0.621875 0.03125 0.03125
0 0.4171875 0.7859375 0.025 0.025
0 0.15 0.7109375 0.025 0.028125
0 0.171875 0.621875 0.0375 0.03125
0 0.2453125 0.321875 0.0375 0.034375
0 0.61875 0.6578125 0.028125 0.034375
0 0.471875 0.7890625 0.028125 0.025
0 0.28125 0.7609375 0.034375 0.03125
0 0.3609375 0.65 0.03125 0.028125
0 0.565625 0.4625 0.034375 0.034375
0 0.4 0.8265625 0.025 0.021875
0 0.178125 0.7125 0.021875 0.021875
0 0.221875 0.6984375 0.0125 0.015625
0 0.2484375 0.775 0.028125 0.028125
0 0.284375 0.796875 0.021875 0.021875
0 0.5515625 0.6609375 0.034375 0.021875
0 0.578125 0.703125 0.025 0.028125
0 0.559375 0.6890625 0.03125 0.025
0 0.653125 0.6484375 0.028125 0.021875
0 0.6578125 0.5296875 0.0125 0.0125
0 0.7140625 0.6546875 0.0125 0.021875
0 0.553125 0.31875 0.025 0.015625
0 0.6125 0.19375 0.015625 0.01875
0 0.63125 0.1109375 0.028125 0.028125
0 0.2765625 0.2828125 0.025 0.015625
0 0.303125 0.5609375 0.025 0.01875
0 0.884375 0.5671875 0.03125 0.021875
0 0.209375 0.484375 0.0125 0.0125
