0 0.5859375 0.784375 0.0375 0.0375
0 0.615625 0.9265625 0.0375 0.0375
0 0.5875 0.6984375 0.04375 0.04375
0 0.9921875 0.965625 0.015625 0.04375
0 0.5234375 0.81875 0.034375 0.040625
0 0.6359375 0.7453125 0.0375 0.0375
0 0.225 0.98828125 0.040625 0.0234375
0 0.359375 0.8234375 0.040625 0.034375
0 0.321875 0.846875 0.034375 0.0375
0 0.70625 0.721875 0.0375 0.03125
0 0.91875 0.7890625 0.034375 0.025
0 0.709375 0.9140625 0.040625 0.040625
0 0.7296875 0.9171875 0.059375 0.04375
0 0.678125 0.884375 0.040625 0.040625
0 0.88125 0.659375 0.034375 0.046875
0 0.9578125 0.7109375 0.03125 0.025
0 0.853125 0.665625 0.05 0.04375
