0 0.4421875 0.515625 0.04375 0.04375
0 0.034375 0.6671875 0.0375 0.034375
0 0.084375 0.365625 0.040625 0.0375
0 0.234375 0.3671875 0.04375 0.04375
0 0.6671875 0.14375 0.053125 0.053125
0 0.6171875 0.7953125 0.03125 0.025
0 0.4015625 0.209375 0.04375 0.04375
0 0.4078125 0.00625 0.040625 0.0125
0 0.071875 0.4875 0.0375 0.034375
0 0.278125 0.828125 0.034375 0.034375
0 0.671875 0.396875 0.040625 0.034375
0 0.35625 0.7609375 0.034375 0.034375
0 0.31875 0.6984375 0.03125 0.03125
0 0.4421875 0.209375 0.0375 0.0375
0 0.3890625 0.09375 0.046875 0.046875
0 0.6234375 0.4265625 0.04375 0.034375
0 0.415625 0.3359375 0.040625 0.0375
0 0.6234375 0.8953125 0.034375 0.03125
0 0.778125 0.45625 0.04375 0.034375
0 0.653125 0.553125 0.034375 0.0375
0 0.30625 0.0140625 0.03125 0.028125
0 0.5578125 0.0140625 0.03125 0.028125
0 0.446875 0.30625 0.03125 0.028125
0 0.478125 0.6140625 0.028125 0.021875
0 0.2609375 0.0234375 0.046875 0.03125
0 0.315625 0.8234375 0.028125 0.03125
0 0.128125 0.621875 0.034375 0.03125
0 0.5875 0.5171875 0.025 0.03125
0 0.6390625 0.64375 0.028125 0.021875
0 0.578125 0.340625 0.04375 0.040625
0 0.2703125 0.7375 0.021875 0.021875
0 0.1953125 0.36875 0.028125 0.040625
0 0.74375 0.646875 0.025 0.021875
0 0.4953125 0.284375 0.034375 0.028125
0 0.178125 0.4140625 0.025 0.025
0 0.0171875 0.6015625 0.025 0.03125
0 0.584375 0.41875 0.025 0.025
0 0.7140625 0.19375 0.0375 0.053125
0 0.0984375 0.621875 0.03125 0.03125
0 0.6515625 0.484375 0.025 0.028125
0 0.74375 0.7046875 0.025 0.021875
0 0.7734375 0.65625 0.03125 0.021875
0 0.3171875 0.1203125 0.053125 0.0375
0 0.50625 0.60625 0.025 0.021875
0 0.471875 0.8078125 0.015625 0.015625
0 0.3734375 0.375 0.028125 0.034375
0 0.28125 0.184375 0.015625 0.015625
0 0.3796875 0.0015625 0.025 0.003125
0 0.778125 0.3171875 0.025 0.028125
0 0.5640625 0.30625 0.025 0.015625
0 0.690625 0.6 0.0125 0.015625
0 0.58125 0.5921875 0.015625 0.021875
0 0.46875 0.5828125 0.021875 0.021875
0 0.4765625 0.528125 0.01875 0.028125
0 0.409375 0.40625 0.015625 0.015625
0 0.5828125 0.390625 0.028125 0.021875
0 0.73125 0.4671875 0.015625 0.015625
0 0.45625 0.6890625 0.021875 0.025
0 0.4296875 0.65 0.009375 0.015625
0 0.33125 0.6296875 0.01875 0.028125
0 0.2171875 0.7671875 0.028125 0.034375
0 0.490625 0.8015625 0.0125 0.021875
0 0.0125 0.5671875 0.025 0.021875
