0 0.871875 0.190625 0.021875 0.025
0 0.9203125 0.19375 0.03125 0.028125
0 0.7375 0.134375 0.028125 0.025
0 0.3625 0.9828125 0.028125 0.025
0 0.8625 0.3609375 0.03125 0.025
0 0.8671875 0.9015625 0.028125 0.03125
0 0.6703125 0.234375 0.021875 0.03125
0 0.69375 0.240625 0.028125 0.028125
0 0.7421875 0.321875 0.025 0.025
0 0.0296875 0.4609375 0.0125 0.009375
0 0.0453125 0.459375 0.01875 0.015625
0 0.5265625 0.7578125 0.03125 0.028125
0 0.4546875 0.8515625 0.028125 0.028125
0 0.3234375 0.9015625 0.03125 0.03125
0 0.5875 0.240625 0.025 0.034375
0 0.6140625 0.2734375 0.028125 0.021875
0 0.6484375 0.2734375 0.03125 0.034375
0 0.5234375 0.8421875 0.025 0.025
0 0.628125 0.7546875 0.028125 0.034375
0 0.3171875 0.9421875 0.03125 0.028125
0 0.76875 0.31875 0.021875 0.03125
0 0.7984375 0.328125 0.021875 0.025
0 0.4140625 0.975 0.025 0.025
0 0.709375 0.5421875 0.021875 0.028125
0 0.4640625 0.61875 0.034375 0.015625
0 0.49375 0.5953125 0.028125 0.028125
0 0.628125 0.365625 0.0125 0.009375
0 0.646875 0.359375 0.021875 0.015625
0 0.9671875 0.284375 0.01875 0.025
0 0.9921875 0.3078125 0.015625 0.015625
0 0.98828125 0.2875 0.0234375 0.025
0 0.596875 0.6984375 0.03125 0.034375
0 0.1421875 0.5203125 0.025 0.025
0 0.2875 0.6078125 0.021875 0.01875
0 0.8875 0.3546875 0.021875 0.025
0 0.1015625 0.5484375 0.028125 0.021875
0 0.99609375 0.6890625 0.0078125 0.025
0 0.559375 0.6578125 0.028125 0.034375
0 0.7234375 0.578125 0.021875 0.03125
0 0.6015625 0.34375 0.0125 0.015625
0 0.6765625 0.4734375 0.025 0.028125
0 0.60625 0.475 0.03125 0.025
0 0.5296875 0.60625 0.01875 0.01875
0 0.7828125 0.8578125 0.0125 0.0125
0 0.4671875 0.8875 0.01875 0.01875
0 0.359375 0.5359375 0.021875 0.025
0 0.1171875 0.71875 0.015625 0.0125
0 0.003125 0.6859375 0.00625 0.015625
0 0.0109375 0.68125 0.015625 0.009375
0 0.06875 0.6390625 0.01875 0.0125
0 0.0578125 0.621875 0.015625 0.009375
0 0.0328125 0.5203125 0.01875 0.01875
0 0.06875 0.4109375 0.015625 0.01875
0 0.084375 0.4125 0.0125 0.01875
0 0.1875 0.378125 0.028125 0.025
0 0.01875 0.3046875 0.015625 0.015625
0 0.0671875 0.596875 0.009375 0.009375
0 0.1265625 0.4828125 0.0125 0.009375
0 0.759375 0.721875 0.01875 0.015625
0 0.790625 0.6 0.01875 0.025
0 0.828125 0.5203125 0.015625 0.0125
