0 0.1015625 0.6953125 0.04375 0.040625
0 0.01484375 0.6671875 0.0296875 0.04375
0 0.4265625 0.378125 0.04375 0.040625
0 0.05625 0.2734375 0.040625 0.040625
0 0.13125 0.215625 0.04375 0.04375
0 0.053125 0.534375 0.0375 0.040625
0 0.425 0.028125 0.0375 0.040625
0 0.1296875 0.521875 0.0625 0.04375
0 0.271875 0.215625 0.046875 0.04375
0 0.1890625 0.6546875 0.0375 0.040625
0 0.1828125 0.4265625 0.0375 0.040625
0 0.04375 0.6515625 0.0375 0.034375
0 0.8859375 0.7328125 0.034375 0.03125
0 0.0984375 0.28125 0.040625 0.040625
0 0.3875 0.38125 0.03125 0.03125
0 0.54375 0.9 0.040625 0.034375
0 0.8828125 0.621875 0.040625 0.034375
0 0.74375 0.4953125 0.040625 0.0375
0 0.0796875 0.6171875 0.034375 0.034375
0 0.5234375 0.003125 0.03125 0.00625
0 0.7125 0.6140625 0.034375 0.034375
0 0.5203125 0.1625 0.0375 0.028125
0 0.5671875 0.95 0.034375 0.03125
0 0.1421875 0.840625 0.040625 0.04375
0 0.76875 0.8828125 0.034375 0.03125
0 0.8234375 0.6390625 0.028125 0.025
0 0.203125 0.8265625 0.025 0.034375
0 0.525 0.6984375 0.025 0.028125
0 0.5203125 0.6234375 0.040625 0.0375
0 0.04375 0.0390625 0.034375 0.025
0 0.5421875 0.1765625 0.0375 0.05
0 0.7484375 0.809375 0.040625 0.034375
0 0.503125 0.3390625 0.040625 0.0375
0 0.2953125 0.525 0.0375 0.03125
0 0.171875 0.00234375 0.028125 0.0046875
0 0.69375 0.01875 0.025 0.025
0 0.6671875 0.015625 0.025 0.025
0 0.3453125 0.7953125 0.028125 0.03125
0 0.7265625 0.7 0.028125 0.028125
0 0.6515625 0.0109375 0.025 0.021875
0 0.209375 0.1203125 0.028125 0.0375
0 0.7421875 0.171875 0.025 0.025
0 0.1765625 0.06875 0.034375 0.034375
0 0.7515625 0.809375 0.0375 0.034375
0 0.2125 0.5421875 0.025 0.028125
0 0.23125 0.446875 0.03125 0.021875
0 0.30625 0.69375 0.028125 0.021875
