0 0.4921875 0.553125 0.04375 0.040625
0 0.6671875 0.89375 0.053125 0.053125
0 0.4015625 0.959375 0.04375 0.04375
0 0.4078125 0.7453125 0.040625 0.034375
0 0.4421875 0.959375 0.0375 0.0375
0 0.3890625 0.84375 0.046875 0.046875
0 0.6671875 0.7328125 0.0375 0.0375
0 0.30625 0.7578125 0.03125 0.040625
0 0.5578125 0.75625 0.03125 0.04375
0 0.2609375 0.7734375 0.046875 0.03125
0 0.7140625 0.94375 0.0375 0.053125
0 0.3171875 0.8703125 0.053125 0.0375
0 0.28125 0.934375 0.015625 0.015625
0 0.3796875 0.734375 0.025 0.0375
