0 0.0265625 0.9953125 0.034375 0.009375
0 0.1328125 0.9671875 0.05625 0.053125
0 0.0984375 0.5953125 0.046875 0.034375
0 0.4875 0.3984375 0.0375 0.040625
0 0.04375 0.6203125 0.05 0.040625
0 0.00390625 0.165625 0.0078125 0.034375
0 0.2859375 0.375 0.046875 0.034375
0 0.503125 0.828125 0.04375 0.053125
0 0.109375 0.4015625 0.01875 0.028125
0 0.1671875 0.3890625 0.034375 0.034375
0 0.596875 0.7203125 0.046875 0.04375
0 0.075 0.4421875 0.034375 0.040625
0 0.071875 0.809375 0.05625 0.046875
0 0.8421875 0.3578125 0.040625 0.034375
0 0.0875 0.2859375 0.03125 0.028125
0 0.534375 0.6046875 0.034375 0.028125
0 0.4625 0.51875 0.0375 0.028125
0 0.9828125 0.3625 0.025 0.01875
0 0.0953125 0.771875 0.04375 0.046875
0 0.140625 0.409375 0.04375 0.0375
0 0.2125 0.6078125 0.0375 0.0375
0 0.0125 0.8828125 0.025 0.025
0 0.3765625 0.759375 0.025 0.025
0 0.9796875 0.3390625 0.025 0.015625
0 0.6828125 0.7484375 0.01875 0.03125
