0 0.49375 0.0890625 0.05625 0.053125
0 0.9625 0.446875 0.04375 0.05
0 0.91875 0.4078125 0.046875 0.04375
0 0.259375 0.5140625 0.025 0.021875
0 0.834375 0.3453125 0.046875 0.0375
0 0.88125 0.1046875 0.04375 0.04375
0 0.671875 0.60625 0.05 0.040625
0 0.878125 0.63125 0.034375 0.028125
0 0.63125 0.8390625 0.04375 0.034375
0 0.4953125 0.6421875 0.040625 0.0375
0 0.796875 0.446875 0.046875 0.0375
0 0.478125 0.1421875 0.05 0.04375
0 0.0171875 0.1015625 0.03125 0.034375
0 0.59375 0.709375 0.015625 0.0375
0 0.6 0.6671875 0.03125 0.028125
0 0.98984375 0.6390625 0.0203125 0.028125
0 0.9546875 0.3796875 0.040625 0.040625
0 0.5375 0.6171875 0.034375 0.025
0 0.425 0.66875 0.028125 0.03125
0 0.75625 0.7625 0.028125 0.034375
0 0.6125 0.26875 0.046875 0.046875
0 0.71875 0.821875 0.0375 0.034375
0 0.6625 0.4421875 0.028125 0.034375
0 0.9890625 0.640625 0.021875 0.025
0 0.696875 0.796875 0.034375 0.0375
0 0.5671875 0.6859375 0.040625 0.04375
0 0.8484375 0.5609375 0.034375 0.03125
0 0.4390625 0.5609375 0.0375 0.028125
0 0.85 0.5625 0.03125 0.03125
0 0.7921875 0.79375 0.040625 0.03125
0 0.5578125 0.26875 0.028125 0.025
0 0.0734375 0.3140625 0.034375 0.0375
0 0.2828125 0.7734375 0.03125 0.03125
0 0.665625 0.1796875 0.03125 0.03125
0 0.3453125 0.640625 0.034375 0.028125
0 0.5234375 0.1515625 0.046875 0.05
0 0.66875 0.2140625 0.040625 0.034375
0 0.565625 0.4484375 0.03125 0.025
0 0.2765625 0.53125 0.025 0.021875
0 0.915625 0.6234375 0.025 0.015625
0 0.7796875 0.684375 0.021875 0.021875
