0 0.49375 0.7796875 0.021875 0.025
0 0.5234375 0.7625 0.040625 0.040625
0 0.6078125 0.803125 0.04375 0.046875
0 0.4671875 0.7546875 0.046875 0.04375
0 0.6453125 0.7890625 0.040625 0.0375
0 0.5 0.540625 0.04375 0.04375
0 0.9171875 0.61875 0.05 0.05625
0 0.7859375 0.93125 0.03125 0.025
0 0.26875 0.9234375 0.0375 0.0375
0 0.7953125 0.59375 0.034375 0.046875
0 0.4296875 0.478125 0.025 0.03125
0 0.6765625 0.934375 0.034375 0.028125
0 0.0203125 0.715625 0.021875 0.021875
0 0.0328125 0.7546875 0.01875 0.021875
0 0.04375 0.715625 0.01875 0.01875
0 0.04375 0.678125 0.015625 0.021875
0 0.0609375 0.6578125 0.025 0.01875
0 0.0671875 0.715625 0.025 0.015625
0 0.090625 0.675 0.015625 0.01875
0 0.128125 0.6375 0.01875 0.015625
0 0.0640625 0.7734375 0.015625 0.015625
0 0.00625 0.86875 0.0125 0.015625
0 0.421875 0.3625 0.025 0.03125
