0 0.34375 0.5453125 0.04375 0.04375
0 0.9953125 0.59375 0.009375 0.05
0 0.1078125 0.5125 0.015625 0.01875
0 0.2140625 0.4421875 0.015625 0.01875
0 0.275 0.4203125 0.04375 0.04375
0 0.6921875 0.128125 0.04375 0.04375
0 0.265625 0.5828125 0.0375 0.034375
0 0.7828125 0.76875 0.028125 0.028125
0 0.828125 0.78125 0.05 0.046875
0 0.703125 0.4328125 0.040625 0.05
0 0.6703125 0.465625 0.05 0.05
0 0.7 0.8859375 0.0375 0.0375
0 0.4625 0.1046875 0.025 0.025
0 0.4890625 0.6921875 0.01875 0.01875
0 0.521875 0.6984375 0.028125 0.028125
0 0.85625 0.1234375 0.03125 0.034375
0 0.015625 0.240625 0.028125 0.034375
0 0.4875 0.5171875 0.046875 0.034375
0 0.3859375 0.640625 0.034375 0.025
0 0.41875 0.596875 0.028125 0.028125
0 0.3046875 0.1671875 0.025 0.025
0 0.4609375 0.6765625 0.025 0.03125
0 0.7421875 0.3640625 0.05 0.034375
0 0.6046875 0.3953125 0.04375 0.040625
0 0.025 0.53125 0.021875 0.025
0 0.034375 0.4953125 0.03125 0.025
0 0.06875 0.35625 0.034375 0.028125
0 0.378125 0.7484375 0.03125 0.03125
0 0.0234375 0.325 0.040625 0.040625
0 0.546875 0.6828125 0.034375 0.028125
0 0.009375 0.56875 0.01875 0.01875
0 0.090625 0.521875 0.015625 0.025
0 0.159375 0.5171875 0.028125 0.021875
0 0.4640625 0.7421875 0.028125 0.028125
0 0.859375 0.7640625 0.01875 0.025
0 0.1640625 0.353125 0.03125 0.028125
0 0.7984375 0.375 0.03125 0.025
0 0.884375 0.190625 0.021875 0.028125
0 0.95 0.14375 0.034375 0.01875
0 0.5796875 0.71875 0.015625 0.021875
