0 0.328125 0.5140625 0.05625 0.05
0 0.859375 0.0546875 0.05625 0.053125
0 0.7921875 0.66875 0.04375 0.04375
0 0.9859375 0.5953125 0.028125 0.0375
0 0.921875 0.06875 0.0375 0.040625
0 0.359375 0.91875 0.0375 0.040625
0 0.94375 0.1265625 0.0375 0.04375
0 0.56875 0.975 0.046875 0.0375
0 0.8578125 0.7640625 0.04375 0.046875
0 0.265625 0.5734375 0.040625 0.040625
0 0.4703125 0.090625 0.028125 0.03125
0 0.509375 0.0578125 0.040625 0.0375
0 0.603125 0.5046875 0.0375 0.04375
0 0.5796875 0.9359375 0.04375 0.046875
0 0.3609375 0.3875 0.028125 0.0375
0 0.5671875 0.3328125 0.04375 0.04375
0 0.8546875 0.11875 0.05 0.05
0 0.9171875 0.6421875 0.0375 0.040625
0 0.9765625 0.3359375 0.0375 0.040625
0 0.8421875 0.521875 0.0375 0.028125
0 0.9546875 0.2609375 0.040625 0.0375
0 0.259375 0.35 0.034375 0.03125
0 0.39375 0.40625 0.040625 0.046875
0 0.8984375 0.121875 0.05 0.05
0 0.521875 0.2890625 0.040625 0.04375
0 0.9171875 0.534375 0.03125 0.0375
0 0.6109375 0.975 0.040625 0.0375
0 0.2921875 0.7953125 0.040625 0.0375
0 0.9140625 0.284375 0.040625 0.04375
0 0.3390625 0.8375 0.040625 0.0375
0 0.7078125 0.415625 0.040625 0.046875
0 0.88125 0.5046875 0.034375 0.03125
0 0.178125 0.3015625 0.034375 0.025
0 0.5625 0.5015625 0.034375 0.040625
0 0.8109375 0.7171875 0.03125 0.015625
