0 0.39375 0.509375 0.040625 0.040625
0 0.9578125 0.7359375 0.034375 0.0375
0 0.66875 0.3703125 0.05 0.0375
0 0.634375 0.540625 0.04375 0.040625
0 0.99453125 0.6328125 0.0109375 0.040625
0 0.6359375 0.85 0.040625 0.04375
0 0.7796875 0.640625 0.028125 0.01875
0 0.796875 0.6125 0.03125 0.034375
0 0.7265625 0.634375 0.040625 0.0375
0 0.7296875 0.475 0.040625 0.015625
0 0.725 0.4484375 0.046875 0.0375
0 0.671875 0.6125 0.0375 0.0375
0 0.6203125 0.578125 0.0375 0.03125
0 0.64375 0.321875 0.0375 0.0375
0 0.359375 0.6953125 0.04375 0.040625
0 0.678125 0.54375 0.034375 0.034375
0 0.8921875 0.2203125 0.028125 0.03125
0 0.821875 0.5421875 0.028125 0.03125
0 0.671875 0.8546875 0.034375 0.040625
0 0.3796875 0.775 0.034375 0.0375
0 0.915625 0.63125 0.034375 0.028125
0 0.8703125 0.5515625 0.03125 0.03125
0 0.7265625 0.5265625 0.021875 0.01875
0 0.8078125 0.4921875 0.025 0.025
0 0.8140625 0.959375 0.03125 0.025
0 0.7046875 0.6078125 0.028125 0.028125
0 0.8609375 0.5171875 0.028125 0.03125
0 0.871875 0.6421875 0.03125 0.021875
0 0.475 0.14375 0.034375 0.025
0 0.0515625 0.4265625 0.028125 0.028125
0 0.15 0.4109375 0.028125 0.028125
0 0.4921875 0.4859375 0.03125 0.028125
0 0.0890625 0.421875 0.034375 0.028125
0 0.409375 0.7578125 0.03125 0.028125
0 0.534375 0.70625 0.03125 0.025
0 0.5578125 0.66875 0.0375 0.0375
0 0.840625 0.6328125 0.028125 0.025
0 0.3015625 0.565625 0.028125 0.028125
0 0.175 0.371875 0.01875 0.021875
0 0.1453125 0.4859375 0.015625 0.0125
0 0.2234375 0.440625 0.021875 0.01875
0 0.2203125 0.4203125 0.01875 0.021875
0 0.3671875 0.3453125 0.01875 0.025
0 0.340625 0.2359375 0.0375 0.015625
0 0.5875 0.4984375 0.025 0.034375
0 0.7328125 0.7921875 0.028125 0.025
0 0.74375 0.725 0.028125 0.025
0 0.5671875 0.1421875 0.015625 0.01875
0 0.73125 0.00546875 0.025 0.0109375
