0 0.61875 0.003125 0.046875 0.00625
0 0.909375 0.2515625 0.0375 0.04375
0 0.9421875 0.0671875 0.034375 0.0375
0 0.5296875 0.096875 0.028125 0.028125
0 0.5515625 0.075 0.034375 0.025
0 0.490625 0.040625 0.021875 0.021875
0 0.5203125 0.0171875 0.028125 0.028125
0 0.828125 0.146875 0.028125 0.03125
0 0.2703125 0.0453125 0.021875 0.025
0 0.4015625 0.0359375 0.01875 0.028125
0 0.41875 0.06875 0.021875 0.015625
0 0.453125 0.034375 0.034375 0.03125
0 0.765625 0.2515625 0.0375 0.03125
0 0.7640625 0.221875 0.040625 0.03125
0 0.68125 0.2703125 0.03125 0.05
0 0.296875 0.0453125 0.03125 0.025
0 0.7546875 0.071875 0.046875 0.04375
0 0.7125 0.2765625 0.040625 0.04375
0 0.55625 0.0046875 0.0375 0.009375
0 0.253125 0.0109375 0.03125 0.021875
0 0.421875 0.034375 0.01875 0.040625
