0 0.61875 0.734375 0.046875 0.04375
0 0.91875 0.3734375 0.03125 0.034375
0 0.909375 0.98984375 0.0375 0.0203125
0 0.9421875 0.8171875 0.034375 0.0375
0 0.965625 0.56875 0.034375 0.040625
0 0.515625 0.3546875 0.03125 0.025
0 0.16875 0.728125 0.03125 0.025
0 0.928125 0.1125 0.01875 0.0375
0 0.5296875 0.846875 0.028125 0.028125
0 0.475 0.4953125 0.040625 0.0375
0 0.0875 0.7265625 0.03125 0.025
0 0.396875 0.58125 0.021875 0.028125
0 0.278125 0.6 0.028125 0.028125
0 0.4671875 0.5703125 0.015625 0.028125
0 0.490625 0.56875 0.034375 0.028125
0 0.5515625 0.825 0.034375 0.025
0 0.490625 0.790625 0.021875 0.021875
0 0.5203125 0.7671875 0.028125 0.028125
0 0.125 0.61875 0.021875 0.03125
0 0.4546875 0.5390625 0.028125 0.03125
0 0.828125 0.896875 0.028125 0.03125
0 0.99375 0.5875 0.0125 0.025
0 0.146875 0.625 0.021875 0.025
0 0.2046875 0.6171875 0.034375 0.028125
0 0.3078125 0.59375 0.025 0.025
0 0.3359375 0.559375 0.028125 0.028125
0 0.2703125 0.7953125 0.021875 0.025
0 0.4015625 0.7859375 0.01875 0.028125
0 0.41875 0.81875 0.021875 0.015625
0 0.453125 0.784375 0.034375 0.03125
0 0.765625 0.99296875 0.0375 0.0140625
0 0.7640625 0.971875 0.040625 0.03125
0 0.68125 0.99765625 0.03125 0.0046875
0 0.296875 0.7953125 0.03125 0.025
0 0.7546875 0.821875 0.046875 0.04375
0 0.80625 0.371875 0.040625 0.040625
0 0.55625 0.7453125 0.0375 0.028125
0 0.253125 0.7578125 0.03125 0.028125
0 0.3 0.559375 0.03125 0.028125
0 0.421875 0.784375 0.01875 0.040625
0 0.43125 0.334375 0.028125 0.028125
0 0.86875 0.6640625 0.01875 0.025
0 0.884375 0.6546875 0.025 0.034375
0 0.2046875 0.7265625 0.01875 0.021875
0 0.709375 0.446875 0.0375 0.028125
0 0.7421875 0.41875 0.03125 0.0375
0 0.8296875 0.3640625 0.028125 0.021875
0 0.51875 0.5265625 0.028125 0.028125
0 0.634375 0.2625 0.03125 0.03125
0 0.8515625 0.690625 0.034375 0.025
0 0.4609375 0.6625 0.01875 0.025
0 0.459375 0.603125 0.03125 0.025
0 0.5078125 0.5703125 0.03125 0.028125
0 0.340625 0.5171875 0.028125 0.021875
0 0.53125 0.3875 0.028125 0.015625
0 0.565625 0.38125 0.028125 0.0125
0 0.0046875 0.434375 0.00625 0.015625
0 0.075 0.4578125 0.021875 0.021875
0 0.103125 0.4234375 0.025 0.009375
0 0.6578125 0.2046875 0.021875 0.021875
0 0.6625 0.1671875 0.03125 0.021875
0 0.9515625 0.1125 0.025 0.0375
0 0.2796875 0.7328125 0.01875 0.01875
0 0.4953125 0.6421875 0.01875 0.021875
0 0.1359375 0.590625 0.0125 0.015625
0 0.89375 0.675 0.015625 0.025
0 0.9953125 0.6609375 0.009375 0.021875
0 0.4515625 0.3359375 0.028125 0.021875
