0 0.49375 0.0296875 0.021875 0.025
0 0.5234375 0.01640625 0.040625 0.0328125
0 0.6078125 0.053125 0.04375 0.046875
0 0.4671875 0.01328125 0.046875 0.0265625
0 0.6453125 0.0390625 0.040625 0.0375
0 0.8046875 0.4390625 0.040625 0.034375
0 0.7640625 0.43125 0.0375 0.0375
0 0.7859375 0.18125 0.03125 0.025
0 0.934375 0.2875 0.034375 0.0375
0 0.26875 0.1734375 0.0375 0.0375
0 0.9875 0.3625 0.025 0.034375
0 0.6765625 0.184375 0.034375 0.028125
0 0.0328125 0.0078125 0.01875 0.015625
0 0.0640625 0.0234375 0.015625 0.015625
0 0.00625 0.11875 0.0125 0.015625
0 0.7515625 0.2828125 0.040625 0.0375
0 0.76875 0.3328125 0.034375 0.03125
