0 0.671875 0.5359375 0.046875 0.0375
0 0.0984375 0.8703125 0.04375 0.053125
0 0.70625 0.35625 0.040625 0.03125
0 0.409375 0.9734375 0.05625 0.053125
0 0.2 0.2234375 0.046875 0.053125
0 0.521875 0.6984375 0.046875 0.05625
0 0.5234375 0.60625 0.04375 0.04375
0 0.075 0.6015625 0.03125 0.04375
0 0.5765625 0.98125 0.040625 0.0375
0 0.203125 0.4375 0.04375 0.05
0 0.8796875 0.6640625 0.0375 0.0375
0 0.1421875 0.259375 0.053125 0.05
0 0.615625 0.99375 0.040625 0.0125
0 0.1390625 0.4546875 0.05 0.05
0 0.55 0.4734375 0.046875 0.03125
0 0.1515625 0.2078125 0.046875 0.04375
0 0.309375 0.321875 0.034375 0.03125
0 0.1296875 0.3171875 0.04375 0.04375
0 0.1578125 0.815625 0.0375 0.05
0 0.1109375 0.68125 0.04375 0.04375
0 0.75625 0.578125 0.04375 0.040625
0 0.7234375 0.6921875 0.040625 0.025
0 0.775 0.23125 0.03125 0.028125
0 0.54375 0.24375 0.025 0.01875
0 0.615625 0.93125 0.034375 0.015625
