0 0.5125 0.734375 0.04375 0.046875
0 0.2875 0.471875 0.04375 0.0375
0 0.434375 0.7515625 0.0375 0.0375
0 0.965625 0.8921875 0.046875 0.0375
0 0.04375 0.3734375 0.03125 0.034375
0 0.034375 0.98984375 0.0375 0.0203125
0 0.5375 0.5328125 0.0375 0.040625
0 0.0671875 0.8171875 0.034375 0.0375
0 0.090625 0.56875 0.034375 0.040625
0 0.2640625 0.6453125 0.034375 0.03125
0 0.053125 0.1125 0.01875 0.0375
0 0.73125 0.2359375 0.04375 0.034375
0 0.696875 0.4984375 0.040625 0.0375
0 0.74375 0.4578125 0.03125 0.0375
0 0.778125 0.8921875 0.03125 0.03125
0 0.3359375 0.771875 0.028125 0.03125
0 0.878125 0.634375 0.040625 0.034375
0 0.30625 0.646875 0.028125 0.025
0 0.3 0.3375 0.025 0.028125
0 0.4125 0.9 0.028125 0.025
0 0.13125 0.5875 0.0375 0.025
0 0.6796875 0.56875 0.028125 0.034375
0 0.6140625 0.84375 0.034375 0.03125
0 0.3671875 0.384375 0.03125 0.034375
0 0.209375 0.1171875 0.028125 0.034375
0 0.3484375 0.646875 0.03125 0.028125
0 0.6546875 0.8546875 0.01875 0.028125
0 0.6453125 0.83125 0.021875 0.034375
0 0.678125 0.825 0.040625 0.03125
0 0.1921875 0.48125 0.028125 0.025
0 0.0015625 0.6640625 0.003125 0.025
0 0.0109375 0.6546875 0.021875 0.034375
0 0.88125 0.846875 0.040625 0.040625
0 0.7875 0.559375 0.028125 0.021875
0 0.825 0.5390625 0.025 0.0375
0 0.7875 0.4859375 0.03125 0.03125
0 0.55 0.328125 0.034375 0.034375
0 0.0765625 0.1125 0.025 0.0375
0 0.365625 0.346875 0.028125 0.03125
0 0.4 0.3625 0.034375 0.028125
0 0.4875 0.490625 0.0375 0.028125
0 0.371875 0.61875 0.01875 0.025
0 0.8171875 0.3859375 0.03125 0.03125
0 0.01875 0.675 0.015625 0.025
0 0.128125 0.6609375 0.025 0.021875
0 0.7203125 0.784375 0.025 0.03125
