0 0.6640625 0.2390625 0.046875 0.046875
0 0.2625 0.4765625 0.021875 0.03125
0 0.290625 0.4734375 0.034375 0.034375
0 0.759375 0.309375 0.046875 0.040625
0 0.778125 0.8453125 0.046875 0.046875
0 0.6578125 0.71875 0.040625 0.04375
0 0.3125 0.6203125 0.046875 0.0375
0 0.9734375 0.8703125 0.04375 0.053125
0 0.2703125 0.8171875 0.04375 0.04375
0 0.0984375 0.6 0.03125 0.0375
0 0.95 0.6015625 0.03125 0.04375
0 0.5015625 0.475 0.040625 0.040625
0 0.9953125 0.259375 0.009375 0.05
0 0.4078125 0.99765625 0.040625 0.0046875
0 0.99453125 0.4546875 0.0109375 0.05
0 0.7921875 0.4109375 0.040625 0.0375
0 0.703125 0.91875 0.04375 0.0375
0 0.08125 0.4234375 0.04375 0.03125
0 0.521875 0.4 0.0375 0.034375
0 0.99140625 0.3171875 0.0171875 0.04375
0 0.8140625 0.9 0.040625 0.034375
0 0.4171875 0.6734375 0.025 0.03125
0 0.3375 0.95625 0.034375 0.040625
0 0.1359375 0.603125 0.03125 0.034375
0 0.98203125 0.68125 0.0359375 0.04375
0 0.45625 0.315625 0.025 0.01875
0 0.4921875 0.28125 0.03125 0.040625
0 0.3796875 0.8234375 0.03125 0.03125
0 0.5 0.5265625 0.025 0.021875
0 0.7359375 0.8 0.025 0.025
0 0.21875 0.4375 0.03125 0.025
0 0.003125 0.515625 0.00625 0.015625
0 0.3671875 0.5515625 0.03125 0.028125
0 0.4703125 0.3828125 0.021875 0.04375
0 0.7375 0.1625 0.03125 0.021875
0 0.3890625 0.2546875 0.015625 0.015625
0 0.3375 0.8234375 0.021875 0.025
0 0.7875 0.140625 0.025 0.015625
0 0.2328125 0.8953125 0.021875 0.021875
0 0.28125 0.9140625 0.028125 0.021875
