0 0.2453125 0.85 0.034375 0.0375
0 0.2578125 0.5078125 0.040625 0.04375
0 0.5953125 0.16875 0.0375 0.034375
0 0.45 0.8375 0.034375 0.034375
0 0.0828125 0.7359375 0.034375 0.0375
0 0.2265625 0.9015625 0.0375 0.0375
0 0.4171875 0.853125 0.03125 0.028125
0 0.134375 0.6328125 0.040625 0.040625
0 0.7328125 0.6515625 0.040625 0.0375
0 0.6625 0.775 0.025 0.021875
0 0.734375 0.725 0.034375 0.034375
0 0.25 0.659375 0.015625 0.01875
0 0.2953125 0.628125 0.040625 0.0375
0 0.303125 0.83125 0.03125 0.028125
0 0.7109375 0.7609375 0.034375 0.03125
0 0.209375 0.6828125 0.04375 0.03125
0 0.3390625 0.8484375 0.0375 0.0375
0 0.296875 0.565625 0.0375 0.0375
0 0.0171875 0.2203125 0.028125 0.03125
0 0.709375 0.3203125 0.03125 0.034375
0 0.634375 0.575 0.0375 0.034375
0 0.578125 0.3 0.028125 0.025
0 0.59375 0.2859375 0.025 0.025
0 0.2234375 0.6734375 0.028125 0.03125
0 0.2984375 0.86875 0.040625 0.025
0 0.921875 0.2734375 0.01875 0.015625
0 0.040625 0.63125 0.034375 0.028125
0 0.00546875 0.5515625 0.0109375 0.03125
0 0.240625 0.7125 0.040625 0.03125
0 0.6484375 0.4609375 0.01875 0.03125
0 0.6734375 0.4609375 0.034375 0.03125
0 0.6453125 0.753125 0.03125 0.0375
0 0.4015625 0.1765625 0.034375 0.034375
0 0.4015625 0.7046875 0.028125 0.025
0 0.00625 0.6421875 0.0125 0.021875
0 0.540625 0.321875 0.0375 0.03125
0 0.6078125 0.68125 0.040625 0.03125
0 0.2703125 0.7125 0.01875 0.021875
0 0.759375 0.7375 0.028125 0.028125
0 0.5578125 0.5609375 0.034375 0.034375
0 0.4390625 0.3140625 0.021875 0.01875
0 0.475 0.2859375 0.025 0.025
0 0.3125 0.6515625 0.028125 0.034375
0 0.8375 0.653125 0.015625 0.01875
0 0.8765625 0.359375 0.015625 0.0125
0 0.9453125 0.2875 0.015625 0.009375
