0 0.959375 0.5390625 0.0625 0.065625
0 0.4421875 0.3453125 0.053125 0.059375
0 0.509375 0.79375 0.05 0.0625
0 0.6453125 0.775 0.04375 0.053125
0 0.4734375 0.2859375 0.053125 0.059375
0 0.8234375 0.5140625 0.0625 0.06875
0 0.59375 0.190625 0.05625 0.059375
0 0.86875 0.7640625 0.0375 0.046875
0 0.0765625 0.515625 0.0375 0.028125
0 0.915625 0.815625 0.065625 0.05
0 0.115625 0.728125 0.034375 0.028125
0 0.08125 0.15 0.05 0.04375
0 0.3390625 0.1359375 0.03125 0.034375
0 0.7765625 0.6265625 0.03125 0.034375
0 0.1578125 0.096875 0.0625 0.065625
0 0.209375 0.215625 0.0375 0.040625
0 0.0859375 0.240625 0.03125 0.04375
0 0.5921875 0.1890625 0.05625 0.053125
0 0.2859375 0.1 0.03125 0.040625
