0 0.5125 0.00390625 0.04375 0.0078125
0 0.434375 0.01015625 0.0375 0.0203125
0 0.965625 0.1421875 0.046875 0.0375
0 0.034375 0.2515625 0.0375 0.04375
0 0.2421875 0.2734375 0.03125 0.028125
0 0.0671875 0.0671875 0.034375 0.0375
0 0.778125 0.1421875 0.03125 0.03125
0 0.3359375 0.021875 0.028125 0.03125
0 0.4125 0.15 0.028125 0.025
0 0.6140625 0.09375 0.034375 0.03125
0 0.6546875 0.1046875 0.01875 0.028125
0 0.6453125 0.08125 0.021875 0.034375
0 0.678125 0.075 0.040625 0.03125
0 0.88125 0.096875 0.040625 0.040625
0 0.7203125 0.034375 0.025 0.03125
