0 0.6015625 0.9375 0.009375 0.03125
0 0.6234375 0.9453125 0.0375 0.03125
0 0.465625 0.915625 0.0375 0.0375
0 0.1984375 0.94375 0.03125 0.03125
0 0.509375 0.9421875 0.034375 0.03125
0 0.521875 0.859375 0.03125 0.025
0 0.409375 0.99140625 0.03125 0.0171875
0 0.6609375 0.99609375 0.03125 0.0078125
0 0.15 0.9453125 0.025 0.03125
0 0.078125 0.9203125 0.025 0.01875
0 0.3625 0.99375 0.021875 0.0125
0 0.3734375 0.98125 0.025 0.028125
0 0.4375 0.9921875 0.021875 0.015625
0 0.1953125 0.9734375 0.015625 0.015625
