0 0.240625 0.0796875 0.05 0.046875
0 0.5625 0.01484375 0.05625 0.0296875
0 0.3859375 0.1703125 0.05625 0.053125
0 0.684375 0.065625 0.053125 0.04375
0 0.190625 0.0484375 0.04375 0.05
0 0.415625 0.275 0.046875 0.034375
0 0.4109375 0.234375 0.053125 0.046875
0 0.7359375 0.01484375 0.040625 0.0296875
0 0.70625 0.128125 0.053125 0.05625
0 0.79375 0.2 0.046875 0.040625
0 0.2328125 0.18125 0.028125 0.021875
0 0.2859375 0.1703125 0.034375 0.046875
0 0.3484375 0.1953125 0.040625 0.04375
0 0.825 0.225 0.040625 0.0375
0 0.059375 0.2875 0.034375 0.0375
0 0.1546875 0.0984375 0.04375 0.040625
0 0.11875 0.3625 0.0375 0.034375
0 0.64375 0.1984375 0.025 0.0375
0 0.2125 0.28125 0.028125 0.021875
0 0.940625 0.0796875 0.04375 0.04375
0 0.5671875 0.259375 0.03125 0.034375
0 0.2515625 0.025 0.034375 0.028125
0 0.296875 0.2390625 0.0375 0.0375
0 0.4359375 0.13125 0.01875 0.015625
0 0.446875 0.0953125 0.01875 0.028125
