0 0.371875 0.7046875 0.05625 0.059375
0 0.240625 0.8296875 0.05 0.046875
0 0.5625 0.75625 0.05625 0.046875
0 0.3859375 0.9203125 0.05625 0.053125
0 0.684375 0.815625 0.053125 0.04375
0 0.190625 0.7984375 0.04375 0.05
0 0.4109375 0.98046875 0.053125 0.0390625
0 0.7359375 0.7578125 0.040625 0.04375
0 0.70625 0.878125 0.053125 0.05625
0 0.79375 0.95 0.046875 0.040625
0 0.5859375 0.3578125 0.046875 0.04375
0 0.0421875 0.61875 0.05 0.05625
0 0.2328125 0.93125 0.028125 0.021875
0 0.2859375 0.9203125 0.034375 0.046875
0 0.3484375 0.9453125 0.040625 0.04375
0 0.825 0.975 0.040625 0.0375
0 0.1546875 0.8484375 0.04375 0.040625
0 0.2171875 0.70625 0.053125 0.05
0 0.64375 0.9484375 0.025 0.0375
0 0.940625 0.8296875 0.04375 0.04375
0 0.5671875 0.99609375 0.03125 0.0078125
0 0.2515625 0.775 0.034375 0.028125
0 0.296875 0.98515625 0.0375 0.0296875
0 0.4359375 0.88125 0.01875 0.015625
0 0.446875 0.8453125 0.01875 0.028125
