0 0.671875 0.3203125 0.03125 0.040625
0 0.75 0.3015625 0.046875 0.053125
0 0.409375 0.4171875 0.05 0.05
0 0.4203125 0.2328125 0.05625 0.025
0 0.4375 0.178125 0.053125 0.05
0 0.2890625 0.2203125 0.04375 0.05625
0 0.578125 0.109375 0.0375 0.0375
0 0.1390625 0.59375 0.046875 0.05
0 0.678125 0.4640625 0.034375 0.0375
0 0.80625 0.6203125 0.040625 0.034375
0 0.196875 0.31875 0.040625 0.046875
0 0.51875 0.265625 0.040625 0.046875
0 0.6390625 0.3203125 0.03125 0.034375
0 0.7015625 0.1484375 0.025 0.0125
0 0.7203125 0.1140625 0.046875 0.046875
0 0.8046875 0.4296875 0.028125 0.03125
0 0.2828125 0.5921875 0.034375 0.040625
0 0.365625 0.515625 0.03125 0.034375
0 0.7109375 0.59375 0.028125 0.021875
0 0.521875 0.6890625 0.034375 0.040625
0 0.71875 0.5625 0.028125 0.03125
0 0.75 0.5484375 0.0375 0.0375
0 0.6375 0.7609375 0.034375 0.03125
0 0.896875 0.5578125 0.015625 0.025
0 0.8765625 0.5359375 0.015625 0.01875
0 0.9515625 0.528125 0.015625 0.015625
0 0.9578125 0.4859375 0.021875 0.021875
0 0.953125 0.55625 0.025 0.021875
0 0.5640625 0.6828125 0.0375 0.0375
0 0.840625 0.434375 0.028125 0.034375
0 0.8984375 0.4484375 0.021875 0.01875
0 0.7484375 0.5171875 0.0375 0.03125
0 0.9890625 0.5953125 0.01875 0.034375
0 0.234375 0.3265625 0.040625 0.053125
0 0.8796875 0.321875 0.01875 0.021875
0 0.903125 0.28125 0.01875 0.015625
0 0.2546875 0.4 0.015625 0.028125
0 0.2734375 0.3921875 0.021875 0.025
0 0.1546875 0.1953125 0.0375 0.034375
0 0.01015625 0.190625 0.0203125 0.028125
0 0.075 0.14375 0.034375 0.01875
0 0.315625 0.6578125 0.025 0.01875
