0 0.0578125 0.4390625 0.05 0.05
0 0.3578125 0.403125 0.04375 0.04375
0 0.01015625 0.6890625 0.0203125 0.040625
0 0.840625 0.4296875 0.040625 0.034375
0 0.8484375 0.6515625 0.040625 0.034375
0 0.0375 0.296875 0.04375 0.046875
0 0.690625 0.7859375 0.028125 0.03125
0 0.7140625 0.746875 0.040625 0.034375
0 0.484375 0.484375 0.040625 0.04375
0 0.56875 0.490625 0.046875 0.04375
0 0.175 0.7421875 0.025 0.0375
0 0.784375 0.5015625 0.040625 0.040625
0 0.0734375 0.3234375 0.040625 0.034375
0 0.25 0.3390625 0.034375 0.0375
0 0.2984375 0.278125 0.040625 0.04375
0 0.7953125 0.3484375 0.0375 0.03125
0 0.93125 0.7390625 0.0375 0.034375
0 0.315625 0.3984375 0.040625 0.0375
0 0.0859375 0.5796875 0.028125 0.03125
0 0.08125 0.284375 0.04375 0.05
0 0.371875 0.6578125 0.0375 0.0375
0 0.7375 0.8453125 0.034375 0.034375
0 0.271875 0.4234375 0.034375 0.040625
0 0.6515625 0.76875 0.028125 0.028125
0 0.6109375 0.9234375 0.04375 0.0375
0 0.259375 0.559375 0.028125 0.0375
0 0.7171875 0.6875 0.034375 0.0375
0 0.7296875 0.503125 0.03125 0.0375
0 0.5046875 0.7203125 0.025 0.025
0 0.5640625 0.709375 0.034375 0.034375
0 0.840625 0.80625 0.0375 0.0375
0 0.3390625 0.4578125 0.03125 0.03125
0 0.2625 0.2796875 0.025 0.05
0 0.23125 0.5078125 0.021875 0.028125
0 0.9875 0.58125 0.015625 0.015625
0 0.1859375 0.3859375 0.034375 0.034375
0 0.01875 0.071875 0.034375 0.021875
0 0.4875 0.7953125 0.021875 0.01875
0 0.63125 0.9203125 0.03125 0.021875
