0 0.0875 0.446875 0.04375 0.05
0 0.38125 0.540625 0.040625 0.040625
0 0.04375 0.4078125 0.046875 0.04375
0 0.4265625 0.5 0.046875 0.04375
0 0.3 0.3796875 0.0375 0.021875
0 0.3234375 0.3546875 0.053125 0.046875
0 0.0140625 0.1046875 0.028125 0.04375
0 0.171875 0.5890625 0.04375 0.0375
0 0.01015625 0.63125 0.0203125 0.028125
0 0.7046875 0.7421875 0.034375 0.0375
0 0.20625 0.553125 0.0375 0.03125
0 0.64375 0.8921875 0.034375 0.03125
0 0.125 0.6390625 0.040625 0.028125
0 0.6765625 0.55625 0.028125 0.040625
0 0.0796875 0.3796875 0.040625 0.040625
0 0.678125 0.390625 0.0375 0.040625
0 0.4609375 0.4453125 0.025 0.028125
0 0.9859375 0.6 0.025 0.03125
0 0.1953125 0.3703125 0.0375 0.0375
0 0.2109375 0.478125 0.021875 0.034375
0 0.259375 0.4359375 0.04375 0.0375
0 0.1234375 0.640625 0.040625 0.025
0 0.3421875 0.5546875 0.034375 0.025
0 0.9890625 0.6734375 0.01875 0.03125
0 0.5578125 0.465625 0.028125 0.03125
0 0.2421875 0.6640625 0.025 0.028125
0 0.1921875 0.1890625 0.04375 0.04375
0 0.4421875 0.621875 0.0375 0.034375
0 0.6375 0.4015625 0.034375 0.025
0 0.040625 0.6234375 0.025 0.015625
0 0.31875 0.165625 0.025 0.028125
0 0.590625 0.1515625 0.028125 0.028125
