0 0.6734375 0.2515625 0.05 0.04375
0 0.00625 0.0546875 0.0125 0.053125
0 0.1953125 0.934375 0.040625 0.04375
0 0.1171875 0.5953125 0.040625 0.0375
0 0.046875 0.06875 0.0375 0.040625
0 0.3 0.965625 0.046875 0.046875
0 0.06875 0.1265625 0.0375 0.04375
0 0.1421875 0.3484375 0.0375 0.040625
0 0.00234375 0.7640625 0.0046875 0.046875
0 0.440625 0.259375 0.04375 0.05
0 0.871875 0.63125 0.0375 0.040625
0 0.00234375 0.11875 0.0046875 0.05
0 0.2125 0.7625 0.040625 0.046875
0 0.0421875 0.6421875 0.0375 0.040625
0 0.1015625 0.3359375 0.0375 0.040625
0 0.8859375 0.3734375 0.0375 0.03125
0 0.0796875 0.2609375 0.040625 0.0375
0 0.3140625 0.2875 0.05625 0.06875
0 0.2703125 0.2765625 0.04375 0.05625
0 0.3140625 0.278125 0.05625 0.04375
0 0.02421875 0.121875 0.0484375 0.05
0 0.465625 0.99375 0.04375 0.0125
0 0.0421875 0.534375 0.03125 0.0375
0 0.0390625 0.284375 0.040625 0.04375
0 0.5625 0.3953125 0.046875 0.04375
0 0.440625 0.346875 0.0375 0.028125
0 0.01171875 0.5046875 0.0234375 0.03125
0 0.44375 0.3984375 0.028125 0.028125
0 0.1828125 0.8140625 0.05 0.034375
0 0.7171875 0.3078125 0.040625 0.053125
0 0.5953125 0.409375 0.03125 0.03125
0 0.8640625 0.3578125 0.021875 0.028125
