0 0.6765625 0.4875 0.04375 0.053125
0 0.9546875 0.853125 0.04375 0.046875
0 0.8765625 0.2921875 0.046875 0.04375
0 0.98515625 0.915625 0.0296875 0.0375
0 0.45625 0.89375 0.034375 0.028125
0 0.953125 0.415625 0.040625 0.040625
0 0.74375 0.6359375 0.04375 0.0375
0 0.696875 0.6453125 0.0375 0.028125
0 0.58125 0.2890625 0.03125 0.028125
0 0.6546875 0.5484375 0.034375 0.04375
0 0.3984375 0.2625 0.0375 0.040625
0 0.9859375 0.8515625 0.025 0.0375
0 0.846875 0.7 0.0375 0.03125
0 0.26875 0.4546875 0.03125 0.0375
0 0.8171875 0.70625 0.028125 0.021875
0 0.903125 0.7328125 0.03125 0.040625
0 0.1859375 0.5328125 0.028125 0.021875
0 0.034375 0.4515625 0.028125 0.01875
0 0.0578125 0.4625 0.01875 0.0125
0 0.0984375 0.4546875 0.01875 0.0125
0 0.11875 0.425 0.025 0.021875
0 0.8578125 0.6015625 0.028125 0.03125
0 0.909375 0.6265625 0.028125 0.021875
0 0.88125 0.3796875 0.025 0.01875
0 0.171875 0.3140625 0.015625 0.01875
0 0.8640625 0.94375 0.0125 0.0375
0 0.6359375 0.8921875 0.0375 0.021875
