0 0.4734375 0.4578125 0.05 0.046875
0 0.125 0.40625 0.0375 0.04375
0 0.2859375 0.98046875 0.046875 0.0390625
0 0.01015625 0.303125 0.0203125 0.0375
0 0.0828125 0.3671875 0.04375 0.04375
0 0.425 0.496875 0.040625 0.0375
0 0.2140625 0.553125 0.04375 0.034375
0 0.1171875 0.3421875 0.04375 0.053125
0 0.040625 0.05625 0.03125 0.034375
0 0.3015625 0.39375 0.040625 0.0375
0 0.165625 0.6015625 0.04375 0.03125
0 0.015625 0.525 0.03125 0.034375
0 0.040625 0.5953125 0.034375 0.03125
0 0.38125 0.515625 0.034375 0.021875
0 0.740625 0.7 0.034375 0.0375
0 0.6015625 0.421875 0.028125 0.025
0 0.6828125 0.8515625 0.040625 0.034375
0 0.2234375 0.1515625 0.034375 0.0375
0 0.203125 0.7359375 0.03125 0.03125
0 0.2453125 0.5109375 0.0375 0.034375
0 0.6828125 0.3609375 0.028125 0.021875
0 0.4890625 0.58125 0.0375 0.03125
0 0.7234375 0.346875 0.034375 0.040625
0 0.6296875 0.103125 0.028125 0.034375
0 0.23125 0.33125 0.03125 0.028125
0 0.503125 0.1125 0.040625 0.040625
0 0.3703125 0.98671875 0.03125 0.0265625
0 0.7203125 0.5109375 0.034375 0.04375
0 0.36875 0.3109375 0.046875 0.040625
0 0.1140625 0.834375 0.025 0.01875
0 0.5734375 0.5921875 0.046875 0.0375
0 0.5046875 0.4015625 0.028125 0.028125
0 0.3546875 0.1140625 0.025 0.025
0 0.3375 0.340625 0.034375 0.01875
0 0.2734375 0.3578125 0.028125 0.015625
0 0.2546875 0.4390625 0.015625 0.0375
0 0.2015625 0.4953125 0.034375 0.028125
0 0.1640625 0.43125 0.025 0.0125
0 0.1578125 0.3265625 0.03125 0.03125
0 0.26875 0.396875 0.021875 0.03125
0 0.2875 0.4328125 0.01875 0.01875
0 0.3203125 0.4390625 0.028125 0.021875
0 0.2796875 0.625 0.025 0.025
0 0.5125 0.7578125 0.01875 0.021875
0 0.61875 0.7171875 0.01875 0.015625
0 0.453125 0.9375 0.028125 0.0125
0 0.4359375 0.746875 0.01875 0.01875
0 0.3390625 0.2484375 0.01875 0.015625
0 0.621875 0.4078125 0.0125 0.015625
0 0.9296875 0.625 0.01875 0.015625
0 0.975 0.6296875 0.025 0.015625
0 0.8671875 0.64375 0.015625 0.015625
