0 0.45 0.678125 0.0625 0.05625
0 0.5515625 0.98046875 0.05 0.0390625
0 0.7234375 0.9015625 0.040625 0.03125
0 0.20625 0.9203125 0.0375 0.0375
0 0.3 0.834375 0.0375 0.04375
0 0.1078125 0.8421875 0.046875 0.046875
0 0.5484375 0.54375 0.04375 0.04375
0 0.3375 0.81875 0.0375 0.034375
0 0.8046875 0.8640625 0.05625 0.053125
0 0.946875 0.834375 0.046875 0.040625
0 0.3609375 0.84375 0.025 0.01875
0 0.378125 0.790625 0.034375 0.03125
0 0.6328125 0.53125 0.04375 0.040625
0 0.48125 0.7265625 0.025 0.040625
0 0.521875 0.6953125 0.01875 0.021875
0 0.54375 0.70625 0.028125 0.025
0 0.4390625 0.825 0.028125 0.0125
0 0.3890625 0.4640625 0.0375 0.03125
0 0.8515625 0.9359375 0.03125 0.03125
