0 0.4984375 0.0625 0.059375 0.053125
0 0.340625 0.3140625 0.059375 0.059375
0 0.1875 0.078125 0.0375 0.03125
0 0.4625 0.134375 0.0375 0.0375
0 0.50625 0.15625 0.04375 0.046875
0 0.940625 0.0890625 0.01875 0.021875
0 0.971875 0.0921875 0.01875 0.015625
0 0.95625 0.0796875 0.0125 0.015625
0 0.9828125 0.0390625 0.028125 0.028125
0 0.175 0.2796875 0.046875 0.046875
0 0.071875 0.084375 0.046875 0.040625
0 0.8921875 0.1171875 0.01875 0.01875
0 0.9078125 0.1328125 0.015625 0.00625
0 0.7546875 0.1140625 0.046875 0.053125
0 0.34375 0.08125 0.025 0.028125
0 0.2578125 0.0421875 0.01875 0.021875
0 0.2765625 0.034375 0.01875 0.021875
0 0.8984375 0.1546875 0.01875 0.015625
0 0.453125 0.3375 0.021875 0.015625
0 0.59375 0.1421875 0.025 0.021875
