0 0.965625 0.103125 0.05 0.05
0 0.8671875 0.190625 0.04375 0.0375
0 0.603125 0.3125 0.05 0.05
0 0.99609375 0.375 0.0078125 0.03125
0 0.309375 0.38125 0.05625 0.046875
0 0.965625 0.171875 0.034375 0.0375
0 0.2890625 0.2875 0.04375 0.0375
0 0.3671875 0.940625 0.040625 0.04375
0 0.6453125 0.9953125 0.0375 0.009375
0 0.7953125 0.10625 0.040625 0.034375
0 0.8359375 0.090625 0.0375 0.040625
0 0.096875 0.409375 0.01875 0.021875
0 0.13125 0.384375 0.0375 0.034375
0 0.0984375 0.365625 0.0375 0.040625
0 0.4140625 0.5734375 0.040625 0.01875
0 0.4046875 0.534375 0.04375 0.04375
0 0.7015625 0.7421875 0.059375 0.053125
0 0.66875 0.275 0.034375 0.0375
0 0.7140625 0.653125 0.046875 0.05625
0 0.0046875 0.5625 0.009375 0.01875
0 0.0234375 0.51875 0.01875 0.01875
0 0.0390625 0.5109375 0.01875 0.015625
0 0.065625 0.53125 0.015625 0.015625
0 0.0984375 0.50625 0.025 0.025
0 0.41875 0.946875 0.03125 0.040625
0 0.7203125 0.553125 0.03125 0.034375
0 0.828125 0.15625 0.040625 0.040625
0 0.046875 0.45625 0.025 0.01875
0 0.878125 0.1625 0.025 0.015625
0 0.9390625 0.15 0.01875 0.015625
0 0.98984375 0.1375 0.0203125 0.034375
0 0.0390625 0.3390625 0.015625 0.021875
0 0.059375 0.340625 0.015625 0.0125
0 0.084375 0.3078125 0.01875 0.0125
0 0.128125 0.2828125 0.0375 0.03125
0 0.009375 0.5859375 0.01875 0.01875
0 0.0765625 0.590625 0.021875 0.021875
0 0.05625 0.4921875 0.01875 0.01875
0 0.934375 0.3421875 0.034375 0.025
0 0.6796875 0.5296875 0.03125 0.046875
0 0.571875 0.81875 0.01875 0.025
