0 0.4421875 0.2984375 0.040625 0.0375
0 0.00390625 0.365625 0.0078125 0.028125
0 0.00625 0.3265625 0.0125 0.046875
0 0.0453125 0.5046875 0.034375 0.034375
0 0.63125 0.1125 0.0375 0.0375
0 0.4828125 0.70625 0.034375 0.034375
0 0.1953125 0.259375 0.04375 0.040625
0 0.603125 0.35625 0.0375 0.034375
0 0.7390625 0.153125 0.034375 0.028125
0 0.5140625 0.7609375 0.03125 0.034375
0 0.5203125 0.696875 0.03125 0.03125
0 0.0546875 0.6203125 0.03125 0.028125
0 0.475 0.3703125 0.025 0.03125
0 0.159375 0.2171875 0.04375 0.046875
0 0.8390625 0.4484375 0.028125 0.03125
0 0.3796875 0.246875 0.040625 0.0375
0 0.0234375 0.578125 0.021875 0.021875
0 0.6421875 0.3265625 0.0375 0.03125
0 0.428125 0.134375 0.03125 0.040625
0 0.3234375 0.2375 0.025 0.025
0 0.765625 0.0953125 0.034375 0.03125
0 0.7609375 0.5125 0.028125 0.03125
0 0.725 0.2703125 0.025 0.028125
0 0.5515625 0.6265625 0.034375 0.0375
0 0.5796875 0.7203125 0.0375 0.03125
0 0.8953125 0.3515625 0.021875 0.025
0 0.696875 0.0453125 0.025 0.028125
0 0.075 0.3625 0.040625 0.034375
0 0.3265625 0.196875 0.025 0.025
0 0.7078125 0.65 0.034375 0.025
0 0.5796875 0.71875 0.0375 0.034375
0 0.6640625 0.765625 0.028125 0.028125
0 0.1109375 0.6203125 0.03125 0.028125
0 0.1671875 0.6125 0.021875 0.040625
0 0.2171875 0.60625 0.03125 0.034375
0 0.2515625 0.43125 0.03125 0.028125
0 0.7328125 0.678125 0.028125 0.01875
0 0.5734375 0.86875 0.015625 0.0125
0 0.4984375 0.371875 0.01875 0.028125
