0 0.15 0.0125 0.046875 0.025
0 0.65 0.153125 0.040625 0.04375
0 0.334375 0.128125 0.025 0.025
0 0.409375 0.0921875 0.040625 0.04375
0 0.0796875 0.103125 0.04375 0.046875
0 0.1125 0.165625 0.034375 0.0375
0 0.471875 0.253125 0.015625 0.028125
0 0.465625 0.2078125 0.028125 0.0375
0 0.5171875 0.1921875 0.034375 0.03125
0 0.4421875 0.215625 0.01875 0.034375
0 0.6953125 0.2609375 0.040625 0.0375
0 0.1765625 0.296875 0.04375 0.040625
0 0.796875 0.1390625 0.034375 0.0375
0 0.5765625 0.30625 0.04375 0.03125
0 0.2109375 0.296875 0.021875 0.034375
0 0.3 0.3046875 0.04375 0.0375
0 0.7640625 0.2359375 0.046875 0.034375
0 0.3609375 0.0375 0.028125 0.034375
0 0.1109375 0.1015625 0.025 0.0375
0 0.028125 0.0015625 0.03125 0.003125
0 0.74375 0.0796875 0.040625 0.0375
0 0.7390625 0.2328125 0.028125 0.03125
0 0.31875 0.01171875 0.034375 0.0234375
0 0.896875 0.05 0.03125 0.025
0 0.16875 0.1484375 0.021875 0.028125
