0 0.4296875 0.025 0.040625 0.0375
0 0.3515625 0.4078125 0.040625 0.040625
0 0.4609375 0.4546875 0.0375 0.040625
0 0.578125 0.034375 0.0375 0.0375
0 0.5203125 0.3890625 0.040625 0.0375
0 0.3671875 0.053125 0.0375 0.034375
0 0.9125 0.3625 0.040625 0.0375
0 0.7234375 0.2625 0.0375 0.028125
0 0.85 0.1078125 0.03125 0.0375
0 0.29375 0.134375 0.028125 0.034375
0 0.98984375 0.5125 0.0203125 0.025
0 0.45 0.56875 0.04375 0.034375
0 0.8 0.23125 0.034375 0.034375
0 0.51875 0.6515625 0.034375 0.034375
0 0.8890625 0.040625 0.028125 0.03125
0 0.6765625 0.103125 0.034375 0.03125
0 0.3546875 0.5375 0.025 0.028125
0 0.5640625 0.1765625 0.034375 0.034375
0 0.4 0.5171875 0.028125 0.028125
0 0.7125 0.5765625 0.034375 0.034375
0 0.384375 0.378125 0.04375 0.040625
0 0.83125 0.221875 0.034375 0.0375
0 0.4765625 0.3984375 0.0375 0.025
0 0.7609375 0.321875 0.028125 0.03125
0 0.86875 0.2140625 0.0375 0.034375
0 0.325 0.6046875 0.028125 0.028125
0 0.746875 0.178125 0.03125 0.040625
0 0.89375 0.55625 0.021875 0.015625
0 0.4546875 0.4984375 0.03125 0.021875
0 0.765625 0.603125 0.03125 0.025
0 0.6890625 0.3015625 0.03125 0.0375
0 0.9625 0.503125 0.03125 0.0375
0 0.9125 0.5265625 0.025 0.01875
0 0.671875 0.5984375 0.034375 0.025
0 0.29375 0.5953125 0.025 0.01875
0 0.8046875 0.4234375 0.025 0.01875
0 0.8515625 0.371875 0.021875 0.01875
0 0.99140625 0.3765625 0.0171875 0.025
0 0.70625 0.121875 0.015625 0.025
0 0.796875 0.0953125 0.028125 0.01875
0 0.815625 0.0796875 0.01875 0.009375
0 0.490625 0.0328125 0.028125 0.01875
0 0.640625 0.209375 0.015625 0.009375
0 0.4375 0.515625 0.01875 0.0125
0 0.91875 0.11875 0.0125 0.01875
