0 0.221875 0.7 0.078125 0.071875
0 0.259375 0.2640625 0.075 0.075
0 0.378125 0.275 0.06875 0.059375
0 0.7546875 0.5421875 0.0625 0.05625
0 0.275 0.934375 0.053125 0.06875
0 0.49375 0.134375 0.06875 0.053125
0 0.38125 0.7390625 0.04375 0.0625
0 0.55 0.2484375 0.05625 0.059375
0 0.509375 0.284375 0.0375 0.053125
0 0.7203125 0.859375 0.04375 0.040625
0 0.2078125 0.521875 0.05 0.059375
0 0.4296875 0.203125 0.034375 0.046875
0 0.453125 0.921875 0.05 0.046875
0 0.11875 0.5109375 0.025 0.04375
0 0.1625 0.3890625 0.05625 0.046875
0 0.6140625 0.115625 0.025 0.025
0 0.7 0.5265625 0.046875 0.040625
0 0.5625 0.3171875 0.040625 0.0375
0 0.95 0.28125 0.021875 0.021875
0 0.946875 0.2265625 0.028125 0.025
0 0.5203125 0.3703125 0.040625 0.04375
0 0.9578125 0.578125 0.025 0.01875
0 0.60625 0.5625 0.046875 0.05
0 0.95625 0.4921875 0.025 0.01875
0 0.6828125 0.8390625 0.03125 0.04375
0 0.271875 0.109375 0.03125 0.0625
0 0.928125 0.371875 0.025 0.028125
0 0.240625 0.6234375 0.065625 0.05625
0 0.2703125 0.540625 0.05 0.034375
0 0.2546875 0.3828125 0.03125 0.021875
0 0.0765625 0.13125 0.028125 0.025
