0 0.7734375 0.7953125 0.04375 0.046875
0 0.83125 0.6515625 0.05 0.053125
0 0.5015625 0.88125 0.028125 0.028125
0 0.5625 0.8796875 0.046875 0.040625
0 0.6046875 0.7859375 0.04375 0.046875
0 0.9328125 0.9515625 0.046875 0.04375
0 0.4765625 0.6828125 0.05 0.0375
0 0.6921875 0.8203125 0.0375 0.0375
0 0.415625 0.6390625 0.046875 0.04375
0 0.86875 0.753125 0.0375 0.034375
0 0.99765625 0.615625 0.0046875 0.0375
0 0.9 0.8703125 0.034375 0.034375
0 0.915625 0.8125 0.040625 0.0375
0 0.8421875 0.8203125 0.03125 0.034375
0 0.6671875 0.528125 0.034375 0.0375
0 0.946875 0.5015625 0.04375 0.034375
0 0.0765625 0.6296875 0.028125 0.028125
0 0.690625 0.64375 0.021875 0.040625
0 0.740625 0.628125 0.028125 0.025
0 0.7671875 0.596875 0.046875 0.040625
0 0.159375 0.2859375 0.01875 0.021875
