0 0.5765625 0.5421875 0.0375 0.0375
0 0.6625 0.2171875 0.046875 0.05
0 0.834375 0.4515625 0.0375 0.040625
0 0.703125 0.3546875 0.04375 0.04375
0 0.6140625 0.4703125 0.0375 0.034375
0 0.778125 0.21875 0.046875 0.04375
0 0.86875 0.365625 0.028125 0.028125
0 0.865625 0.3265625 0.04375 0.046875
0 0.4921875 0.31875 0.0375 0.04375
0 0.5765625 0.2234375 0.0375 0.04375
0 0.9203125 0.5046875 0.034375 0.034375
0 0.740625 0.609375 0.03125 0.028125
0 0.45 0.5984375 0.03125 0.028125
0 0.34375 0.7328125 0.028125 0.021875
0 0.3375 0.7078125 0.03125 0.03125
0 0.815625 0.1828125 0.0375 0.046875
0 0.7078125 0.521875 0.025 0.03125
0 0.4453125 0.696875 0.03125 0.028125
0 0.9296875 0.6203125 0.03125 0.028125
0 0.4171875 0.5984375 0.025 0.03125
0 0.40625 0.1875 0.021875 0.028125
0 0.425 0.1421875 0.028125 0.03125
0 0.36875 0.4421875 0.05 0.053125
0 0.8984375 0.578125 0.021875 0.021875
0 0.50625 0.3515625 0.03125 0.03125
0 0.39375 0.140625 0.03125 0.034375
0 0.2859375 0.7109375 0.03125 0.03125
0 0.621875 0.4203125 0.03125 0.034375
0 0.7375 0.303125 0.034375 0.03125
0 0.6265625 0.6296875 0.03125 0.03125
0 0.1046875 0.2046875 0.025 0.021875
0 0.690625 0.69375 0.03125 0.034375
0 0.95 0.3625 0.040625 0.034375
0 0.98515625 0.6203125 0.0296875 0.028125
0 0.625 0.41875 0.0375 0.0375
0 0.3328125 0.2046875 0.028125 0.04375
0 0.4796875 0.6328125 0.01875 0.025
0 0.26875 0.290625 0.046875 0.034375
0 0.75 0.5234375 0.034375 0.034375
0 0.4234375 0.4859375 0.028125 0.0375
0 0.225 0.4171875 0.028125 0.028125
0 0.2578125 0.390625 0.01875 0.025
0 0.1078125 0.515625 0.009375 0.025
0 0.15625 0.5265625 0.021875 0.01875
0 0.0609375 0.5 0.015625 0.015625
0 0.24375 0.690625 0.015625 0.025
0 0.259375 0.684375 0.021875 0.01875
0 0.2734375 0.6015625 0.015625 0.01875
