0 0.2453125 0.4015625 0.059375 0.059375
0 0.02109375 0.725 0.0421875 0.046875
0 0.134375 0.865625 0.040625 0.040625
0 0.5546875 0.5859375 0.0375 0.04375
0 0.40625 0.7109375 0.040625 0.034375
0 0.9859375 0.690625 0.028125 0.05625
0 0.3421875 0.8765625 0.053125 0.046875
0 0.484375 0.3953125 0.040625 0.05
0 0.5703125 0.51875 0.04375 0.034375
0 0.5796875 0.36875 0.05625 0.059375
0 0.6765625 0.265625 0.046875 0.053125
0 0.6140625 0.615625 0.05 0.04375
0 0.7078125 0.54375 0.03125 0.021875
0 0.7140625 0.5203125 0.0375 0.0375
0 0.25 0.828125 0.0375 0.034375
0 0.0890625 0.965625 0.028125 0.028125
0 0.178125 0.153125 0.0375 0.04375
0 0.146875 0.73125 0.05625 0.040625
0 0.2515625 0.8265625 0.0375 0.034375
0 0.959375 0.3296875 0.0375 0.028125
0 0.978125 0.53125 0.040625 0.046875
0 0.3640625 0.8671875 0.0375 0.040625
0 0.5921875 0.215625 0.03125 0.025
0 0.5390625 0.68125 0.021875 0.025
0 0.5734375 0.678125 0.028125 0.021875
0 0.4875 0.603125 0.021875 0.025
0 0.5109375 0.5765625 0.03125 0.025
0 0.309375 0.78125 0.028125 0.025
0 0.65625 0.48125 0.021875 0.025
0 0.684375 0.4875 0.025 0.021875
0 0.778125 0.496875 0.01875 0.0125
0 0.5265625 0.64375 0.025 0.01875
0 0.5484375 0.6359375 0.021875 0.015625
0 0.35 0.44375 0.028125 0.028125
0 0.1140625 0.6578125 0.021875 0.021875
