0 0.5015625 0.1734375 0.034375 0.0375
0 0.4203125 0.2671875 0.0375 0.0375
0 0.0375 0.3625 0.040625 0.0375
0 0.4453125 0.384375 0.034375 0.0375
0 0.115625 0.5125 0.021875 0.025
0 0.146875 0.5078125 0.025 0.034375
0 0.1640625 0.553125 0.0375 0.034375
0 0.60625 0.1421875 0.028125 0.0375
0 0.634375 0.125 0.021875 0.025
0 0.1453125 0.434375 0.03125 0.0375
0 0.5734375 0.1515625 0.028125 0.0375
0 0.0140625 0.040625 0.028125 0.03125
0 0.303125 0.5859375 0.025 0.028125
0 0.3046875 0.5609375 0.03125 0.015625
0 0.328125 0.0828125 0.0375 0.0375
0 0.7859375 0.2109375 0.021875 0.021875
0 0.578125 0.303125 0.0375 0.03125
0 0.5421875 0.5125 0.03125 0.0375
0 0.00625 0.2140625 0.0125 0.034375
0 0.1390625 0.2078125 0.021875 0.025
0 0.01875 0.55625 0.021875 0.015625
0 0.203125 0.58125 0.03125 0.028125
0 0.5125 0.2765625 0.01875 0.01875
0 0.7703125 0.3734375 0.015625 0.01875
0 0.4125 0.615625 0.028125 0.021875
0 0.296875 0.4328125 0.046875 0.04375
0 0.25625 0.30625 0.028125 0.028125
0 0.3734375 0.334375 0.034375 0.034375
0 0.3390625 0.2765625 0.021875 0.025
0 0.3859375 0.609375 0.01875 0.01875
0 0.0875 0.503125 0.03125 0.0375
0 0.0375 0.5265625 0.025 0.01875
0 0.1171875 0.3765625 0.01875 0.025
0 0.3734375 0.5640625 0.0125 0.01875
0 0.3390625 0.546875 0.028125 0.01875
0 0.4375 0.6015625 0.021875 0.028125
0 0.45 0.528125 0.028125 0.021875
0 0.44375 0.446875 0.021875 0.01875
0 0.5875 0.4375 0.01875 0.01875
0 0.6296875 0.309375 0.01875 0.01875
0 0.7109375 0.284375 0.01875 0.01875
0 0.7703125 0.28125 0.01875 0.01875
0 0.8 0.3125 0.01875 0.015625
0 0.403125 0.09375 0.03125 0.021875
0 0.246875 0.09375 0.028125 0.015625
0 0.7484375 0.4421875 0.015625 0.015625
0 0.8453125 0.321875 0.0125 0.0125
0 0.9140625 0.2265625 0.009375 0.015625
0 0.9703125 0.215625 0.009375 0.009375
0 0.771875 0.3953125 0.0125 0.0125
0 0.975 0.2671875 0.0125 0.009375
0 0.8046875 0.203125 0.015625 0.01875
0 0.5421875 0.2875 0.021875 0.021875
0 0.521875 0.3015625 0.015625 0.009375
0 0.2328125 0.1875 0.025 0.015625
0 0.4109375 0.5953125 0.021875 0.009375
0 0.5703125 0.4296875 0.01875 0.015625
0 0.04375 0.11875 0.0125 0.01875
