0 0.090625 0.103125 0.05 0.05
0 0.00703125 0.190625 0.0140625 0.0375
0 0.584375 0.565625 0.04375 0.046875
0 0.15 0.4 0.034375 0.025
0 0.1375 0.375 0.040625 0.03125
0 0.696875 0.60625 0.040625 0.04375
0 0.50625 0.778125 0.03125 0.034375
0 0.5859375 0.7609375 0.0375 0.0375
0 0.6609375 0.5375 0.0375 0.0375
0 0.090625 0.171875 0.034375 0.0375
0 0.4265625 0.759375 0.034375 0.034375
0 0.1671875 0.1484375 0.0375 0.03125
0 0.309375 0.98828125 0.05 0.0234375
0 0.1859375 0.4046875 0.034375 0.0375
0 0.846875 0.665625 0.03125 0.03125
0 0.7234375 0.771875 0.021875 0.01875
0 0.7359375 0.75625 0.03125 0.028125
0 0.4875 0.86875 0.01875 0.0125
0 0.4875 0.8359375 0.028125 0.028125
0 0.875 0.6640625 0.021875 0.021875
0 0.771875 0.3359375 0.028125 0.025
0 0.55 0.6203125 0.03125 0.03125
0 0.428125 0.578125 0.028125 0.034375
0 0.971875 0.5890625 0.025 0.025
0 0.753125 0.19375 0.028125 0.021875
0 0.425 0.646875 0.028125 0.028125
0 0.85 0.703125 0.03125 0.021875
0 0.0078125 0.1625 0.015625 0.015625
0 0.0640625 0.15 0.01875 0.015625
0 0.121875 0.1375 0.034375 0.034375
0 0.5109375 0.428125 0.034375 0.03125
0 0.3703125 0.9234375 0.034375 0.040625
0 0.21875 0.39375 0.03125 0.034375
0 0.6625 0.946875 0.028125 0.015625
0 0.7171875 0.7296875 0.021875 0.021875
0 0.89375 0.6765625 0.01875 0.021875
0 0.99375 0.5859375 0.009375 0.01875
0 0.059375 0.3421875 0.034375 0.025
0 0.9828125 0.7 0.015625 0.015625
0 0.8765625 0.353125 0.009375 0.015625
0 0.9640625 0.39375 0.0125 0.00625
0 0.975 0.4 0.009375 0.009375
0 0.6046875 0.8171875 0.028125 0.01875
