0 0.6953125 0.5453125 0.06875 0.0625
0 0.61875 0.3984375 0.053125 0.0625
0 0.684375 0.01796875 0.0625 0.0359375
0 0.6125 0.934375 0.04375 0.046875
0 0.6015625 0.11875 0.05625 0.053125
0 0.6703125 0.88125 0.040625 0.040625
0 0.3984375 0.2546875 0.04375 0.040625
0 0.440625 0.00703125 0.053125 0.0140625
0 0.771875 0.6078125 0.053125 0.0375
0 0.1078125 0.3484375 0.025 0.015625
0 0.190625 0.3203125 0.03125 0.028125
0 0.2734375 0.171875 0.040625 0.04375
0 0.990625 0.5109375 0.01875 0.04375
0 0.2453125 0.440625 0.03125 0.0375
0 0.128125 0.284375 0.034375 0.03125
0 0.546875 0.115625 0.0375 0.034375
0 0.046875 0.184375 0.03125 0.04375
0 0.521875 0.303125 0.034375 0.03125
0 0.2703125 0.6109375 0.046875 0.03125
0 0.7265625 0.7953125 0.040625 0.040625
0 0.33125 0.1734375 0.034375 0.025
0 0.765625 0.15 0.03125 0.025
0 0.2015625 0.24375 0.03125 0.025
0 0.4234375 0.115625 0.046875 0.040625
0 0.1640625 0.3765625 0.03125 0.034375
0 0.053125 0.2578125 0.03125 0.025
0 0.071875 0.1828125 0.028125 0.03125
0 0.1640625 0.203125 0.03125 0.03125
0 0.2109375 0.61875 0.028125 0.021875
0 0.9515625 0.13125 0.028125 0.025
0 0.109375 0.5640625 0.028125 0.021875
0 0.0109375 0.6828125 0.021875 0.028125
0 0.1625 0.534375 0.03125 0.025
0 0.125 0.515625 0.03125 0.03125
0 0.5703125 0.8953125 0.025 0.028125
