0 0.5015625 0.9234375 0.034375 0.0375
0 0.60625 0.8921875 0.028125 0.0375
0 0.634375 0.875 0.021875 0.025
0 0.5734375 0.9015625 0.028125 0.0375
0 0.0140625 0.790625 0.028125 0.03125
0 0.328125 0.8328125 0.0375 0.0375
0 0.7859375 0.9609375 0.021875 0.021875
0 0.00625 0.9640625 0.0125 0.034375
0 0.1390625 0.9578125 0.021875 0.025
0 0.403125 0.84375 0.03125 0.021875
0 0.246875 0.84375 0.028125 0.015625
0 0.9140625 0.9765625 0.009375 0.015625
0 0.9703125 0.965625 0.009375 0.009375
0 0.8046875 0.953125 0.015625 0.01875
0 0.2328125 0.9375 0.025 0.015625
0 0.04375 0.86875 0.0125 0.01875
