0 0.328125 0.2203125 0.05625 0.059375
0 0.0578125 0.9515625 0.046875 0.04375
0 0.7578125 0.7953125 0.04375 0.040625
0 0.66875 0.5140625 0.046875 0.046875
0 0.515625 0.940625 0.046875 0.046875
0 0.00625 0.753125 0.0125 0.034375
0 0.809375 0.1484375 0.034375 0.025
0 0.1421875 0.615625 0.04375 0.0375
0 0.025 0.8703125 0.034375 0.034375
0 0.55625 0.9765625 0.040625 0.034375
0 0.1484375 0.5796875 0.0375 0.034375
0 0.4140625 0.9953125 0.04375 0.009375
0 0.040625 0.8125 0.040625 0.0375
0 0.284375 0.9015625 0.046875 0.046875
0 0.625 0.1921875 0.0375 0.04375
0 0.984375 0.540625 0.028125 0.034375
0 0.071875 0.5015625 0.04375 0.034375
0 0.5359375 0.9375 0.046875 0.046875
