0 0.4984375 0.8125 0.059375 0.053125
0 0.4125 0.175 0.053125 0.046875
0 0.2125 0.5984375 0.034375 0.05625
0 0.1875 0.828125 0.0375 0.03125
0 0.8109375 0.6296875 0.05 0.046875
0 0.7265625 0.353125 0.025 0.021875
0 0.75 0.3578125 0.028125 0.028125
0 0.4625 0.884375 0.0375 0.0375
0 0.50625 0.90625 0.04375 0.046875
0 0.940625 0.8390625 0.01875 0.021875
0 0.971875 0.8421875 0.01875 0.015625
0 0.95625 0.8296875 0.0125 0.015625
0 0.9828125 0.7890625 0.028125 0.028125
0 0.81875 0.3921875 0.0375 0.028125
0 0.071875 0.834375 0.046875 0.040625
0 0.6046875 0.209375 0.0375 0.034375
0 0.68125 0.3171875 0.028125 0.0375
0 0.8921875 0.8671875 0.01875 0.01875
0 0.9078125 0.8828125 0.015625 0.00625
0 0.7546875 0.8640625 0.046875 0.053125
0 0.94375 0.7046875 0.025 0.021875
0 0.34375 0.83125 0.025 0.028125
0 0.2578125 0.7921875 0.01875 0.021875
0 0.2765625 0.784375 0.01875 0.021875
0 0.8984375 0.9046875 0.01875 0.015625
0 0.9609375 0.6484375 0.01875 0.015625
0 0.975 0.6765625 0.0125 0.0125
0 0.59375 0.8921875 0.025 0.021875
