0 0.0015625 0.7828125 0.003125 0.053125
0 0.3515625 0.3875 0.053125 0.053125
0 0.6 0.8515625 0.04375 0.05
0 0.421875 0.6453125 0.04375 0.046875
0 0.275 0.2640625 0.05625 0.046875
0 0.259375 0.5828125 0.034375 0.046875
0 0.259375 0.01015625 0.040625 0.0203125
0 0.5765625 0.3890625 0.04375 0.046875
0 0.3515625 0.6328125 0.0375 0.034375
0 0.434375 0.13125 0.05 0.0375
0 0.203125 0.6296875 0.04375 0.05
0 0.140625 0.578125 0.05 0.04375
0 0.1859375 0.34375 0.03125 0.03125
0 0.259375 0.30625 0.03125 0.028125
0 0.2203125 0.3171875 0.034375 0.028125
0 0.3921875 0.4125 0.04375 0.05625
0 0.1203125 0.4546875 0.053125 0.04375
0 0.1640625 0.690625 0.025 0.021875
0 0.20625 0.6765625 0.034375 0.0375
0 0.315625 0.634375 0.034375 0.028125
0 0.565625 0.765625 0.046875 0.05625
0 0.2890625 0.6171875 0.040625 0.034375
0 0.2078125 0.2921875 0.04375 0.021875
0 0.0328125 0.1609375 0.03125 0.0375
0 0.0890625 0.746875 0.03125 0.04375
0 0.0171875 0.1265625 0.015625 0.025
0 0.11875 0.5609375 0.040625 0.01875
0 0.11875 0.53125 0.025 0.03125
0 0.2 0.8140625 0.034375 0.021875
0 0.3015625 0.796875 0.021875 0.034375
0 0.540625 0.9171875 0.04375 0.01875
0 0.6203125 0.5390625 0.028125 0.0375
0 0.9140625 0.40625 0.021875 0.0125
0 0.903125 0.3921875 0.01875 0.015625
0 0.95625 0.4421875 0.01875 0.0125
0 0.971875 0.56875 0.01875 0.025
0 0.78125 0.546875 0.028125 0.021875
