0 0.990625 0.40625 0.01875 0.04375
0 0.5203125 0.046875 0.040625 0.0375
0 0.5515625 0.1078125 0.034375 0.03125
0 0.871875 0.303125 0.046875 0.0375
0 0.9578125 0.3671875 0.04375 0.04375
0 0.98515625 0.3421875 0.0296875 0.053125
0 0.2890625 0.478125 0.03125 0.03125
0 0.503125 0.1015625 0.03125 0.034375
0 0.915625 0.05625 0.03125 0.034375
0 0.7078125 0.5703125 0.05 0.04375
0 0.525 0.60625 0.040625 0.0375
0 0.8875 0.525 0.0375 0.034375
0 0.915625 0.5953125 0.034375 0.03125
0 0.66875 0.803125 0.0375 0.034375
0 0.5734375 0.58125 0.034375 0.028125
0 0.6359375 0.63125 0.034375 0.03125
0 0.759375 0.784375 0.0375 0.0375
0 0.6 0.6484375 0.040625 0.040625
0 0.6390625 0.2328125 0.040625 0.040625
0 0.45625 0.634375 0.028125 0.034375
0 0.5984375 0.41875 0.03125 0.034375
0 0.734375 0.7640625 0.034375 0.04375
0 0.790625 0.725 0.025 0.03125
0 0.696875 0.403125 0.028125 0.03125
0 0.8328125 0.4078125 0.046875 0.034375
0 0.696875 0.171875 0.034375 0.028125
0 0.315625 0.7375 0.028125 0.021875
0 0.03125 0.065625 0.028125 0.025
0 0.5890625 0.2265625 0.028125 0.025
0 0.815625 0.64375 0.03125 0.028125
0 0.6421875 0.5171875 0.03125 0.021875
0 0.4765625 0.5265625 0.05 0.03125
0 0.98828125 0.834375 0.0234375 0.01875
0 0.8265625 0.7578125 0.040625 0.028125
0 0.309375 0.4984375 0.028125 0.021875
0 0.3765625 0.60625 0.021875 0.025
0 0.0953125 0.28125 0.021875 0.01875
0 0.690625 0.1359375 0.034375 0.034375
0 0.6171875 0.2296875 0.025 0.025
0 0.5046875 0.571875 0.028125 0.03125
0 0.4109375 0.6015625 0.01875 0.025
0 0.653125 0.3578125 0.0125 0.009375
0 0.7265625 0.2890625 0.01875 0.015625
0 0.2421875 0.36875 0.01875 0.00625
0 0.746875 0.7328125 0.025 0.021875
0 0.653125 0.75625 0.021875 0.015625
0 0.6390625 0.6703125 0.028125 0.028125
0 0.78125 0.6703125 0.01875 0.015625
0 0.6921875 0.65 0.028125 0.0125
