0 0.97421875 0.8953125 0.0515625 0.05625
0 0.61875 0.8890625 0.05 0.053125
0 0.7015625 0.7859375 0.046875 0.05
0 0.421875 0.996875 0.05 0.00625
0 0.446875 0.88125 0.040625 0.05
0 0.2890625 0.9234375 0.0375 0.040625
0 0.4609375 0.76875 0.040625 0.046875
0 0.046875 0.9390625 0.025 0.025
0 0.209375 0.9953125 0.025 0.009375
0 0.0703125 0.9375 0.025 0.028125
0 0.1640625 0.9578125 0.025 0.021875
0 0.30625 0.953125 0.021875 0.021875
0 0.3578125 0.9359375 0.0125 0.0125
0 0.5671875 0.884375 0.028125 0.028125
