0 0.596875 0.628125 0.059375 0.05
0 0.259375 0.634375 0.05625 0.059375
0 0.5703125 0.2671875 0.034375 0.04375
0 0.625 0.2578125 0.05 0.05
0 0.54375 0.7671875 0.05 0.05625
0 0.109375 0.1265625 0.053125 0.059375
0 0.828125 0.4265625 0.059375 0.059375
0 0.40625 0.4125 0.05625 0.06875
0 0.7640625 0.490625 0.053125 0.05
0 0.2109375 0.621875 0.04375 0.0625
0 0.315625 0.4328125 0.04375 0.059375
0 0.940625 0.4375 0.021875 0.025
0 0.959375 0.384375 0.03125 0.03125
0 0.7640625 0.54375 0.046875 0.046875
0 0.19375 0.5171875 0.053125 0.0375
0 0.0953125 0.7671875 0.04375 0.05
0 0.2375 0.696875 0.04375 0.046875
0 0.7375 0.4234375 0.03125 0.034375
0 0.6953125 0.5890625 0.046875 0.040625
0 0.334375 0.478125 0.04375 0.040625
0 0.79375 0.4171875 0.028125 0.0375
0 0.6203125 0.6765625 0.0375 0.046875
0 0.15 0.1359375 0.034375 0.046875
0 0.853125 0.5703125 0.01875 0.015625
0 0.93125 0.54375 0.025 0.028125
0 0.065625 0.7234375 0.034375 0.021875
0 0.45 0.58125 0.034375 0.021875
0 0.95 0.565625 0.01875 0.015625
