0 0.696875 0.2578125 0.040625 0.04375
0 0.7921875 0.7734375 0.046875 0.040625
0 0.9296875 0.7515625 0.028125 0.034375
0 0.8953125 0.7046875 0.03125 0.0375
0 0.9453125 0.2640625 0.03125 0.028125
0 0.6625 0.6796875 0.034375 0.03125
0 0.2578125 0.2453125 0.028125 0.03125
0 0.73125 0.7609375 0.0375 0.025
0 0.1140625 0.475 0.034375 0.034375
0 0.7671875 0.1265625 0.034375 0.03125
0 0.9484375 0.3125 0.0125 0.015625
0 0.9828125 0.3140625 0.015625 0.015625
0 0.98515625 0.284375 0.0296875 0.03125
0 0.459375 0.3953125 0.034375 0.03125
0 0.040625 0.49375 0.028125 0.01875
0 0.0796875 0.4828125 0.03125 0.03125
0 0.7875 0.1546875 0.0375 0.03125
0 0.653125 0.3015625 0.03125 0.040625
0 0.61875 0.828125 0.0375 0.028125
0 0.4296875 0.3984375 0.028125 0.028125
0 0.865625 0.6203125 0.028125 0.034375
0 0.746875 0.20625 0.0375 0.034375
0 0.825 0.6796875 0.028125 0.0375
0 0.596875 0.746875 0.03125 0.028125
0 0.465625 0.2125 0.021875 0.03125
0 0.484375 0.7296875 0.028125 0.028125
0 0.2484375 0.625 0.034375 0.034375
0 0.00625 0.384375 0.009375 0.01875
0 0.15 0.515625 0.03125 0.01875
0 0.3328125 0.746875 0.021875 0.01875
0 0.6875 0.725 0.028125 0.028125
0 0.896875 0.6203125 0.021875 0.028125
0 0.7859375 0.2484375 0.028125 0.025
0 0.8765625 0.2625 0.028125 0.028125
0 0.8640625 0.3078125 0.028125 0.01875
0 0.9265625 0.3015625 0.015625 0.015625
0 0.9546875 0.328125 0.0125 0.015625
0 0.3171875 0.63125 0.025 0.01875
0 0.559375 0.5296875 0.0375 0.015625
0 0.16875 0.425 0.028125 0.025
0 0.03125 0.2 0.01875 0.0125
