0 0.6484375 0.6890625 0.046875 0.04375
0 0.94375 0.3171875 0.03125 0.034375
0 0.9484375 0.95 0.028125 0.03125
0 0.4484375 0.2921875 0.021875 0.025
0 0.9765625 0.7640625 0.0375 0.040625
0 0.3328125 0.5546875 0.025 0.015625
0 0.3578125 0.525 0.03125 0.028125
0 0.9453125 0.053125 0.015625 0.034375
0 0.98828125 0.5140625 0.0234375 0.0375
0 0.828125 0.321875 0.040625 0.040625
0 0.7578125 0.98125 0.040625 0.0375
0 0.3046875 0.565625 0.028125 0.028125
0 0.13125 0.7046875 0.01875 0.01875
0 0.2 0.696875 0.03125 0.025
0 0.8015625 0.9203125 0.04375 0.040625
0 0.490625 0.75 0.028125 0.0375
0 0.55 0.728125 0.028125 0.028125
0 0.8046875 0.9515625 0.040625 0.028125
0 0.328125 0.525 0.034375 0.028125
0 0.890625 0.634375 0.01875 0.028125
0 0.9125 0.6046875 0.028125 0.025
0 0.496875 0.453125 0.034375 0.034375
0 0.4890625 0.559375 0.021875 0.025
0 0.490625 0.5265625 0.021875 0.021875
0 0.51875 0.528125 0.040625 0.03125
0 0.2328125 0.58125 0.03125 0.03125
0 0.5640625 0.8046875 0.03125 0.025
0 0.5875 0.784375 0.034375 0.025
0 0.2859375 0.725 0.03125 0.025
0 0.421875 0.5421875 0.025 0.03125
0 0.590625 0.7078125 0.028125 0.015625
0 0.434375 0.7453125 0.015625 0.028125
0 0.8640625 0.846875 0.021875 0.034375
0 0.3671875 0.4765625 0.021875 0.03125
0 0.475 0.4953125 0.03125 0.028125
0 0.7703125 0.365625 0.028125 0.034375
0 0.303125 0.7625 0.021875 0.025
0 0.328125 0.7609375 0.03125 0.025
0 0.1640625 0.5859375 0.0375 0.0375
0 0.2828125 0.7234375 0.028125 0.025
0 0.534375 0.309375 0.034375 0.028125
0 0.2359375 0.6953125 0.021875 0.021875
0 0.109375 0.709375 0.028125 0.01875
0 0.7265625 0.9765625 0.03125 0.04375
0 0.45625 0.746875 0.015625 0.028125
0 0.3109375 0.6953125 0.021875 0.021875
0 0.540625 0.528125 0.015625 0.021875
0 0.5453125 0.484375 0.015625 0.021875
0 0.6703125 0.153125 0.025 0.01875
0 0.6765625 0.1171875 0.0125 0.009375
0 0.9703125 0.05 0.025 0.034375
0 0.475 0.2953125 0.01875 0.028125
0 0.9234375 0.6234375 0.015625 0.025
0 0.4921875 0.615625 0.01875 0.01875
0 0.525 0.5953125 0.025 0.028125
0 0.0234375 0.409375 0.01875 0.015625
0 0.128125 0.3921875 0.0125 0.0125
0 0.7328125 0.4 0.03125 0.015625
