0 0.765625 0.1828125 0.05625 0.053125
0 0.00390625 0.1734375 0.0078125 0.04375
0 0.4203125 0.2734375 0.0375 0.03125
0 0.8921875 0.0859375 0.046875 0.0375
0 0.4578125 0.24375 0.040625 0.03125
0 0.1546875 0.06875 0.0375 0.040625
0 0.571875 0.1453125 0.05 0.046875
0 0.00546875 0.0109375 0.0109375 0.021875
0 0.1984375 0.0703125 0.046875 0.04375
0 0.8484375 0.06875 0.03125 0.03125
0 0.14375 0.2265625 0.034375 0.034375
0 0.6359375 0.0015625 0.059375 0.003125
0 0.7515625 0.0828125 0.034375 0.03125
0 0.615625 0.228125 0.025 0.034375
0 0.946875 0.01875 0.04375 0.034375
0 0.790625 0.228125 0.03125 0.034375
0 0.1109375 0.05 0.021875 0.025
0 0.696875 0.00625 0.0375 0.0125
0 0.690625 0.3046875 0.03125 0.025
