0 0.3921875 0.534375 0.05 0.05
0 0.4828125 0.5421875 0.046875 0.04375
0 0.0546875 0.7515625 0.028125 0.034375
0 0.0203125 0.7046875 0.03125 0.0375
0 0.0703125 0.2640625 0.03125 0.028125
0 0.4859375 0.4609375 0.015625 0.015625
0 0.525 0.446875 0.034375 0.0375
0 0.9140625 0.4796875 0.03125 0.034375
0 0.2984375 0.1453125 0.028125 0.034375
0 0.5578125 0.8171875 0.03125 0.03125
0 0.5046875 0.7359375 0.04375 0.0375
0 0.2015625 0.4125 0.040625 0.046875
0 0.16875 0.4234375 0.0375 0.040625
0 0.315625 0.5109375 0.04375 0.040625
0 0.0734375 0.3125 0.0125 0.015625
0 0.1078125 0.3140625 0.015625 0.015625
0 0.1125 0.284375 0.034375 0.03125
0 0.3484375 0.715625 0.0375 0.0375
0 0.615625 0.7453125 0.034375 0.028125
0 0.5140625 0.8015625 0.03125 0.028125
0 0.69375 0.759375 0.03125 0.028125
0 0.4 0.78125 0.03125 0.03125
0 0.00234375 0.6203125 0.0046875 0.034375
0 0.6765625 0.6828125 0.034375 0.03125
0 0.2828125 0.7125 0.034375 0.03125
0 0.4140625 0.74375 0.0375 0.028125
0 0.021875 0.6203125 0.021875 0.028125
0 0.628125 0.6890625 0.028125 0.028125
0 0.653125 0.75 0.025 0.028125
0 0.45 0.6546875 0.025 0.021875
0 0.0078125 0.2625 0.015625 0.028125
0 0.0515625 0.3015625 0.015625 0.015625
0 0.0796875 0.328125 0.0125 0.015625
0 0.1859375 0.2328125 0.03125 0.028125
