0 0.8609375 0.1734375 0.04375 0.04375
0 0.834375 0.228125 0.0375 0.040625
0 0.8671875 0.0109375 0.0375 0.021875
0 0.6984375 0.175 0.040625 0.03125
0 0.7828125 0.075 0.034375 0.040625
0 0.2671875 0.1046875 0.040625 0.0375
0 0.7125 0.225 0.03125 0.025
0 0.4859375 0.25625 0.025 0.025
0 0.521875 0.0171875 0.034375 0.028125
0 0.4625 0.175 0.03125 0.025
0 0.478125 0.309375 0.034375 0.03125
0 0.846875 0.259375 0.03125 0.034375
0 0.9859375 0.05 0.021875 0.025
0 0.734375 0.134375 0.028125 0.03125
0 0.6609375 0.215625 0.034375 0.03125
0 0.36875 0.0015625 0.03125 0.003125
0 0.2734375 0.16875 0.034375 0.03125
0 0.4328125 0.1453125 0.028125 0.028125
0 0.659375 0.21875 0.034375 0.028125
