0 0.9484375 0.2 0.028125 0.03125
0 0.9765625 0.0171875 0.0375 0.034375
0 0.7578125 0.23125 0.040625 0.0375
0 0.8015625 0.1703125 0.04375 0.040625
0 0.490625 0.009375 0.028125 0.01875
0 0.8046875 0.2015625 0.040625 0.028125
0 0.5640625 0.0546875 0.03125 0.025
0 0.5875 0.034375 0.034375 0.025
0 0.434375 0.0046875 0.015625 0.009375
0 0.8640625 0.096875 0.021875 0.034375
0 0.303125 0.0125 0.021875 0.025
0 0.328125 0.01171875 0.03125 0.0234375
0 0.7265625 0.2265625 0.03125 0.04375
0 0.45625 0.00546875 0.015625 0.0109375
