0 0.5609375 0.6796875 0.046875 0.046875
0 0.7 0.059375 0.059375 0.065625
0 0.6484375 0.9046875 0.025 0.034375
0 0.70625 0.9015625 0.04375 0.046875
0 0.97890625 0.1265625 0.0421875 0.059375
0 0.3234375 0.7234375 0.040625 0.04375
0 0.4078125 0.515625 0.03125 0.03125
0 0.5328125 0.5359375 0.053125 0.0375
0 0.41875 0.790625 0.03125 0.0375
0 0.9703125 0.7671875 0.04375 0.05
0 0.0125 0.25625 0.025 0.028125
0 0.1453125 0.2734375 0.028125 0.028125
0 0.79375 0.6375 0.04375 0.05
0 0.1078125 0.2203125 0.01875 0.025
0 0.125 0.221875 0.028125 0.034375
0 0.2734375 0.7734375 0.03125 0.03125
0 0.090625 0.1828125 0.01875 0.03125
0 0.1234375 0.1234375 0.015625 0.021875
0 0.00625 0.521875 0.0125 0.025
0 0.940625 0.7234375 0.034375 0.021875
