0 0.4296875 0.1734375 0.059375 0.053125
0 0.765625 0.9328125 0.05625 0.053125
0 0.00390625 0.9234375 0.0078125 0.04375
0 0.28125 0.478125 0.05 0.05625
0 0.18125 0.6703125 0.0375 0.04375
0 0.3796875 0.440625 0.046875 0.04375
0 0.8921875 0.8359375 0.046875 0.0375
0 0.4578125 0.9890625 0.040625 0.021875
0 0.1828125 0.2484375 0.04375 0.04375
0 0.1546875 0.81875 0.0375 0.040625
0 0.3734375 0.6296875 0.040625 0.0375
0 0.571875 0.8953125 0.05 0.046875
0 0.2546875 0.2625 0.05 0.046875
0 0.00546875 0.753125 0.0109375 0.0375
0 0.1984375 0.8203125 0.046875 0.04375
0 0.8015625 0.4421875 0.046875 0.059375
0 0.4140625 0.5828125 0.046875 0.040625
0 0.8484375 0.81875 0.03125 0.03125
0 0.00625 0.2625 0.0125 0.04375
0 0.553125 0.240625 0.040625 0.053125
0 0.7890625 0.634375 0.046875 0.034375
0 0.9 0.503125 0.04375 0.04375
0 0.0140625 0.2125 0.028125 0.040625
0 0.134375 0.7171875 0.040625 0.0375
0 0.14375 0.9765625 0.034375 0.034375
0 0.6359375 0.73125 0.059375 0.04375
0 0.7515625 0.8328125 0.034375 0.03125
0 0.15 0.1828125 0.040625 0.04375
0 0.615625 0.978125 0.025 0.034375
0 0.946875 0.76875 0.04375 0.034375
0 0.4140625 0.403125 0.04375 0.034375
0 0.3 0.2734375 0.034375 0.034375
0 0.3453125 0.4875 0.0375 0.0375
0 0.0734375 0.6703125 0.0375 0.034375
0 0.6703125 0.6921875 0.0375 0.034375
0 0.625 0.725 0.04375 0.0375
0 0.790625 0.978125 0.03125 0.034375
0 0.465625 0.4171875 0.046875 0.034375
0 0.1109375 0.8 0.021875 0.025
0 0.25625 0.36875 0.034375 0.03125
0 0.175 0.5171875 0.028125 0.025
0 0.3421875 0.4890625 0.0375 0.03125
0 0.046875 0.234375 0.028125 0.021875
0 0.5796875 0.2859375 0.03125 0.040625
0 0.3328125 0.35 0.03125 0.028125
0 0.70625 0.696875 0.034375 0.03125
0 0.696875 0.746875 0.0375 0.03125
0 0.2046875 0.2421875 0.03125 0.04375
0 0.0078125 0.2140625 0.015625 0.0375
0 0.3046875 0.31875 0.028125 0.03125
