0 0.896875 0.3703125 0.046875 0.046875
0 0.95625 0.4265625 0.04375 0.03125
0 0.4234375 0.0515625 0.03125 0.025
0 0.7890625 0.084375 0.040625 0.04375
0 0.459375 0.0421875 0.025 0.025
0 0.921875 0.465625 0.04375 0.04375
0 0.8390625 0.015625 0.04375 0.03125
0 0.3203125 0.025 0.028125 0.028125
0 0.5546875 0.0515625 0.03125 0.025
0 0.5125 0.0828125 0.03125 0.025
0 0.3515625 0.0265625 0.034375 0.028125
0 0.3359375 0.1265625 0.04375 0.034375
0 0.7578125 0.0265625 0.034375 0.028125
0 0.6046875 0.0109375 0.03125 0.021875
0 0.20625 0.0390625 0.025 0.021875
0 0.3625 0.184375 0.028125 0.028125
0 0.2859375 0.059375 0.03125 0.028125
0 0.625 0.01640625 0.0375 0.0328125
