0 0.8984375 0.8515625 0.040625 0.040625
0 0.596875 0.2625 0.046875 0.0375
0 0.884375 0.5421875 0.040625 0.040625
0 0.334375 0.4578125 0.040625 0.04375
0 0.2125 0.7578125 0.025 0.021875
0 0.9484375 0.665625 0.05 0.04375
0 0.8 0.1203125 0.04375 0.04375
0 0.7390625 0.2765625 0.046875 0.05
0 0.98046875 0.396875 0.0390625 0.040625
0 0.48125 0.3203125 0.0375 0.03125
0 0.5609375 0.3015625 0.046875 0.04375
0 0.36875 0.61875 0.040625 0.040625
0 0.7015625 0.21875 0.04375 0.0375
0 0.9859375 0.340625 0.028125 0.05
0 0.725 0.159375 0.046875 0.04375
0 0.98359375 0.10625 0.0328125 0.0375
0 0.9859375 0.5109375 0.028125 0.04375
0 0.6234375 0.490625 0.05 0.05
0 0.3921875 0.5828125 0.04375 0.03125
0 0.4390625 0.40625 0.040625 0.05625
0 0.5828125 0.0375 0.028125 0.021875
0 0.9046875 0.6375 0.03125 0.0375
0 0.4078125 0.528125 0.0375 0.04375
0 0.440625 0.575 0.05 0.0375
0 0.253125 0.5828125 0.0375 0.028125
0 0.98671875 0.6734375 0.0265625 0.03125
0 0.2453125 0.7015625 0.028125 0.0375
0 0.69375 0.5015625 0.04375 0.03125
0 0.26875 0.4125 0.028125 0.034375
0 0.6125 0.9625 0.034375 0.028125
0 0.39375 0.9046875 0.03125 0.03125
0 0.615625 0.3046875 0.046875 0.0375
0 0.7734375 0.9515625 0.025 0.034375
0 0.040625 0.45 0.021875 0.021875
0 0.7078125 0.465625 0.03125 0.028125
0 0.94375 0.3296875 0.0375 0.046875
0 0.4109375 0.6828125 0.034375 0.040625
0 0.00625 0.684375 0.0125 0.021875
0 0.85 0.2125 0.025 0.025
0 0.915625 0.2046875 0.028125 0.025
0 0.7125 0.38125 0.034375 0.01875
0 0.028125 0.4203125 0.01875 0.0125
0 0.04375 0.3859375 0.01875 0.015625
0 0.01875 0.6875 0.0125 0.01875
0 0.0515625 0.65 0.021875 0.01875
0 0.075 0.7046875 0.021875 0.01875
0 0.10625 0.6734375 0.01875 0.015625
0 0.4390625 0.753125 0.025 0.021875
0 0.221875 0.5640625 0.034375 0.01875
0 0.7859375 0.1953125 0.01875 0.01875
0 0.865625 0.7265625 0.03125 0.025
