0 0.75 0.6765625 0.046875 0.0375
0 0.15 0.796875 0.05 0.05
0 0.0234375 0.8515625 0.040625 0.040625
0 0.271875 0.85625 0.040625 0.04375
0 0.5890625 0.84375 0.03125 0.025
0 0.640625 0.8390625 0.034375 0.040625
0 0.509375 0.909375 0.040625 0.04375
0 0.01484375 0.5421875 0.0296875 0.040625
0 0.5140625 0.696875 0.053125 0.046875
0 0.0734375 0.665625 0.05 0.04375
0 0.6796875 0.99765625 0.040625 0.0046875
0 0.30625 0.20625 0.04375 0.040625
0 0.1109375 0.396875 0.05 0.040625
0 0.615625 0.9171875 0.03125 0.03125
0 0.11875 0.340625 0.04375 0.05
0 0.109375 0.10625 0.034375 0.0375
0 0.1203125 0.5109375 0.046875 0.04375
0 0.3953125 0.3734375 0.04375 0.034375
0 0.4015625 0.0421875 0.03125 0.03125
0 0.678125 0.9765625 0.040625 0.034375
0 0.1765625 0.24375 0.040625 0.0375
0 0.1921875 0.61875 0.03125 0.05
0 0.1625 0.01015625 0.03125 0.0203125
0 0.4921875 0.846875 0.03125 0.034375
0 0.0296875 0.6375 0.03125 0.0375
0 0.4734375 0.4828125 0.034375 0.040625
0 0.525 0.4890625 0.046875 0.04375
0 0.115625 0.6734375 0.034375 0.03125
0 0.1828125 0.159375 0.03125 0.040625
0 0.25625 0.125 0.040625 0.040625
0 0.45625 0.4625 0.021875 0.015625
0 0.453125 0.4296875 0.05 0.046875
0 0.68125 0.89375 0.0375 0.0375
0 0.86875 0.91875 0.03125 0.034375
0 0.7703125 0.3265625 0.021875 0.021875
0 0.1609375 0.4921875 0.034375 0.040625
0 0.06875 0.3296875 0.0375 0.046875
0 0.7578125 0.98828125 0.025 0.0234375
0 0.8140625 0.9796875 0.03125 0.028125
0 0.2734375 0.1609375 0.0375 0.03125
0 0.375 0.1453125 0.034375 0.025
0 0.4421875 0.09375 0.03125 0.028125
0 0.040625 0.2046875 0.028125 0.025
0 0.7375 0.64375 0.04375 0.028125
0 0.5328125 0.45625 0.040625 0.03125
0 0.94375 0.31875 0.028125 0.025
0 0.2953125 0.528125 0.034375 0.03125
0 0.003125 0.7265625 0.00625 0.025
0 0.725 0.9734375 0.03125 0.028125
0 0.2359375 0.425 0.021875 0.03125
0 0.425 0.4015625 0.028125 0.021875
