0 0.56875 0.5734375 0.05 0.046875
0 0.48125 0.35625 0.0375 0.03125
0 0.6015625 0.503125 0.0375 0.034375
0 0.99375 0.2515625 0.0125 0.046875
0 0.759375 0.2578125 0.05 0.040625
0 0.728125 0.634375 0.040625 0.0375
0 0.6453125 0.25625 0.046875 0.046875
0 0.815625 0.4859375 0.0375 0.0375
0 0.3375 0.765625 0.025 0.015625
0 0.3328125 0.7390625 0.034375 0.034375
0 0.6171875 0.659375 0.034375 0.034375
0 0.559375 0.2640625 0.034375 0.04375
0 0.675 0.721875 0.028125 0.03125
0 0.8453125 0.3609375 0.040625 0.046875
0 0.2171875 0.4546875 0.046875 0.040625
0 0.4453125 0.634375 0.028125 0.025
0 0.7359375 0.553125 0.0375 0.04375
0 0.9109375 0.646875 0.034375 0.028125
0 0.3671875 0.48125 0.04375 0.046875
0 0.796875 0.21875 0.040625 0.046875
0 0.88125 0.6015625 0.028125 0.025
0 0.4140625 0.63125 0.03125 0.03125
0 0.3875 0.1828125 0.040625 0.0375
0 0.253125 0.425 0.040625 0.04375
0 0.6875 0.3875 0.04375 0.040625
0 0.2765625 0.74375 0.034375 0.03125
0 0.69375 0.5546875 0.034375 0.034375
0 0.4390625 0.734375 0.03125 0.021875
0 0.6890625 0.3875 0.04375 0.040625
0 0.9015625 0.5328125 0.034375 0.028125
0 0.85 0.4 0.015625 0.028125
0 0.6171875 0.4546875 0.03125 0.040625
0 0.4984375 0.3875 0.0375 0.03125
0 0.2765625 0.3328125 0.0125 0.015625
0 0.0984375 0.25 0.021875 0.01875
0 0.15625 0.5625 0.028125 0.01875
0 0.4703125 0.6640625 0.021875 0.015625
0 0.9265625 0.39375 0.028125 0.021875
0 0.4640625 0.03125 0.028125 0.028125
0 0.421875 0.1859375 0.021875 0.03125
0 0.3953125 0.2328125 0.025 0.021875
0 0.0265625 0.484375 0.021875 0.0125
0 0.059375 0.5390625 0.015625 0.0125
0 0.2375 0.7265625 0.015625 0.0125
0 0.25 0.7140625 0.0125 0.0125
0 0.2640625 0.7234375 0.015625 0.0125
