0 0.7671875 0.85 0.028125 0.03125
0 0.7421875 0.471875 0.046875 0.05625
0 0.4265625 0.325 0.046875 0.053125
0 0.7328125 0.6625 0.040625 0.0375
0 0.8140625 0.7984375 0.025 0.01875
0 0.88125 0.7890625 0.015625 0.025
0 0.9328125 0.7484375 0.040625 0.0375
0 0.4875 0.4546875 0.0375 0.040625
0 0.790625 0.7765625 0.034375 0.028125
0 0.7375 0.6171875 0.04375 0.034375
0 0.3625 0.49375 0.034375 0.03125
0 0.6953125 0.7640625 0.03125 0.021875
0 0.7625 0.7421875 0.028125 0.025
0 0.40625 0.478125 0.03125 0.01875
0 0.446875 0.4625 0.034375 0.03125
0 0.8015625 0.8640625 0.03125 0.025
0 0.4359375 0.675 0.025 0.028125
0 0.7578125 0.696875 0.025 0.028125
0 0.728125 0.7765625 0.03125 0.028125
0 0.9703125 0.3515625 0.025 0.025
0 0.2484375 0.1734375 0.034375 0.0375
0 0.2734375 0.528125 0.034375 0.028125
0 0.328125 0.4921875 0.03125 0.03125
0 0.80625 0.66875 0.025 0.021875
0 0.38125 0.615625 0.03125 0.01875
0 0.4171875 0.5984375 0.028125 0.03125
0 0.665625 0.3703125 0.034375 0.03125
0 0.890625 0.571875 0.028125 0.025
0 0.5359375 0.7390625 0.028125 0.025
0 0.6671875 0.784375 0.028125 0.03125
0 0.6078125 0.6171875 0.034375 0.034375
0 0.0765625 0.3203125 0.034375 0.025
0 0.4796875 0.525 0.03125 0.028125
0 0.9328125 0.59375 0.021875 0.025
0 0.96875 0.571875 0.04375 0.028125
0 0.9875 0.1953125 0.025 0.04375
0 0.403125 0.559375 0.034375 0.034375
0 0.5421875 0.4734375 0.01875 0.015625
0 0.603125 0.471875 0.028125 0.01875
0 0.421875 0.659375 0.00625 0.015625
0 0.4578125 0.659375 0.021875 0.021875
0 0.99296875 0.3578125 0.0140625 0.021875
0 0.471875 0.6109375 0.025 0.021875
0 0.1078125 0.51875 0.015625 0.009375
0 0.1625 0.5234375 0.025 0.015625
0 0.0046875 0.421875 0.009375 0.01875
0 0.8296875 0.634375 0.0125 0.028125
0 0.9359375 0.5015625 0.021875 0.034375
0 0.9875 0.4421875 0.015625 0.01875
