0 0.23125 0.7015625 0.071875 0.08125
0 0.2703125 0.2953125 0.06875 0.071875
0 0.215625 0.534375 0.059375 0.065625
0 0.5328125 0.2828125 0.0625 0.05625
0 0.378125 0.303125 0.065625 0.065625
0 0.48125 0.175 0.06875 0.059375
0 0.10625 0.1453125 0.065625 0.05625
0 0.715625 0.565625 0.05625 0.05
0 0.275 0.928125 0.05 0.053125
0 0.3765625 0.74375 0.05 0.065625
0 0.0796875 0.5703125 0.0625 0.059375
0 0.49375 0.315625 0.04375 0.05
0 0.6640625 0.553125 0.053125 0.0375
0 0.58125 0.58125 0.05 0.053125
0 0.1265625 0.525 0.04375 0.0625
0 0.5453125 0.3484375 0.040625 0.040625
0 0.4234375 0.240625 0.034375 0.05
0 0.678125 0.8625 0.040625 0.04375
0 0.9734375 0.325 0.0375 0.028125
0 0.9 0.51875 0.028125 0.025
0 0.896875 0.2609375 0.03125 0.028125
0 0.2671875 0.3890625 0.059375 0.05625
0 0.8453125 0.1109375 0.065625 0.053125
0 0.5875 0.1578125 0.028125 0.028125
0 0.275 0.1484375 0.0375 0.05
0 0.6484375 0.846875 0.021875 0.03125
0 0.434375 0.921875 0.034375 0.040625
0 0.875 0.4046875 0.021875 0.015625
0 0.896875 0.3109375 0.025 0.025
0 0.6703125 0.1265625 0.015625 0.015625
0 0.896875 0.6 0.01875 0.0125
0 0.50625 0.8828125 0.028125 0.01875
0 0.321875 0.209375 0.021875 0.028125
0 0.3921875 0.58125 0.05 0.025
