0 0.3671875 0.4 0.05 0.053125
0 0.390625 0.1640625 0.05625 0.05
0 0.7 0.2828125 0.053125 0.053125
0 0.246875 0.20625 0.04375 0.05625
0 0.1015625 0.578125 0.05 0.05
0 0.66875 0.1 0.046875 0.05
0 0.528125 0.0953125 0.0375 0.040625
0 0.628125 0.4453125 0.034375 0.034375
0 0.75625 0.6015625 0.0375 0.034375
0 0.51875 0.6625 0.040625 0.040625
0 0.478125 0.6703125 0.0375 0.040625
0 0.1140625 0.16875 0.04375 0.053125
0 0.7953125 0.4203125 0.025 0.028125
0 0.9875 0.578125 0.021875 0.028125
0 0.7015625 0.5140625 0.040625 0.053125
0 0.15625 0.3015625 0.046875 0.0625
0 0.6671875 0.5375 0.034375 0.040625
0 0.9 0.5234375 0.025 0.034375
0 0.95 0.396875 0.028125 0.021875
0 0.6125 0.303125 0.046875 0.04375
0 0.5890625 0.7375 0.028125 0.028125
0 0.66875 0.5734375 0.03125 0.034375
0 0.1578125 0.3 0.046875 0.05625
0 0.4703125 0.2515625 0.046875 0.046875
0 0.9015625 0.46875 0.03125 0.025
0 0.928125 0.578125 0.03125 0.03125
0 0.8515625 0.428125 0.028125 0.021875
