0 0.13125 0.2515625 0.0375 0.046875
0 0.4140625 0.325 0.040625 0.0375
0 0.2015625 0.634375 0.03125 0.03125
0 0.575 0.38125 0.034375 0.0375
0 0.5984375 0.140625 0.0375 0.040625
0 0.4625 0.728125 0.034375 0.034375
0 0.559375 0.7421875 0.034375 0.03125
0 0.1703125 0.2921875 0.040625 0.0375
0 0.6828125 0.671875 0.03125 0.025
0 0.7015625 0.18125 0.03125 0.025
0 0.49375 0.78125 0.025 0.0375
0 0.353125 0.275 0.040625 0.03125
0 0.0359375 0.646875 0.034375 0.028125
0 0.4546875 0.39375 0.0375 0.040625
0 0.4015625 0.1671875 0.0375 0.040625
0 0.528125 0.646875 0.03125 0.034375
0 0.809375 0.4703125 0.03125 0.0375
0 0.7328125 0.528125 0.034375 0.0375
0 0.01015625 0.6015625 0.0203125 0.025
0 0.2984375 0.228125 0.034375 0.028125
0 0.296875 0.2671875 0.034375 0.028125
0 0.9625 0.39375 0.025 0.021875
0 0.690625 0.2953125 0.028125 0.028125
0 0.6109375 0.3484375 0.0375 0.03125
0 0.1421875 0.634375 0.025 0.03125
0 0.503125 0.7140625 0.03125 0.028125
0 0.0265625 0.5328125 0.034375 0.028125
0 0.7109375 0.00625 0.01875 0.0125
0 0.7296875 0.1265625 0.028125 0.025
0 0.871875 0.3671875 0.0125 0.0125
0 0.7109375 0.6953125 0.021875 0.01875
0 0.0515625 0.39375 0.028125 0.021875
