0 0.7109375 0.3453125 0.0375 0.04375
0 0.43125 0.8 0.0375 0.034375
0 0.23125 0.4921875 0.0375 0.0375
0 0.2984375 0.4328125 0.034375 0.040625
0 0.7609375 0.603125 0.028125 0.028125
0 0.184375 0.115625 0.040625 0.046875
0 0.00703125 0.7890625 0.0140625 0.025
0 0.0578125 0.7484375 0.040625 0.0375
0 0.4875 0.7734375 0.0375 0.03125
0 0.4625 0.31875 0.04375 0.040625
0 0.6265625 0.7828125 0.01875 0.015625
0 0.6765625 0.7859375 0.034375 0.03125
0 0.9109375 0.509375 0.028125 0.021875
0 0.284375 0.5703125 0.040625 0.0375
0 0.946875 0.4234375 0.025 0.021875
0 0.765625 0.521875 0.028125 0.021875
0 0.16875 0.01015625 0.03125 0.0203125
0 0.728125 0.5953125 0.03125 0.03125
0 0.0953125 0.3515625 0.025 0.025
0 0.421875 0.278125 0.046875 0.053125
0 0.7625 0.4796875 0.025 0.025
0 0.296875 0.1375 0.0375 0.028125
0 0.2484375 0.546875 0.01875 0.015625
0 0.2765625 0.5203125 0.021875 0.034375
0 0.3109375 0.5265625 0.0375 0.034375
0 0.015625 0.571875 0.028125 0.025
0 0.9125 0.153125 0.025 0.021875
0 0.953125 0.2890625 0.025 0.025
0 0.0578125 0.59375 0.021875 0.025
0 0.09375 0.571875 0.04375 0.028125
0 0.1171875 0.1953125 0.034375 0.04375
0 0.478125 0.44375 0.04375 0.04375
0 0.1234375 0.3578125 0.025 0.021875
0 0.0609375 0.5015625 0.021875 0.034375
0 0.1125 0.4421875 0.015625 0.01875
0 0.8140625 0.5171875 0.01875 0.021875
0 0.834375 0.5 0.021875 0.015625
0 0.934375 0.56875 0.0125 0.0125
0 0.921875 0.55 0.015625 0.015625
0 0.5859375 0.090625 0.01875 0.025
