0 0.659375 0.7125 0.046875 0.05
0 0.4234375 0.8015625 0.03125 0.025
0 0.56875 0.45625 0.04375 0.04375
0 0.825 0.2828125 0.04375 0.053125
0 0.390625 0.403125 0.040625 0.040625
0 0.7890625 0.834375 0.040625 0.04375
0 0.459375 0.7921875 0.025 0.025
0 0.8390625 0.7625 0.04375 0.0375
0 0.5703125 0.684375 0.040625 0.03125
0 0.3203125 0.775 0.028125 0.028125
0 0.5515625 0.728125 0.028125 0.028125
0 0.5546875 0.8015625 0.03125 0.025
0 0.2953125 0.6296875 0.034375 0.028125
0 0.5125 0.8328125 0.03125 0.025
0 0.3515625 0.7765625 0.034375 0.028125
0 0.4140625 0.6796875 0.03125 0.028125
0 0.1671875 0.559375 0.046875 0.03125
0 0.9734375 0.440625 0.0375 0.0375
0 0.328125 0.4609375 0.03125 0.028125
0 0.3359375 0.8765625 0.04375 0.034375
0 0.0546875 0.484375 0.034375 0.0375
0 0.15 0.4390625 0.03125 0.034375
0 0.7578125 0.7765625 0.034375 0.028125
0 0.6046875 0.75625 0.03125 0.03125
0 0.4125 0.7375 0.025 0.021875
0 0.20625 0.7890625 0.025 0.021875
0 0.2109375 0.6953125 0.021875 0.028125
0 0.1609375 0.740625 0.025 0.021875
0 0.3625 0.934375 0.028125 0.028125
0 0.2125 0.6 0.028125 0.03125
0 0.2859375 0.809375 0.03125 0.028125
0 0.625 0.7640625 0.0375 0.0375
0 0.171875 0.396875 0.034375 0.03125
0 0.7109375 0.328125 0.04375 0.034375
