0 0.084375 0.321875 0.05 0.05
0 0.15 0.046875 0.05 0.05
0 0.0234375 0.1015625 0.040625 0.040625
0 0.271875 0.10625 0.040625 0.04375
0 0.5890625 0.09375 0.03125 0.025
0 0.640625 0.0890625 0.034375 0.040625
0 0.509375 0.159375 0.040625 0.04375
0 0.6796875 0.2625 0.040625 0.034375
0 0.615625 0.1671875 0.03125 0.03125
0 0.078125 0.4453125 0.04375 0.0375
0 0.678125 0.2265625 0.040625 0.034375
0 0.765625 0.2984375 0.028125 0.034375
0 0.109375 0.446875 0.03125 0.04375
0 0.4921875 0.096875 0.03125 0.034375
0 0.4390625 0.2765625 0.03125 0.03125
0 0.68125 0.14375 0.0375 0.0375
0 0.86875 0.16875 0.03125 0.034375
0 0.7578125 0.2390625 0.025 0.025
0 0.8140625 0.2296875 0.03125 0.028125
0 0.228125 0.2984375 0.028125 0.01875
0 0.4171875 0.3375 0.021875 0.021875
0 0.8390625 0.2953125 0.028125 0.01875
0 0.725 0.2234375 0.03125 0.028125
