0 0.7765625 0.696875 0.059375 0.05
0 0.446875 0.8 0.04375 0.04375
0 0.8609375 0.946875 0.0375 0.034375
0 0.6296875 0.9765625 0.034375 0.03125
0 0.3625 0.690625 0.04375 0.046875
0 0.690625 0.5109375 0.034375 0.0375
0 0.653125 0.2171875 0.0375 0.0375
0 0.6078125 0.5421875 0.046875 0.040625
0 0.446875 0.85625 0.04375 0.0375
0 0.5859375 0.5078125 0.040625 0.04375
0 0.1765625 0.56875 0.034375 0.034375
0 0.76875 0.2234375 0.034375 0.0375
0 0.290625 0.94375 0.046875 0.040625
0 0.453125 0.7234375 0.040625 0.034375
0 0.575 0.95625 0.03125 0.034375
0 0.6984375 0.8703125 0.0375 0.03125
0 0.8203125 0.575 0.03125 0.028125
0 0.0984375 0.440625 0.0375 0.0375
0 0.5453125 0.9171875 0.028125 0.03125
0 0.4359375 0.91875 0.03125 0.0375
0 0.7828125 0.553125 0.034375 0.03125
0 0.9859375 0.8359375 0.025 0.021875
0 0.603125 0.95 0.028125 0.025
0 0.5578125 0.5171875 0.034375 0.034375
0 0.78125 0.55625 0.034375 0.03125
0 0.2625 0.54375 0.03125 0.03125
0 0.5765625 0.646875 0.04375 0.046875
0 0.5234375 0.4515625 0.028125 0.0375
