0 0.8609375 0.9234375 0.04375 0.04375
0 0.834375 0.978125 0.0375 0.040625
0 0.8671875 0.753125 0.0375 0.0375
0 0.725 0.19375 0.046875 0.04375
0 0.2484375 0.634375 0.046875 0.05
0 0.6984375 0.925 0.040625 0.03125
0 0.8203125 0.2234375 0.040625 0.053125
0 0.759375 0.48125 0.05 0.04375
0 0.3296875 0.4984375 0.040625 0.0375
0 0.8625 0.2625 0.05 0.04375
0 0.6796875 0.7015625 0.04375 0.034375
0 0.7671875 0.5984375 0.04375 0.04375
0 0.390625 0.45625 0.05 0.05
0 0.7890625 0.415625 0.040625 0.040625
0 0.8765625 0.2125 0.053125 0.040625
0 0.99453125 0.7171875 0.0109375 0.0375
0 0.7828125 0.825 0.034375 0.040625
0 0.2671875 0.8546875 0.040625 0.0375
0 0.4625 0.56875 0.03125 0.034375
0 0.7125 0.975 0.03125 0.025
0 0.50625 0.7125 0.046875 0.034375
0 0.4859375 0.996875 0.025 0.00625
0 0.521875 0.7671875 0.034375 0.028125
0 0.4625 0.925 0.03125 0.025
0 0.9484375 0.6703125 0.0375 0.034375
0 0.0390625 0.5796875 0.034375 0.025
0 0.7375 0.521875 0.05 0.0375
0 0.846875 0.99609375 0.03125 0.0078125
0 0.9859375 0.8 0.021875 0.025
0 0.734375 0.884375 0.028125 0.03125
0 0.3078125 0.6625 0.03125 0.03125
0 0.4546875 0.4578125 0.034375 0.034375
0 0.6609375 0.965625 0.034375 0.03125
0 0.1140625 0.634375 0.028125 0.028125
0 0.146875 0.584375 0.025 0.028125
0 0.921875 0.234375 0.028125 0.021875
0 0.36875 0.7375 0.03125 0.03125
0 0.3953125 0.3359375 0.04375 0.040625
0 0.2734375 0.91875 0.034375 0.03125
0 0.6125 0.6734375 0.028125 0.03125
0 0.4328125 0.8953125 0.028125 0.028125
0 0.659375 0.96875 0.034375 0.028125
0 0.0328125 0.2984375 0.03125 0.021875
0 0.0171875 0.290625 0.028125 0.028125
0 0.0875 0.546875 0.03125 0.021875
0 0.7140625 0.484375 0.028125 0.04375
0 0.8703125 0.2140625 0.040625 0.0375
0 0.0875 0.50625 0.0375 0.0375
