0 0.7953125 0.7546875 0.0625 0.065625
0 0.759375 0.3359375 0.059375 0.071875
0 0.303125 0.5296875 0.046875 0.04375
0 0.6640625 0.415625 0.04375 0.05
0 0.234375 0.4046875 0.046875 0.046875
0 0.97578125 0.578125 0.0484375 0.05
0 0.653125 0.1109375 0.04375 0.046875
0 0.2234375 0.56875 0.034375 0.03125
0 0.3390625 0.7359375 0.03125 0.03125
0 0.8171875 0.103125 0.040625 0.046875
0 0.98359375 0.16875 0.0328125 0.053125
0 0.6359375 0.4671875 0.05625 0.075
0 0.4234375 0.0890625 0.0375 0.025
0 0.1734375 0.4265625 0.03125 0.025
0 0.509375 0.66875 0.04375 0.0375
0 0.8359375 0.1671875 0.040625 0.0375
0 0.259375 0.15 0.04375 0.034375
0 0.378125 0.58125 0.034375 0.028125
0 0.659375 0.8703125 0.0375 0.034375
0 0.4890625 0.6765625 0.034375 0.034375
