0 0.5484375 0.66875 0.04375 0.04375
0 0.315625 0.4109375 0.040625 0.0375
0 0.06875 0.3171875 0.03125 0.034375
0 0.0734375 0.95 0.028125 0.03125
0 0.8234375 0.8234375 0.034375 0.028125
0 0.1015625 0.7640625 0.0375 0.040625
0 0.571875 0.4640625 0.0375 0.040625
0 0.0703125 0.053125 0.015625 0.034375
0 0.1171875 0.5140625 0.03125 0.0375
0 0.7328125 0.425 0.0375 0.0375
0 0.7625 0.1609375 0.04375 0.034375
0 0.4703125 0.6890625 0.0375 0.0375
0 0.915625 0.5578125 0.05 0.046875
0 0.2984375 0.5859375 0.034375 0.03125
0 0.990625 0.815625 0.01875 0.053125
0 0.015625 0.634375 0.01875 0.028125
0 0.0375 0.6046875 0.028125 0.025
0 0.3703125 0.709375 0.028125 0.034375
0 0.778125 0.3828125 0.03125 0.034375
0 0.340625 0.275 0.01875 0.025
0 0.3390625 0.5875 0.028125 0.028125
0 0.665625 0.7796875 0.01875 0.028125
0 0.821875 0.4125 0.028125 0.034375
0 0.1609375 0.5359375 0.03125 0.025
0 0.6828125 0.7625 0.021875 0.021875
0 0.71875 0.7609375 0.0375 0.034375
0 0.69375 0.7859375 0.025 0.01875
0 0.384375 0.590625 0.028125 0.028125
0 0.2265625 0.0546875 0.021875 0.028125
0 0.45 0.8390625 0.03125 0.028125
0 0.2828125 0.965625 0.034375 0.034375
0 0.3984375 0.3234375 0.028125 0.028125
0 0.396875 0.2796875 0.021875 0.03125
0 0.4296875 0.2953125 0.025 0.025
0 0.7125 0.503125 0.01875 0.025
0 0.7578125 0.5375 0.021875 0.01875
0 0.8578125 0.4640625 0.028125 0.03125
0 0.0953125 0.05 0.025 0.034375
0 0.2171875 0.4265625 0.01875 0.01875
0 0.0484375 0.6234375 0.015625 0.025
0 0.3484375 0.8359375 0.01875 0.021875
