0 0.2140625 0.91875 0.03125 0.03125
0 0.3921875 0.88125 0.034375 0.040625
0 0.0484375 0.171875 0.028125 0.025
0 0.4234375 0.884375 0.021875 0.028125
0 0.8140625 0.778125 0.04375 0.0375
0 0.146875 0.5203125 0.03125 0.03125
0 0.528125 0.7109375 0.025 0.028125
0 0.3703125 0.0765625 0.040625 0.0375
0 0.3046875 0.3453125 0.0375 0.034375
0 0.6796875 0.7890625 0.028125 0.025
0 0.4875 0.303125 0.021875 0.025
0 0.7625 0.7484375 0.04375 0.0375
0 0.45625 0.91875 0.03125 0.03125
0 0.8609375 0.8234375 0.03125 0.03125
0 0.89375 0.8171875 0.034375 0.03125
0 0.496875 0.325 0.015625 0.0125
0 0.51875 0.3078125 0.025 0.021875
0 0.9171875 0.8515625 0.025 0.028125
0 0.484375 0.91875 0.028125 0.03125
0 0.5859375 0.6640625 0.053125 0.05625
0 0.2828125 0.8671875 0.034375 0.028125
0 0.275 0.3171875 0.021875 0.021875
0 0.0359375 0.3109375 0.0375 0.034375
0 0.26875 0.64375 0.025 0.03125
0 0.4515625 0.9875 0.03125 0.025
0 0.890625 0.859375 0.028125 0.021875
0 0.00390625 0.2125 0.0078125 0.03125
0 0.125 0.7609375 0.021875 0.0125
0 0.440625 0.878125 0.025 0.028125
0 0.403125 0.35625 0.025 0.01875
0 0.4359375 0.3328125 0.0125 0.009375
0 0.4515625 0.315625 0.015625 0.021875
0 0.2734375 0.253125 0.028125 0.025
0 0.6015625 0.215625 0.021875 0.01875
0 0.5203125 0.2890625 0.025 0.01875
0 0.00625 0.3203125 0.0125 0.01875
0 0.659375 0.7703125 0.01875 0.015625
0 0.6546875 0.7375 0.015625 0.01875
0 0.71875 0.76875 0.028125 0.028125
