0 0.159375 0.4640625 0.0625 0.059375
0 0.4421875 0.509375 0.046875 0.04375
0 0.0109375 0.378125 0.021875 0.046875
0 0.0515625 0.38125 0.053125 0.059375
0 0.5515625 0.5953125 0.046875 0.05
0 0.9609375 0.5734375 0.0375 0.03125
0 0.653125 0.475 0.034375 0.05625
0 0.725 0.8421875 0.021875 0.025
0 0.7328125 0.8125 0.03125 0.025
0 0.190625 0.5703125 0.0375 0.046875
0 0.09375 0.378125 0.04375 0.05625
0 0.371875 0.790625 0.0375 0.040625
0 0.7953125 0.6 0.028125 0.03125
0 0.4546875 0.7328125 0.04375 0.034375
0 0.4953125 0.7109375 0.046875 0.034375
0 0.271875 0.746875 0.025 0.021875
0 0.2984375 0.74375 0.025 0.03125
0 0.9296875 0.6921875 0.034375 0.034375
0 0.8703125 0.7078125 0.028125 0.028125
0 0.8875 0.5609375 0.0375 0.021875
0 0.625 0.7640625 0.04375 0.040625
0 0.6828125 0.4546875 0.021875 0.025
0 0.8671875 0.415625 0.015625 0.015625
0 0.96875 0.3484375 0.028125 0.021875
0 0.6015625 0.89375 0.021875 0.028125
0 0.190625 0.08125 0.01875 0.025
0 0.8796875 0.5375 0.025 0.01875
0 0.9015625 0.5203125 0.021875 0.015625
0 0.93125 0.490625 0.021875 0.015625
0 0.6765625 0.271875 0.028125 0.01875
0 0.7546875 0.23125 0.015625 0.021875
