0 0.5859375 0.2484375 0.034375 0.034375
0 0.4015625 0.2109375 0.046875 0.04375
0 0.134375 0.00390625 0.0375 0.0078125
0 0.075 0.034375 0.028125 0.03125
0 0.8640625 0.3140625 0.040625 0.040625
0 0.7734375 0.321875 0.03125 0.0375
0 0.6359375 0.1078125 0.040625 0.04375
0 0.490625 0.128125 0.034375 0.03125
0 0.1828125 0.321875 0.040625 0.040625
0 0.1671875 0.0515625 0.034375 0.034375
0 0.0578125 0.1328125 0.028125 0.03125
0 0.0625 0.096875 0.0375 0.034375
0 0.609375 0.2765625 0.03125 0.028125
0 0.09375 0.1296875 0.028125 0.028125
0 0.121875 0.128125 0.03125 0.0375
0 0.475 0.1890625 0.0375 0.021875
