0 0.7421875 0.0796875 0.03125 0.015625
0 0.7421875 0.0484375 0.040625 0.04375
0 0.9953125 0.00390625 0.009375 0.0078125
0 0.7046875 0.0546875 0.034375 0.034375
0 0.796875 0.2203125 0.040625 0.04375
0 0.7078125 0.0140625 0.03125 0.028125
0 0.3328125 0.096875 0.0375 0.0375
0 0.41875 0.0875 0.01875 0.01875
0 0.4515625 0.0703125 0.025 0.028125
0 0.4078125 0.0421875 0.021875 0.028125
0 0.46875 0.0296875 0.021875 0.03125
0 0.50625 0.0265625 0.034375 0.021875
0 0.5125 0.00390625 0.0375 0.0078125
0 0.390625 0.0671875 0.034375 0.028125
0 0.95 0.034375 0.028125 0.03125
0 0.778125 0.0921875 0.0375 0.0375
0 0.259375 0.3015625 0.034375 0.0375
0 0.328125 0.1703125 0.040625 0.025
0 0.4515625 0.14375 0.021875 0.021875
0 0.4484375 0.1125 0.025 0.028125
0 0.46875 0.1125 0.03125 0.034375
0 0.821875 0.2125 0.05 0.046875
0 0.859375 0.0921875 0.028125 0.034375
0 0.9328125 0.1328125 0.028125 0.03125
0 0.9375 0.096875 0.0375 0.034375
0 0.53125 0.053125 0.025 0.021875
0 0.96875 0.1296875 0.028125 0.028125
0 0.990625 0.128125 0.01875 0.0375
0 0.58125 0.053125 0.01875 0.015625
