0 0.9671875 0.4875 0.053125 0.053125
0 0.9265625 0.6203125 0.046875 0.046875
0 0.1671875 0.721875 0.025 0.04375
0 0.7421875 0.8296875 0.03125 0.015625
0 0.7421875 0.7984375 0.040625 0.04375
0 0.9953125 0.7421875 0.009375 0.03125
0 0.7046875 0.8046875 0.034375 0.034375
0 0.796875 0.9703125 0.040625 0.04375
0 0.9265625 0.49375 0.03125 0.03125
0 0.846875 0.1546875 0.040625 0.040625
0 0.7078125 0.7625 0.03125 0.03125
0 0.3328125 0.846875 0.0375 0.0375
0 0.859375 0.190625 0.046875 0.0375
0 0.41875 0.8375 0.01875 0.01875
0 0.4515625 0.8203125 0.025 0.028125
0 0.4078125 0.7921875 0.021875 0.028125
0 0.46875 0.7796875 0.021875 0.03125
0 0.50625 0.7765625 0.034375 0.021875
0 0.5125 0.74375 0.0375 0.028125
0 0.390625 0.8171875 0.034375 0.028125
0 0.95 0.784375 0.028125 0.03125
0 0.778125 0.8421875 0.0375 0.0375
0 0.328125 0.9203125 0.040625 0.025
0 0.4515625 0.89375 0.021875 0.021875
0 0.4484375 0.8625 0.025 0.028125
0 0.46875 0.8625 0.03125 0.034375
0 0.821875 0.9625 0.05 0.046875
0 0.209375 0.5125 0.0375 0.028125
0 0.4859375 0.70625 0.025 0.025
0 0.5359375 0.6484375 0.034375 0.028125
0 0.75 0.3390625 0.0375 0.046875
0 0.2359375 0.66875 0.025 0.03125
0 0.3546875 0.4296875 0.021875 0.021875
0 0.365625 0.3984375 0.03125 0.021875
0 0.553125 0.6984375 0.03125 0.034375
0 0.30625 0.3484375 0.025 0.03125
0 0.859375 0.8421875 0.028125 0.034375
0 0.9328125 0.8828125 0.028125 0.03125
0 0.9375 0.846875 0.0375 0.034375
0 0.9921875 0.1734375 0.015625 0.028125
0 0.8796875 0.1546875 0.01875 0.040625
0 0.384375 0.4453125 0.028125 0.028125
0 0.4046875 0.459375 0.028125 0.025
0 0.034375 0.6234375 0.01875 0.01875
0 0.075 0.596875 0.015625 0.021875
0 0.53125 0.803125 0.025 0.021875
0 0.96875 0.8796875 0.028125 0.028125
0 0.990625 0.878125 0.01875 0.0375
0 0.259375 0.7078125 0.028125 0.015625
0 0.325 0.6765625 0.025 0.01875
0 0.58125 0.803125 0.01875 0.015625
0 0.9140625 0.3921875 0.01875 0.01875
