0 0.478125 0.2515625 0.046875 0.040625
0 0.4890625 0.0484375 0.034375 0.034375
0 0.3796875 0.690625 0.0375 0.034375
0 0.56875 0.671875 0.0375 0.028125
0 0.3671875 0.5140625 0.040625 0.034375
0 0.478125 0.4796875 0.0375 0.0375
0 0.95625 0.3046875 0.0375 0.034375
0 0.534375 0.2109375 0.040625 0.040625
0 0.6484375 0.4125 0.053125 0.04375
0 0.7140625 0.7984375 0.034375 0.0375
0 0.45 0.3703125 0.0375 0.040625
0 0.4828125 0.728125 0.03125 0.028125
0 0.8921875 0.55 0.03125 0.034375
0 0.4734375 0.603125 0.0125 0.028125
0 0.4921875 0.6015625 0.03125 0.034375
0 0.7015625 0.103125 0.03125 0.0375
0 0.8734375 0.8203125 0.034375 0.034375
0 0.5078125 0.415625 0.034375 0.03125
0 0.878125 0.2546875 0.03125 0.040625
0 0.665625 0.1453125 0.034375 0.028125
0 0.8640625 0.5875 0.0375 0.04375
0 0.2078125 0.415625 0.034375 0.034375
0 0.8828125 0.6796875 0.0375 0.034375
0 0.80625 0.29375 0.034375 0.040625
0 0.328125 0.4046875 0.0375 0.034375
0 0.7453125 0.7203125 0.0375 0.034375
0 0.9546875 0.3578125 0.0375 0.03125
0 0.815625 0.5421875 0.034375 0.034375
0 0.4265625 0.5234375 0.03125 0.025
0 0.815625 0.4390625 0.0375 0.040625
0 0.4421875 0.5609375 0.0375 0.034375
0 0.490625 0.6875 0.03125 0.021875
0 0.51875 0.646875 0.03125 0.028125
0 0.8546875 0.8453125 0.034375 0.03125
0 0.5671875 0.209375 0.025 0.03125
0 0.6171875 0.2 0.040625 0.040625
0 0.1453125 0.5609375 0.015625 0.015625
0 0.2125 0.553125 0.034375 0.03125
0 0.946875 0.575 0.021875 0.021875
0 0.6453125 0.0875 0.03125 0.028125
0 0.1328125 0.4171875 0.025 0.028125
0 0.19375 0.2390625 0.028125 0.021875
0 0.9296875 0.2 0.034375 0.040625
0 0.5859375 0.55625 0.021875 0.025
0 0.64375 0.5421875 0.028125 0.025
0 0.7328125 0.3765625 0.0375 0.03125
0 0.3265625 0.40625 0.034375 0.034375
0 0.91875 0.4734375 0.0125 0.025
0 0.43125 0.6859375 0.03125 0.028125
0 0.05 0.5765625 0.021875 0.01875
0 0.1515625 0.209375 0.021875 0.021875
0 0.3234375 0.203125 0.025 0.01875
0 0.6921875 0.203125 0.01875 0.0125
0 0.0921875 0.284375 0.0125 0.0125
0 0.83125 0.5140625 0.025 0.028125
0 0.0421875 0.484375 0.021875 0.0125
