0 0.8671875 0.7734375 0.053125 0.05
0 0.1609375 0.6515625 0.065625 0.06875
0 0.1703125 0.2453125 0.05625 0.053125
0 0.478125 0.8765625 0.059375 0.059375
0 0.19375 0.5859375 0.05625 0.05625
0 0.2109375 0.965625 0.05 0.04375
0 0.6984375 0.50625 0.059375 0.05625
0 0.7796875 0.4859375 0.05 0.053125
0 0.39375 0.6265625 0.0625 0.053125
0 0.99765625 0.790625 0.0046875 0.025
0 0.1359375 0.4515625 0.05 0.053125
0 0.821875 0.434375 0.059375 0.05
0 0.65625 0.5140625 0.05 0.065625
0 0.7296875 0.490625 0.04375 0.0625
0 0.7671875 0.9359375 0.04375 0.046875
0 0.5921875 0.8671875 0.05625 0.040625
0 0.2578125 0.7546875 0.03125 0.028125
0 0.3609375 0.728125 0.040625 0.053125
0 0.3046875 0.3703125 0.040625 0.040625
0 0.4421875 0.5921875 0.0625 0.05625
0 0.6609375 0.9046875 0.053125 0.04375
0 0.3921875 0.7828125 0.04375 0.04375
0 0.215625 0.4265625 0.053125 0.034375
0 0.215625 0.6421875 0.05 0.053125
0 0.5109375 0.18125 0.04375 0.05625
0 0.2578125 0.678125 0.065625 0.059375
0 0.4296875 0.4890625 0.0375 0.028125
0 0.7796875 0.834375 0.046875 0.0375
0 0.33125 0.7984375 0.034375 0.025
0 0.5578125 0.6140625 0.065625 0.053125
0 0.0171875 0.475 0.03125 0.0625
0 0.7796875 0.8328125 0.05 0.0375
0 0.5859375 0.1046875 0.028125 0.03125
0 0.6265625 0.1125 0.053125 0.0625
0 0.73125 0.9046875 0.0375 0.0375
0 0.3234375 0.6765625 0.03125 0.0375
0 0.8359375 0.6015625 0.028125 0.03125
0 0.8640625 0.5265625 0.028125 0.028125
0 0.5234375 0.8875 0.046875 0.053125
0 0.09375 0.1859375 0.05625 0.0375
0 0.9296875 0.553125 0.0375 0.03125
0 0.29375 0.9625 0.04375 0.05625
0 0.328125 0.9609375 0.025 0.021875
0 0.659375 0.35625 0.034375 0.034375
0 0.53125 0.8796875 0.046875 0.046875
0 0.0921875 0.1875 0.059375 0.040625
0 0.51875 0.5703125 0.03125 0.03125
0 0.6015625 0.509375 0.046875 0.05625
0 0.96875 0.6375 0.01875 0.021875
0 0.8609375 0.140625 0.021875 0.03125
0 0.503125 0.71875 0.021875 0.028125
0 0.5625 0.7125 0.025 0.03125
0 0.5875 0.6859375 0.028125 0.021875
0 0.9703125 0.5453125 0.03125 0.028125
0 0.70625 0.3921875 0.025 0.034375
0 0.4328125 0.8234375 0.0375 0.025
0 0.65 0.68125 0.021875 0.021875
