0 0.18125 0.228125 0.040625 0.04375
0 0.5046875 0.68125 0.021875 0.01875
0 0.5421875 0.675 0.046875 0.046875
0 0.315625 0.615625 0.040625 0.0375
0 0.08125 0.3046875 0.0375 0.034375
0 0.409375 0.4109375 0.040625 0.040625
0 0.4625 0.6796875 0.034375 0.040625
0 0.0171875 0.55 0.03125 0.034375
0 0.4546875 0.7578125 0.0375 0.04375
0 0.690625 0.296875 0.03125 0.034375
0 0.628125 0.784375 0.025 0.021875
0 0.6671875 0.7625 0.034375 0.03125
0 0.0078125 0.8203125 0.015625 0.034375
0 0.009375 0.2546875 0.01875 0.040625
0 0.384375 0.36875 0.021875 0.025
0 0.4171875 0.35 0.040625 0.04375
0 0.00390625 0.5875 0.0078125 0.04375
0 0.01328125 0.6796875 0.0265625 0.034375
0 0.171875 0.453125 0.0375 0.025
0 0.5875 0.8078125 0.034375 0.034375
0 0.5578125 0.1828125 0.0375 0.0375
0 0.5640625 0.5328125 0.0375 0.03125
0 0.0796875 0.3578125 0.0375 0.03125
0 0.35625 0.3390625 0.040625 0.034375
0 0.21875 0.7640625 0.034375 0.034375
0 0.071875 0.575 0.021875 0.021875
0 0.15 0.3359375 0.015625 0.015625
0 0.190625 0.334375 0.03125 0.03125
0 0.234375 0.290625 0.028125 0.034375
0 0.3 0.2109375 0.0375 0.040625
0 0.0546875 0.2 0.034375 0.040625
0 0.215625 0.428125 0.03125 0.03125
0 0.3046875 0.253125 0.03125 0.034375
0 0.640625 0.44375 0.034375 0.040625
0 0.584375 0.61875 0.040625 0.040625
0 0.7 0.4984375 0.040625 0.0375
0 0.7 0.5 0.0375 0.0375
0 0.68125 0.7234375 0.03125 0.028125
0 0.85 0.509375 0.025 0.028125
0 0.04375 0.4734375 0.0125 0.025
0 0.209375 0.2296875 0.01875 0.040625
0 0.4828125 0.134375 0.028125 0.021875
0 0.521875 0.171875 0.015625 0.01875
0 0.6953125 0.2734375 0.01875 0.0125
0 0.703125 0.31875 0.028125 0.0125
0 0.73125 0.5453125 0.021875 0.025
0 0.2171875 0.534375 0.03125 0.025
