0 0.725 0.2390625 0.046875 0.046875
0 0.88125 0.075 0.040625 0.04375
0 0.825 0.540625 0.034375 0.03125
0 0.721875 0.646875 0.034375 0.03125
0 0.4046875 0.5328125 0.028125 0.025
0 0.4140625 0.49375 0.034375 0.028125
0 0.5890625 0.4734375 0.034375 0.034375
0 0.51875 0.5765625 0.021875 0.028125
0 0.878125 0.4203125 0.034375 0.03125
0 0.5578125 0.309375 0.03125 0.0375
0 0.85625 0.603125 0.021875 0.015625
0 0.8984375 0.58125 0.0375 0.0375
0 0.3796875 0.33125 0.03125 0.025
0 0.690625 0.1484375 0.040625 0.040625
0 0.4171875 0.6203125 0.03125 0.028125
0 0.384375 0.39375 0.028125 0.025
0 0.3703125 0.5265625 0.03125 0.03125
0 0.965625 0.384375 0.028125 0.034375
0 0.5921875 0.2671875 0.03125 0.034375
0 0.3921875 0.0984375 0.028125 0.028125
0 0.865625 0.58125 0.028125 0.03125
0 0.8 0.0671875 0.034375 0.034375
0 0.5046875 0.2203125 0.03125 0.025
0 0.7359375 0.515625 0.025 0.021875
0 0.8984375 0.5046875 0.021875 0.03125
0 0.7125 0.5109375 0.021875 0.021875
0 0.4171875 0.35 0.021875 0.025
0 0.0171875 0.44375 0.025 0.028125
0 0.2421875 0.44375 0.015625 0.015625
0 0.278125 0.478125 0.0125 0.0125
0 0.021875 0.1734375 0.028125 0.025
0 0.60625 0.4984375 0.028125 0.034375
0 0.4453125 0.546875 0.01875 0.021875
0 0.4796875 0.5328125 0.025 0.01875
0 0.80625 0.5125 0.028125 0.01875
0 0.7625 0.446875 0.028125 0.025
0 0.390625 0.4734375 0.01875 0.015625
0 0.4046875 0.440625 0.015625 0.01875
0 0.56875 0.4140625 0.03125 0.015625
0 0.7609375 0.296875 0.028125 0.025
0 0.0921875 0.3109375 0.034375 0.0375
0 0.9859375 0.5234375 0.028125 0.034375
