0 0.7109375 0.80625 0.03125 0.025
0 0.7140625 0.9171875 0.03125 0.028125
0 0.4125 0.975 0.025 0.03125
0 0.075 0.8265625 0.025 0.025
0 0.0109375 0.990625 0.021875 0.01875
0 0.0671875 0.9484375 0.025 0.028125
0 0.3734375 0.9328125 0.03125 0.028125
0 0.6609375 0.83125 0.03125 0.025
0 0.0328125 0.959375 0.01875 0.025
0 0.3640625 0.965625 0.034375 0.025
0 0.55 0.85 0.025 0.01875
0 0.659375 0.93125 0.021875 0.03125
0 0.7125 0.8890625 0.03125 0.01875
0 0.00234375 0.753125 0.0046875 0.015625
0 0.1578125 0.990625 0.021875 0.01875
