0 0.921875 0.346875 0.04375 0.04375
0 0.9796875 0.3203125 0.040625 0.084375
0 0.7234375 0.6296875 0.05 0.046875
0 0.01328125 0.075 0.0265625 0.04375
0 0.95625 0.615625 0.034375 0.034375
0 0.39375 0.390625 0.025 0.015625
0 0.4234375 0.35 0.0375 0.040625
0 0.321875 0.2765625 0.04375 0.028125
0 0.878125 0.4625 0.053125 0.059375
0 0.61875 0.4875 0.028125 0.03125
0 0.45 0.1921875 0.01875 0.028125
0 0.5171875 0.1703125 0.040625 0.03125
0 0.9328125 0.38125 0.040625 0.034375
0 0.01015625 0.4203125 0.0203125 0.03125
0 0.4140625 0.2734375 0.04375 0.040625
0 0.475 0.1921875 0.028125 0.03125
0 0.0234375 0.58125 0.0375 0.0375
0 0.521875 0.1328125 0.03125 0.034375
0 0.521875 0.615625 0.025 0.021875
0 0.6140625 0.5828125 0.025 0.028125
0 0.4546875 0.4515625 0.025 0.040625
0 0.6515625 0.35625 0.028125 0.034375
0 0.5578125 0.546875 0.015625 0.015625
0 0.5703125 0.5328125 0.021875 0.021875
0 0.328125 0.55 0.03125 0.034375
0 0.6140625 0.6078125 0.028125 0.021875
0 0.3046875 0.0546875 0.028125 0.03125
0 0.8109375 0.6515625 0.015625 0.015625
0 0.721875 0.4765625 0.03125 0.0375
0 0.090625 0.384375 0.028125 0.034375
0 0.1453125 0.6875 0.01875 0.025
0 0.16875 0.690625 0.021875 0.021875
0 0.1828125 0.734375 0.021875 0.01875
0 0.215625 0.6828125 0.034375 0.028125
0 0.2109375 0.734375 0.028125 0.025
0 0.00234375 0.58125 0.0046875 0.03125
0 0.978125 0.5046875 0.015625 0.03125
0 0.99375 0.5125 0.009375 0.040625
0 0.878125 0.4625 0.05625 0.059375
0 0.0234375 0.5046875 0.021875 0.03125
0 0.7703125 0.6015625 0.040625 0.034375
0 0.7859375 0.55 0.034375 0.0375
0 0.5265625 0.1921875 0.021875 0.009375
0 0.575 0.178125 0.034375 0.021875
0 0.240625 0.13125 0.01875 0.015625
0 0.30625 0.0921875 0.028125 0.0375
0 0.3484375 0.6171875 0.01875 0.021875
0 0.40625 0.590625 0.03125 0.021875
0 0.278125 0.753125 0.015625 0.021875
0 0.1109375 0.5234375 0.028125 0.034375
0 0.8234375 0.6421875 0.015625 0.015625
0 0.24375 0.678125 0.0125 0.01875
