0 0.271875 0.51875 0.065625 0.059375
0 0.0078125 0.253125 0.015625 0.09375
0 0.128125 0.03984375 0.1 0.0796875
0 0.2 0.01953125 0.1 0.0390625
0 0.4328125 0.2171875 0.090625 0.084375
0 0.4171875 0.290625 0.09375 0.071875
0 0.215625 0.2421875 0.05625 0.065625
0 0.3578125 0.04375 0.06875 0.078125
0 0.5484375 0.0875 0.09375 0.08125
0 0.721875 0.3140625 0.046875 0.0375
0 0.553125 0.40625 0.05 0.04375
0 0.7484375 0.346875 0.0375 0.046875
0 0.8421875 0.275 0.034375 0.0375
0 0.734375 0.2 0.046875 0.046875
0 0.9296875 0.04375 0.040625 0.034375
0 0.778125 0.390625 0.04375 0.046875
0 0.8265625 0.378125 0.0375 0.040625
