0 0.025 0.5390625 0.05 0.053125
0 0.1671875 0.5875 0.0375 0.021875
0 0.196875 0.55625 0.046875 0.05
0 0.0796875 0.55625 0.059375 0.0625
0 0.075 0.90625 0.0375 0.040625
0 0.2921875 0.915625 0.0375 0.04375
0 0.509375 0.8671875 0.0375 0.0375
0 0.390625 0.95 0.04375 0.040625
0 0.7921875 0.2 0.040625 0.021875
0 0.83125 0.18125 0.025 0.03125
0 0.703125 0.1671875 0.03125 0.0375
0 0.9015625 0.778125 0.053125 0.053125
0 0.7453125 0.115625 0.03125 0.025
0 0.61875 0.3359375 0.034375 0.03125
0 0.2234375 0.6375 0.03125 0.0375
0 0.3578125 0.91875 0.03125 0.03125
0 0.4734375 0.4890625 0.034375 0.03125
0 0.5421875 0.2546875 0.0375 0.034375
0 0.0046875 0.6171875 0.009375 0.034375
0 0.1359375 0.55 0.05 0.046875
0 0.221875 0.7375 0.040625 0.0375
0 0.78125 0.2203125 0.034375 0.01875
0 0.3046875 0.8078125 0.04375 0.0375
0 0.85 0.19375 0.028125 0.03125
0 0.8921875 0.1859375 0.03125 0.034375
0 0.8515625 0.7484375 0.053125 0.059375
0 0.3421875 0.98671875 0.034375 0.0265625
0 0.14375 0.5140625 0.040625 0.040625
0 0.8578125 0.078125 0.021875 0.021875
0 0.8140625 0.2921875 0.034375 0.040625
0 0.73125 0.175 0.025 0.0375
0 0.2953125 0.6703125 0.04375 0.05
0 0.05625 0.86875 0.028125 0.03125
0 0.584375 0.246875 0.04375 0.046875
0 0.48125 0.9359375 0.03125 0.03125
0 0.975 0.2171875 0.040625 0.034375
0 0.290625 0.8609375 0.034375 0.034375
0 0.1015625 0.571875 0.0375 0.0375
0 0.3578125 0.4203125 0.028125 0.021875
0 0.246875 0.6859375 0.040625 0.040625
0 0.2453125 0.6828125 0.04375 0.04375
0 0.534375 0.21875 0.034375 0.05
0 0.39375 0.3484375 0.03125 0.03125
0 0.1453125 0.909375 0.034375 0.028125
0 0.640625 0.0390625 0.025 0.025
0 0.778125 0.115625 0.03125 0.03125
0 0.7921875 0.659375 0.0375 0.028125
0 0.8984375 0.61875 0.034375 0.03125
0 0.990625 0.6875 0.0125 0.05
0 0.384375 0.784375 0.01875 0.0125
0 0.125 0.85625 0.028125 0.01875
0 0.171875 0.8328125 0.025 0.01875
0 0.01015625 0.4359375 0.0203125 0.028125
0 0.2109375 0.8546875 0.021875 0.0125
0 0.2453125 0.8484375 0.025 0.015625
0 0.490625 0.5125 0.0125 0.0375
0 0.1421875 0.6125 0.028125 0.03125
