0 0.81875 0.384375 0.053125 0.059375
0 0.7296875 0.39375 0.05 0.05625
0 0.6 0.865625 0.046875 0.05
0 0.7078125 0.8703125 0.05 0.05
0 0.3828125 0.8796875 0.040625 0.040625
0 0.428125 0.871875 0.05 0.053125
0 0.8796875 0.378125 0.034375 0.046875
0 0.9265625 0.38125 0.053125 0.059375
0 0.6859375 0.403125 0.04375 0.05
0 0.96875 0.378125 0.04375 0.05625
0 0.2859375 0.6109375 0.040625 0.040625
0 0.5765625 0.5203125 0.05 0.0375
0 0.6296875 0.8984375 0.046875 0.05
0 0.065625 0.5375 0.03125 0.034375
0 0.53125 0.5625 0.04375 0.04375
0 0.665625 0.878125 0.03125 0.025
0 0.465625 0.5515625 0.034375 0.034375
0 0.809375 0.815625 0.04375 0.04375
0 0.1546875 0.615625 0.034375 0.03125
0 0.6484375 0.98359375 0.053125 0.0328125
0 0.45625 0.6078125 0.040625 0.028125
0 0.3 0.3453125 0.03125 0.03125
0 0.1515625 0.575 0.03125 0.034375
0 0.5890625 0.75 0.025 0.028125
0 0.1484375 0.2515625 0.01875 0.015625
0 0.1296875 0.4328125 0.01875 0.01875
0 0.1890625 0.4125 0.025 0.015625
0 0.515625 0.5859375 0.028125 0.01875
0 0.1421875 0.303125 0.009375 0.0125
