0 0.075 0.15625 0.0375 0.040625
0 0.2921875 0.165625 0.0375 0.04375
0 0.509375 0.1171875 0.0375 0.0375
0 0.390625 0.2 0.04375 0.040625
0 0.7453125 0.2921875 0.034375 0.034375
0 0.9015625 0.028125 0.053125 0.053125
0 0.3578125 0.16875 0.03125 0.03125
0 0.7 0.3578125 0.0375 0.028125
0 0.3671875 0.3875 0.028125 0.03125
0 0.221875 0.003125 0.040625 0.00625
0 0.3046875 0.0578125 0.04375 0.0375
0 0.8515625 0.0140625 0.053125 0.028125
0 0.3421875 0.2421875 0.034375 0.0375
0 0.05625 0.11875 0.028125 0.03125
0 0.578125 0.3015625 0.028125 0.021875
0 0.48125 0.1859375 0.03125 0.03125
0 0.784375 0.265625 0.034375 0.034375
0 0.290625 0.1109375 0.034375 0.034375
0 0.1453125 0.159375 0.034375 0.028125
0 0.396875 0.3859375 0.021875 0.025
0 0.3859375 0.315625 0.034375 0.021875
0 0.75 0.35 0.03125 0.025
0 0.778125 0.3203125 0.034375 0.028125
0 0.384375 0.034375 0.01875 0.0125
0 0.125 0.10625 0.028125 0.01875
0 0.171875 0.0828125 0.025 0.01875
0 0.2109375 0.1046875 0.021875 0.0125
0 0.2453125 0.0984375 0.025 0.015625
