0 0.865625 0.8609375 0.084375 0.075
0 0.8265625 0.3671875 0.071875 0.075
0 0.7375 0.7078125 0.05625 0.0625
0 0.8265625 0.7015625 0.065625 0.059375
0 0.1109375 0.359375 0.028125 0.028125
0 0.184375 0.346875 0.0375 0.028125
0 0.040625 0.309375 0.028125 0.028125
0 0.14375 0.2859375 0.05 0.0375
0 0.2703125 0.328125 0.03125 0.028125
0 0.153125 0.0375 0.034375 0.034375
0 0.1984375 0.0140625 0.0375 0.028125
0 0.496875 0.3234375 0.028125 0.028125
0 0.5859375 0.6609375 0.053125 0.046875
0 0.0921875 0.2890625 0.021875 0.028125
0 0.140625 0.3609375 0.025 0.025
0 0.1140625 0.3125 0.028125 0.028125
0 0.4734375 0.1609375 0.071875 0.059375
