0 0.6390625 0.6375 0.046875 0.046875
0 0.365625 0.071875 0.040625 0.053125
0 0.4359375 0.265625 0.04375 0.053125
0 0.1203125 0.55625 0.04375 0.05
0 0.421875 0.7515625 0.040625 0.04375
0 0.484375 0.190625 0.046875 0.0375
0 0.75 0.53125 0.040625 0.046875
0 0.4015625 0.19375 0.03125 0.0375
0 0.4796875 0.3546875 0.03125 0.034375
0 0.93125 0.5140625 0.025 0.025
0 0.615625 0.4390625 0.034375 0.034375
0 0.8265625 0.1109375 0.025 0.021875
0 0.49375 0.715625 0.046875 0.04375
0 0.965625 0.3625 0.028125 0.034375
0 0.4203125 0.403125 0.046875 0.040625
0 0.7421875 0.4265625 0.040625 0.034375
0 0.01640625 0.8046875 0.0328125 0.03125
