0 0.8671875 0.02421875 0.053125 0.0484375
0 0.478125 0.1265625 0.059375 0.059375
0 0.2109375 0.215625 0.05 0.04375
0 0.99765625 0.040625 0.0046875 0.025
0 0.7671875 0.1859375 0.04375 0.046875
0 0.5921875 0.1171875 0.05625 0.040625
0 0.2578125 0.009375 0.03125 0.01875
0 0.3609375 0.00234375 0.040625 0.0046875
0 0.6609375 0.1546875 0.053125 0.04375
0 0.3921875 0.0328125 0.04375 0.04375
0 0.7796875 0.084375 0.046875 0.0375
0 0.33125 0.0484375 0.034375 0.025
0 0.7796875 0.0828125 0.05 0.0375
0 0.73125 0.1546875 0.0375 0.0375
0 0.5234375 0.1375 0.046875 0.053125
0 0.29375 0.2125 0.04375 0.05625
0 0.328125 0.2109375 0.025 0.021875
0 0.53125 0.1296875 0.046875 0.046875
0 0.4328125 0.0734375 0.0375 0.025
