0 0.2109375 0.31875 0.03125 0.03125
0 0.0453125 0.4796875 0.04375 0.0375
0 0.9234375 0.171875 0.028125 0.025
0 0.08125 0.3203125 0.021875 0.021875
0 0.5484375 0.2453125 0.028125 0.03125
0 0.2390625 0.6078125 0.0375 0.040625
0 0.3609375 0.3546875 0.03125 0.025
0 0.3421875 0.5828125 0.0375 0.0375
0 0.6421875 0.4015625 0.040625 0.03125
0 0.35 0.2484375 0.034375 0.025
0 0.1421875 0.4859375 0.040625 0.034375
0 0.4828125 0.6328125 0.0375 0.0375
0 0.5984375 0.4421875 0.040625 0.04375
0 0.578125 0.7171875 0.03125 0.028125
0 0.2296875 0.6921875 0.034375 0.03125
0 0.3015625 0.7015625 0.0375 0.040625
0 0.85 0.4234375 0.025 0.021875
0 0.7140625 0.084375 0.034375 0.025
0 0.4921875 0.7625 0.025 0.028125
0 0.3296875 0.771875 0.01875 0.01875
0 0.35 0.759375 0.028125 0.028125
0 0.2609375 0.675 0.025 0.028125
0 0.9109375 0.3109375 0.0375 0.034375
0 0.3703125 0.771875 0.021875 0.015625
0 0.19375 0.6578125 0.025 0.025
0 0.4921875 0.8125 0.034375 0.034375
0 0.378125 0.3265625 0.025 0.028125
0 0.86875 0.2125 0.028125 0.03125
0 0.5984375 0.9609375 0.015625 0.01875
0 0.99453125 0.7609375 0.0109375 0.0125
0 0.878125 0.3203125 0.01875 0.01875
0 0.6453125 0.309375 0.028125 0.028125
0 0.3453125 0.225 0.025 0.015625
0 0.1375 0.615625 0.01875 0.0125
0 0.0421875 0.5890625 0.015625 0.009375
0 0.059375 0.5875 0.0125 0.0125
0 0.2484375 0.803125 0.021875 0.01875
0 0.296875 0.7640625 0.01875 0.015625
0 0.5234375 0.8171875 0.0125 0.0125
