0 0.5828125 0.425 0.05 0.059375
0 0.0484375 0.6703125 0.040625 0.040625
0 0.365625 0.4765625 0.04375 0.05
0 0.1625 0.4765625 0.04375 0.04375
0 0.2203125 0.5734375 0.04375 0.040625
0 0.1421875 0.3234375 0.040625 0.0375
0 0.0328125 0.2953125 0.04375 0.04375
0 0.171875 0.696875 0.025 0.03125
0 0.040625 0.3703125 0.028125 0.028125
0 0.30625 0.49375 0.025 0.028125
0 0.290625 0.6328125 0.025 0.028125
0 0.1046875 0.7265625 0.025 0.025
0 0.1390625 0.696875 0.028125 0.03125
0 0.51875 0.7 0.040625 0.03125
0 0.1171875 0.6890625 0.03125 0.034375
0 0.1078125 0.484375 0.025 0.04375
0 0.553125 0.74375 0.021875 0.025
0 0.259375 0.5234375 0.025 0.021875
0 0.0765625 0.3921875 0.021875 0.01875
0 0.103125 0.371875 0.040625 0.03125
0 0.0828125 0.3546875 0.025 0.015625
0 0.7875 0.359375 0.009375 0.009375
0 0.99375 0.321875 0.009375 0.009375
0 0.9921875 0.36875 0.009375 0.009375
0 0.96875 0.4796875 0.009375 0.009375
0 0.7765625 0.6125 0.025 0.025
0 0.2390625 0.5953125 0.025 0.028125
0 0.278125 0.728125 0.021875 0.009375
0 0.225 0.6359375 0.015625 0.009375
