0 0.525 0.6015625 0.05 0.053125
0 0.3953125 0.5546875 0.05625 0.05625
0 0.2875 0.6328125 0.04375 0.040625
0 0.5859375 0.990625 0.034375 0.01875
0 0.0921875 0.4875 0.053125 0.053125
0 0.0515625 0.6203125 0.046875 0.046875
0 0.4015625 0.9609375 0.046875 0.04375
0 0.2953125 0.73125 0.0375 0.040625
0 0.4359375 0.6 0.040625 0.04375
0 0.1625 0.3625 0.046875 0.05
0 0.3609375 0.59375 0.0375 0.040625
0 0.396875 0.615625 0.04375 0.04375
0 0.38125 0.7234375 0.034375 0.03125
0 0.134375 0.7421875 0.0375 0.03125
0 0.265625 0.5375 0.04375 0.04375
0 0.0515625 0.49375 0.03125 0.03125
0 0.1890625 0.6859375 0.0375 0.0375
0 0.00390625 0.190625 0.0078125 0.0375
0 0.2015625 0.409375 0.021875 0.015625
0 0.203125 0.3734375 0.034375 0.05
0 0.075 0.784375 0.028125 0.03125
0 0.3359375 0.73125 0.034375 0.03125
0 0.4671875 0.534375 0.040625 0.034375
0 0.6359375 0.8578125 0.040625 0.04375
0 0.490625 0.878125 0.034375 0.03125
0 0.5 0.5125 0.046875 0.05
0 0.1671875 0.8015625 0.034375 0.034375
0 0.0578125 0.8828125 0.028125 0.03125
0 0.0625 0.846875 0.0375 0.034375
0 0.1265625 0.1734375 0.034375 0.028125
0 0.1609375 0.203125 0.03125 0.025
0 0.00703125 0.1546875 0.0140625 0.040625
0 0.09375 0.8796875 0.028125 0.028125
0 0.121875 0.878125 0.03125 0.0375
0 0.834375 0.6734375 0.040625 0.03125
0 0.8734375 0.65 0.01875 0.015625
0 0.475 0.9390625 0.0375 0.021875
0 0.0390625 0.3921875 0.01875 0.01875
