0 0.9234375 0.6703125 0.040625 0.040625
0 0.8578125 0.6953125 0.0375 0.0375
0 0.859375 0.646875 0.034375 0.03125
0 0.33125 0.6078125 0.0375 0.04375
0 0.778125 0.6984375 0.034375 0.04375
0 0.425 0.403125 0.04375 0.071875
0 0.3859375 0.7296875 0.0375 0.028125
0 0.9984375 0.3234375 0.003125 0.0375
0 0.9078125 0.2953125 0.04375 0.04375
0 0.2921875 0.2890625 0.03125 0.0375
0 0.515625 0.6375 0.03125 0.021875
0 0.6609375 0.6796875 0.0375 0.03125
0 0.8109375 0.715625 0.025 0.028125
0 0.828125 0.7078125 0.025 0.028125
0 0.540625 0.2265625 0.04375 0.053125
0 0.915625 0.3703125 0.028125 0.028125
0 0.7328125 0.571875 0.028125 0.025
0 0.9796875 0.7265625 0.025 0.025
0 0.68125 0.484375 0.025 0.03125
0 0.98828125 0.6890625 0.0234375 0.034375
0 0.0453125 0.5109375 0.028125 0.021875
0 0.5546875 0.4515625 0.03125 0.053125
0 0.0046875 0.5515625 0.009375 0.01875
0 0.0375 0.5421875 0.028125 0.025
0 0.7921875 0.671875 0.03125 0.025
0 0.9828125 0.484375 0.025 0.04375
0 0.496875 0.7296875 0.028125 0.025
0 0.028125 0.453125 0.03125 0.03125
0 0.9515625 0.3921875 0.021875 0.01875
0 0.978125 0.371875 0.040625 0.03125
0 0.809375 0.3296875 0.046875 0.04375
0 0.6359375 0.615625 0.01875 0.0125
0 0.021875 0.2171875 0.025 0.01875
0 0.0296875 0.328125 0.021875 0.01875
0 0.1375 0.3234375 0.015625 0.01875
0 0.1203125 0.371875 0.01875 0.01875
0 0.15 0.4109375 0.015625 0.015625
0 0.171875 0.3875 0.021875 0.0125
0 0.1265625 0.484375 0.021875 0.01875
0 0.9578125 0.3546875 0.025 0.015625
0 0.7703125 0.209375 0.034375 0.0375
0 0.8015625 0.13125 0.015625 0.021875
0 0.446875 0.3109375 0.03125 0.025
0 0.4640625 0.346875 0.025 0.028125
0 0.60625 0.3859375 0.01875 0.015625
0 0.6859375 0.565625 0.034375 0.0375
0 0.7390625 0.490625 0.0375 0.03125
0 0.5328125 0.63125 0.015625 0.01875
0 0.4765625 0.45625 0.0125 0.015625
