0 0.5140625 0.4046875 0.015625 0.015625
0 0.55 0.390625 0.059375 0.053125
0 0.8984375 0.5390625 0.053125 0.053125
0 0.6234375 0.3671875 0.071875 0.06875
0 0.6125 0.878125 0.040625 0.040625
0 0.9546875 0.55625 0.059375 0.0625
0 0.95 0.90625 0.0375 0.040625
0 0.60625 0.4671875 0.053125 0.05
0 0.6125 0.421875 0.059375 0.05
0 0.834375 0.4515625 0.040625 0.05
0 0.4140625 0.31875 0.046875 0.05
0 0.8703125 0.6171875 0.028125 0.034375
0 0.99296875 0.55 0.0140625 0.046875
0 0.228125 0.66875 0.04375 0.05
0 0.084375 0.121875 0.05 0.046875
0 0.35625 0.5703125 0.046875 0.046875
0 0.6109375 0.928125 0.03125 0.03125
0 0.4765625 0.775 0.03125 0.03125
0 0.309375 0.796875 0.0375 0.040625
0 0.565625 0.446875 0.0375 0.0375
0 0.93125 0.86875 0.028125 0.03125
0 0.2140625 0.3859375 0.025 0.03125
0 0.253125 0.3765625 0.04375 0.059375
0 0.9765625 0.571875 0.0375 0.0375
0 0.0171875 0.55625 0.03125 0.034375
0 0.678125 0.4625 0.0375 0.028125
0 0.99296875 0.85625 0.0140625 0.01875
0 0.4859375 0.875 0.040625 0.0375
0 0.359375 0.746875 0.046875 0.028125
0 0.3234375 0.5640625 0.028125 0.028125
0 0.36875 0.45625 0.025 0.021875
0 0.3609375 0.5296875 0.025 0.025
0 0.30625 0.4828125 0.028125 0.028125
0 0.096875 0.4296875 0.0125 0.015625
0 0.109375 0.44375 0.009375 0.015625
0 0.1515625 0.4078125 0.028125 0.021875
0 0.3078125 0.0171875 0.0375 0.034375
0 0.178125 0.0921875 0.028125 0.021875
0 0.440625 0.4046875 0.028125 0.025
0 0.534375 0.7390625 0.034375 0.021875
0 0.646875 0.671875 0.0375 0.0375
0 0.5421875 0.6890625 0.034375 0.021875
0 0.878125 0.4359375 0.034375 0.028125
0 0.7578125 0.3546875 0.025 0.028125
0 0.3 0.609375 0.025 0.021875
