0 0.2640625 0.496875 0.046875 0.04375
0 0.565625 0.4765625 0.040625 0.03125
0 0.240625 0.78125 0.04375 0.040625
0 0.3703125 0.6890625 0.040625 0.034375
0 0.171875 0.6046875 0.0375 0.034375
0 0.6234375 0.2984375 0.0375 0.034375
0 0.403125 0.45625 0.0375 0.034375
0 0.7109375 0.05625 0.03125 0.025
0 0.46875 0.63125 0.0375 0.040625
0 0.7140625 0.1671875 0.03125 0.028125
0 0.7375 0.559375 0.04375 0.04375
0 0.4125 0.225 0.025 0.03125
0 0.6015625 0.759375 0.028125 0.025
0 0.075 0.0765625 0.025 0.025
0 0.0109375 0.2453125 0.021875 0.028125
0 0.4328125 0.6109375 0.03125 0.034375
0 0.23125 0.6421875 0.028125 0.03125
0 0.1875 0.4984375 0.040625 0.040625
0 0.478125 0.4296875 0.034375 0.03125
0 0.0671875 0.1984375 0.025 0.028125
0 0.3734375 0.1828125 0.03125 0.028125
0 0.6609375 0.08125 0.03125 0.025
0 0.625 0.496875 0.03125 0.03125
0 0.146875 0.4796875 0.03125 0.034375
0 0.68125 0.7546875 0.0375 0.034375
0 0.73125 0.7578125 0.034375 0.03125
0 0.209375 0.60625 0.028125 0.028125
0 0.7140625 0.6109375 0.0375 0.040625
0 0.496875 0.778125 0.028125 0.025
0 0.0328125 0.209375 0.01875 0.025
0 0.971875 0.4046875 0.01875 0.01875
0 0.0296875 0.45625 0.034375 0.034375
0 0.7640625 0.7203125 0.028125 0.021875
0 0.1875 0.4984375 0.0375 0.0375
0 0.3640625 0.215625 0.034375 0.025
0 0.55 0.1 0.025 0.01875
0 0.659375 0.18125 0.021875 0.03125
0 0.7125 0.1390625 0.03125 0.01875
0 0.9703125 0.6953125 0.01875 0.01875
0 0.590625 0.440625 0.025 0.025
0 0.38125 0.4828125 0.03125 0.025
0 0.54375 0.6625 0.0125 0.0125
0 0.509375 0.578125 0.0125 0.015625
0 0.715625 0.6546875 0.025 0.028125
0 0.778125 0.63125 0.01875 0.015625
0 0.73125 0.4125 0.0125 0.0125
0 0.8015625 0.3953125 0.0125 0.01875
0 0.815625 0.4296875 0.0125 0.01875
0 0.7375 0.4984375 0.03125 0.021875
0 0.1578125 0.2421875 0.021875 0.021875
0 0.3109375 0.6859375 0.040625 0.0375
