0 0.703125 0.884375 0.034375 0.028125
0 0.7828125 0.8234375 0.03125 0.03125
0 0.7515625 0.98203125 0.0375 0.0359375
0 0.6203125 0.7671875 0.034375 0.03125
0 0.6765625 0.8421875 0.034375 0.03125
0 0.95 0.8265625 0.025 0.025
0 0.8828125 0.990625 0.028125 0.01875
0 0.9421875 0.9484375 0.025 0.028125
0 0.9078125 0.959375 0.01875 0.025
0 0.75 0.98203125 0.0375 0.0359375
0 0.71875 0.86875 0.028125 0.025
0 0.6375 0.953125 0.015625 0.0125
0 0.453125 0.8703125 0.01875 0.009375
0 0.871875 0.753125 0.015625 0.015625
