0 0.7921875 0.95 0.040625 0.021875
0 0.83125 0.93125 0.025 0.03125
0 0.703125 0.9171875 0.03125 0.0375
0 0.7453125 0.865625 0.03125 0.025
0 0.5421875 0.99375 0.0375 0.0125
0 0.78125 0.9703125 0.034375 0.01875
0 0.85 0.94375 0.028125 0.03125
0 0.8921875 0.9359375 0.03125 0.034375
0 0.2484375 0.7109375 0.040625 0.04375
0 0.8578125 0.828125 0.021875 0.021875
0 0.73125 0.925 0.025 0.0375
0 0.584375 0.98671875 0.04375 0.0265625
0 0.975 0.9671875 0.040625 0.034375
0 0.534375 0.96875 0.034375 0.05
0 0.640625 0.7890625 0.025 0.025
0 0.778125 0.865625 0.03125 0.03125
