0 0.578125 0.4140625 0.028125 0.03125
0 0.703125 0.134375 0.034375 0.028125
0 0.8265625 0.8015625 0.034375 0.034375
0 0.7828125 0.0734375 0.03125 0.03125
0 0.3265625 0.475 0.03125 0.03125
0 0.25 0.6171875 0.03125 0.0125
0 0.259375 0.5984375 0.03125 0.025
0 0.7515625 0.634375 0.0375 0.034375
0 0.7515625 0.2328125 0.0375 0.0375
0 0.6203125 0.0171875 0.034375 0.03125
0 0.6765625 0.0921875 0.034375 0.03125
0 0.709375 0.36875 0.034375 0.03125
0 0.95 0.0765625 0.025 0.025
0 0.378125 0.5234375 0.025 0.021875
0 0.8828125 0.2453125 0.028125 0.028125
0 0.51875 0.803125 0.03125 0.025
0 0.253125 0.384375 0.034375 0.03125
0 0.9421875 0.1984375 0.025 0.028125
0 0.4625 0.6015625 0.025 0.028125
0 0.215625 0.396875 0.03125 0.028125
0 0.653125 0.6875 0.03125 0.028125
0 0.578125 0.553125 0.028125 0.01875
0 0.29375 0.390625 0.028125 0.03125
0 0.3 0.565625 0.03125 0.028125
0 0.4 0.7515625 0.028125 0.028125
0 0.9078125 0.209375 0.01875 0.025
0 0.4125 0.5140625 0.021875 0.021875
0 0.2140625 0.5953125 0.028125 0.021875
0 0.9046875 0.45625 0.034375 0.034375
0 0.34375 0.55 0.025 0.021875
0 0.75 0.2328125 0.0375 0.0375
0 0.153125 0.3859375 0.028125 0.028125
0 0.3421875 0.6234375 0.028125 0.021875
0 0.45 0.490625 0.015625 0.021875
0 0.4796875 0.50625 0.021875 0.0125
0 0.4734375 0.4890625 0.025 0.01875
0 0.2921875 0.4375 0.021875 0.028125
0 0.240625 0.45 0.01875 0.021875
0 0.2375 0.571875 0.025 0.0125
0 0.4703125 0.6671875 0.021875 0.021875
0 0.5234375 0.725 0.021875 0.015625
0 0.7203125 0.4609375 0.025 0.021875
0 0.709375 0.421875 0.025 0.025
0 0.6640625 0.4109375 0.028125 0.01875
0 0.71875 0.11875 0.028125 0.025
0 0.6375 0.203125 0.015625 0.0125
0 0.453125 0.1203125 0.01875 0.009375
0 0.871875 0.00546875 0.015625 0.0109375
0 0.4890625 0.515625 0.0125 0.025
