0 0.009375 0.7734375 0.01875 0.05
0 0.13125 0.790625 0.021875 0.025
0 0.23125 0.7609375 0.046875 0.05625
0 0.81875 0.934375 0.05625 0.05
0 0.4625 0.246875 0.059375 0.06875
0 0.3375 0.6140625 0.04375 0.05
0 0.640625 0.875 0.0375 0.04375
0 0.8 0.434375 0.046875 0.046875
0 0.7234375 0.75625 0.034375 0.034375
0 0.8453125 0.9703125 0.025 0.03125
0 0.9578125 0.953125 0.040625 0.0375
0 0.6015625 0.9109375 0.028125 0.03125
0 0.9671875 0.69375 0.053125 0.04375
0 0.9890625 0.8984375 0.021875 0.0375
0 0.390625 0.98125 0.040625 0.0375
0 0.384375 0.4296875 0.04375 0.040625
0 0.728125 0.3921875 0.0375 0.040625
0 0.0015625 0.5265625 0.003125 0.028125
0 0.2796875 0.628125 0.034375 0.04375
0 0.5125 0.8640625 0.03125 0.028125
0 0.9140625 0.925 0.040625 0.034375
0 0.2703125 0.4109375 0.028125 0.0375
0 0.0546875 0.553125 0.0375 0.03125
0 0.5375 0.8140625 0.021875 0.025
0 0.571875 0.8046875 0.034375 0.040625
0 0.4921875 0.6453125 0.034375 0.034375
0 0.803125 0.3078125 0.04375 0.040625
0 0.2859375 0.6265625 0.040625 0.04375
0 0.4390625 0.4203125 0.04375 0.04375
0 0.6078125 0.4375 0.034375 0.03125
0 0.09375 0.6375 0.01875 0.021875
0 0.878125 0.425 0.028125 0.028125
0 0.8515625 0.5109375 0.03125 0.03125
0 0.0953125 0.5453125 0.03125 0.028125
0 0.9046875 0.621875 0.021875 0.025
0 0.465625 0.75 0.021875 0.01875
0 0.9140625 0.5546875 0.0375 0.03125
0 0.5640625 0.4203125 0.025 0.01875
