0 0.6515625 0.159375 0.053125 0.05
0 0.3796875 0.1453125 0.053125 0.05
0 0.471875 0.1046875 0.053125 0.0625
0 0.5015625 0.1359375 0.028125 0.046875
0 0.540625 0.140625 0.04375 0.04375
0 0.1765625 0.04375 0.03125 0.04375
0 0.2640625 0.2109375 0.046875 0.0375
0 0.33125 0.06875 0.04375 0.053125
0 0.265625 0.0140625 0.034375 0.025
0 0.3 0.2 0.021875 0.028125
0 0.3328125 0.109375 0.040625 0.021875
0 0.5 0.01171875 0.021875 0.0234375
0 0.621875 0.0125 0.028125 0.025
0 0.8109375 0.0546875 0.025 0.040625
