0 0.4328125 0.775 0.05625 0.059375
0 0.0921875 0.7765625 0.05625 0.05625
0 0.203125 0.1671875 0.0375 0.0375
0 0.0734375 0.646875 0.034375 0.0375
0 0.2421875 0.1625 0.040625 0.04375
0 0.3546875 0.2546875 0.034375 0.04375
0 0.0390625 0.7359375 0.040625 0.05
0 0.3171875 0.1953125 0.040625 0.0375
0 0.6984375 0.5375 0.0375 0.03125
0 0.615625 0.66875 0.034375 0.04375
0 0.115625 0.1828125 0.034375 0.0375
0 0.465625 0.3453125 0.040625 0.028125
0 0.9875 0.6828125 0.025 0.0375
0 0.5390625 0.2140625 0.05625 0.05
0 0.340625 0.6015625 0.034375 0.046875
0 0.00546875 0.5828125 0.0109375 0.040625
0 0.80625 0.7328125 0.0375 0.04375
0 0.540625 0.2140625 0.05625 0.053125
0 0.159375 0.184375 0.05 0.05
0 0.403125 0.5609375 0.04375 0.05
0 0.0984375 0.98046875 0.034375 0.0390625
0 0.365625 0.4625 0.03125 0.040625
0 0.1609375 0.1828125 0.05 0.046875
0 0.6609375 0.465625 0.0375 0.040625
0 0.31875 0.290625 0.040625 0.046875
0 0.9734375 0.45 0.04375 0.046875
0 0.19375 0.4 0.040625 0.084375
0 0.0875 0.2296875 0.0375 0.034375
0 0.4921875 0.33125 0.0375 0.0375
0 0.8875 0.4359375 0.021875 0.021875
0 0.925 0.4390625 0.040625 0.028125
0 0.9375 0.48125 0.034375 0.03125
0 0.0578125 0.94375 0.0375 0.034375
0 0.0703125 0.903125 0.025 0.028125
0 0.090625 0.875 0.028125 0.03125
0 0.13125 0.8640625 0.034375 0.05
0 0.7765625 0.8125 0.028125 0.021875
0 0.7109375 0.775 0.0375 0.028125
0 0.84375 0.740625 0.025 0.025
0 0.8859375 0.6203125 0.03125 0.028125
0 0.6265625 0.60625 0.021875 0.01875
0 0.4625 0.5625 0.0375 0.025
