0 0.99453125 0.7546875 0.0109375 0.034375
0 0.2875 0.6953125 0.040625 0.034375
0 0.3828125 0.48125 0.040625 0.0375
0 0.38125 0.25 0.05 0.040625
0 0.3890625 0.0421875 0.04375 0.04375
0 0.971875 0.2203125 0.053125 0.04375
0 0.4796875 0.671875 0.0375 0.028125
0 0.725 0.434375 0.04375 0.04375
0 0.2265625 0.409375 0.0375 0.034375
0 0.2703125 0.5171875 0.040625 0.034375
0 0.8015625 0.54375 0.03125 0.0375
0 0.8625 0.3 0.034375 0.040625
0 0.353125 0.371875 0.040625 0.040625
0 0.6296875 0.7953125 0.034375 0.0375
0 0.3984375 0.603125 0.040625 0.034375
0 0.109375 0.5640625 0.028125 0.025
0 0.4109375 0.415625 0.0375 0.03125
0 0.7265625 0.540625 0.0375 0.03125
0 0.3953125 0.7296875 0.03125 0.028125
0 0.771875 0.8375 0.03125 0.03125
0 0.1015625 0.41875 0.0375 0.034375
0 0.5546875 0.4109375 0.05625 0.046875
0 0.334375 0.6921875 0.0375 0.028125
0 0.7953125 0.671875 0.0375 0.0375
0 0.35 0.5640625 0.034375 0.034375
0 0.709375 0.2890625 0.034375 0.040625
0 0.7921875 0.815625 0.034375 0.0375
0 0.7765625 0.5828125 0.046875 0.046875
0 0.434375 0.20625 0.05 0.046875
0 0.659375 0.7171875 0.04375 0.03125
0 0.784375 0.2515625 0.034375 0.040625
0 0.3984375 0.6890625 0.03125 0.025
0 0.4296875 0.6484375 0.034375 0.03125
0 0.9765625 0.3234375 0.040625 0.028125
0 0.9984375 0.2828125 0.003125 0.034375
0 0.99375 0.4203125 0.0125 0.028125
0 0.95625 0.4484375 0.03125 0.021875
0 0.56875 0.1421875 0.034375 0.028125
0 0.8625 0.3546875 0.0375 0.034375
0 0.084375 0.2375 0.028125 0.025
0 0.525 0.1984375 0.034375 0.04375
0 0.5453125 0.0828125 0.034375 0.028125
0 0.3296875 0.525 0.0375 0.025
0 0.603125 0.0984375 0.03125 0.0375
0 0.434375 0.3609375 0.03125 0.034375
0 0.8265625 0.19375 0.05625 0.04375
0 0.04375 0.203125 0.028125 0.025
0 0.7453125 0.5015625 0.021875 0.025
0 0.6390625 0.375 0.028125 0.025
0 0.8625 0.5703125 0.015625 0.025
0 0.83125 0.46875 0.021875 0.01875
0 0.0421875 0.5671875 0.01875 0.015625
0 0.5953125 0.2 0.021875 0.0125
0 0.490625 0.5578125 0.021875 0.025
0 0.2296875 0.2 0.025 0.021875
0 0.025 0.425 0.015625 0.0125
