0 0.0515625 0.81875 0.0375 0.034375
0 0.7140625 0.4203125 0.040625 0.04375
0 0.4859375 0.8515625 0.034375 0.03125
0 0.4203125 0.35625 0.040625 0.04375
0 0.225 0.5609375 0.040625 0.0375
0 0.278125 0.640625 0.04375 0.040625
0 0.2875 0.5046875 0.0375 0.04375
0 0.76875 0.6796875 0.03125 0.025
0 0.1796875 0.1890625 0.040625 0.04375
0 0.68125 0.865625 0.03125 0.028125
0 0.7734375 0.6 0.03125 0.025
0 0.734375 0.675 0.028125 0.025
0 0.4609375 0.39375 0.040625 0.0375
0 0.4265625 0.8734375 0.0375 0.040625
0 0.9734375 0.3640625 0.01875 0.01875
0 0.459375 0.534375 0.028125 0.03125
0 0.290625 0.2109375 0.0375 0.028125
0 0.828125 0.2109375 0.025 0.01875
0 0.084375 0.6359375 0.03125 0.021875
0 0.1703125 0.08125 0.028125 0.021875
0 0.3078125 0.596875 0.040625 0.040625
0 0.26875 0.590625 0.028125 0.034375
0 0.053125 0.571875 0.025 0.034375
0 0.9640625 0.646875 0.01875 0.01875
0 0.765625 0.565625 0.025 0.025
0 0.81875 0.5921875 0.021875 0.01875
0 0.0890625 0.4203125 0.025 0.028125
0 0.009375 0.640625 0.01875 0.021875
0 0.00625 0.8578125 0.0125 0.025
0 0.9375 0.228125 0.021875 0.01875
0 0.9734375 0.5 0.021875 0.021875
0 0.9390625 0.5875 0.025 0.021875
0 0.1046875 0.5125 0.015625 0.01875
0 0.253125 0.2734375 0.0125 0.01875
0 0.109375 0.271875 0.01875 0.034375
0 0.58125 0.1671875 0.015625 0.028125
0 0.009375 0.05625 0.01875 0.015625
0 0.0546875 0.6640625 0.025 0.025
0 0.2453125 0.615625 0.0125 0.0125
0 0.6296875 0.85625 0.028125 0.025
0 0.6890625 0.7203125 0.03125 0.028125
0 0.8328125 0.5703125 0.025 0.01875
0 0.8625 0.578125 0.01875 0.0125
0 0.95 0.6296875 0.015625 0.015625
0 0.7625 0.7390625 0.021875 0.0125
0 0.478125 0.440625 0.01875 0.025
0 0.4859375 0.5203125 0.028125 0.021875
0 0.459375 0.5109375 0.021875 0.015625
0 0.4875 0.2859375 0.034375 0.025
0 0.6359375 0.271875 0.025 0.021875
0 0.10625 0.64375 0.01875 0.0125
0 0.1171875 0.79375 0.015625 0.01875
0 0.115625 0.43125 0.021875 0.015625
0 0.215625 0.3859375 0.009375 0.034375
