0 0.5328125 0.721875 0.046875 0.046875
0 0.6796875 0.4875 0.04375 0.04375
0 0.9265625 0.503125 0.04375 0.040625
0 0.796875 0.7890625 0.040625 0.034375
0 0.35 0.459375 0.046875 0.046875
0 0.4484375 0.8609375 0.046875 0.04375
0 0.5875 0.8234375 0.028125 0.0375
0 0.884375 0.24375 0.05 0.046875
0 0.659375 0.5625 0.0375 0.040625
0 0.609375 0.3828125 0.0375 0.040625
0 0.91875 0.4015625 0.059375 0.059375
0 0.9703125 0.4796875 0.04375 0.028125
0 0.978125 0.4125 0.04375 0.046875
0 0.8140625 0.21875 0.04375 0.040625
0 0.790625 0.565625 0.028125 0.03125
0 0.1828125 0.2984375 0.028125 0.028125
0 0.3421875 0.8375 0.040625 0.04375
0 0.228125 0.6234375 0.0375 0.034375
0 0.91875 0.234375 0.025 0.021875
0 0.4625 0.66875 0.046875 0.05
0 0.59375 0.628125 0.059375 0.05
0 0.5296875 0.415625 0.0375 0.028125
0 0.375 0.7890625 0.040625 0.04375
0 0.65 0.71875 0.028125 0.025
0 0.6359375 0.9609375 0.03125 0.034375
0 0.5203125 0.5203125 0.040625 0.04375
0 0.2125 0.328125 0.028125 0.025
0 0.734375 0.6203125 0.03125 0.034375
0 0.0109375 0.2625 0.01875 0.025
0 0.0484375 0.284375 0.0375 0.0125
0 0.034375 0.2265625 0.03125 0.025
0 0.78125 0.715625 0.025 0.03125
0 0.709375 0.575 0.034375 0.03125
0 0.784375 0.7125 0.03125 0.03125
0 0.0296875 0.5 0.01875 0.025
0 0.0046875 0.4265625 0.009375 0.028125
0 0.23125 0.3171875 0.01875 0.025
0 0.3234375 0.640625 0.04375 0.034375
