0 0.5203125 0.29375 0.053125 0.059375
0 0.1703125 0.0453125 0.05 0.053125
0 0.4421875 0.325 0.046875 0.05
0 0.409375 0.4140625 0.05 0.05
0 0.0546875 0.165625 0.025 0.03125
0 0.103125 0.51875 0.046875 0.04375
0 0.078125 0.634375 0.03125 0.05625
0 0.00703125 0.1671875 0.0140625 0.03125
0 0.1609375 0.2640625 0.065625 0.065625
0 0.596875 0.084375 0.0375 0.025
0 0.1125 0.6375 0.034375 0.04375
0 0.1703125 0.6328125 0.034375 0.04375
0 0.0484375 0.3734375 0.028125 0.034375
0 0.1984375 0.43125 0.028125 0.01875
0 0.290625 0.26875 0.03125 0.034375
0 0.253125 0.365625 0.01875 0.021875
0 0.290625 0.5625 0.04375 0.03125
0 0.7828125 0.2921875 0.03125 0.040625
