0 0.6484375 0.0203125 0.05625 0.040625
0 0.6671875 0.0828125 0.065625 0.0625
0 0.2078125 0.034375 0.05 0.05
0 0.378125 0.1859375 0.05625 0.05
0 0.1546875 0.01484375 0.040625 0.0296875
0 0.7578125 0.1515625 0.04375 0.05
0 0.7859375 0.1734375 0.040625 0.0375
0 0.1125 0.053125 0.0375 0.05
0 0.2515625 0.1265625 0.0375 0.05
0 0.025 0.246875 0.040625 0.046875
0 0.25 0.125 0.0375 0.05
0 0.3515625 0.1234375 0.05625 0.059375
0 0.3203125 0.15625 0.05 0.040625
0 0.178125 0.240625 0.025 0.028125
0 0.3796875 0.234375 0.03125 0.034375
0 0.6203125 0.1578125 0.0375 0.0375
0 0.915625 0.0359375 0.03125 0.0125
0 0.9703125 0.0109375 0.015625 0.01875
0 0.084375 0.325 0.028125 0.03125
