0 0.109375 0.41875 0.059375 0.05625
0 0.30625 0.5140625 0.053125 0.053125
0 0.9203125 0.0453125 0.05 0.053125
0 0.171875 0.5859375 0.053125 0.053125
0 0.4 0.0046875 0.05 0.009375
0 0.6375 0.190625 0.05 0.065625
0 0.5421875 0.3578125 0.0625 0.0625
0 0.8046875 0.165625 0.025 0.03125
0 0.853125 0.51875 0.046875 0.04375
0 0.828125 0.634375 0.03125 0.05625
0 0.7484375 0.1671875 0.03125 0.03125
0 0.9109375 0.2640625 0.065625 0.065625
0 0.8625 0.6375 0.034375 0.04375
0 0.9203125 0.6328125 0.034375 0.04375
0 0.7984375 0.3734375 0.028125 0.034375
0 0.9484375 0.43125 0.028125 0.01875
0 0.996875 0.365625 0.00625 0.021875
0 0.3796875 0.3109375 0.040625 0.04375
