0 0.634375 0.4875 0.065625 0.071875
0 0.7171875 0.575 0.06875 0.06875
0 0.6734375 0.2890625 0.06875 0.06875
0 0.6515625 0.909375 0.053125 0.05
0 0.3796875 0.8953125 0.053125 0.05
0 0.73125 0.2578125 0.0625 0.071875
0 0.2140625 0.1953125 0.059375 0.0625
0 0.7890625 0.59375 0.053125 0.05
0 0.3671875 0.4953125 0.05625 0.053125
0 0.471875 0.8546875 0.053125 0.0625
0 0.0515625 0.503125 0.04375 0.040625
0 0.303125 0.6375 0.046875 0.046875
0 0.5015625 0.8859375 0.028125 0.046875
0 0.540625 0.890625 0.04375 0.04375
0 0.1765625 0.79375 0.03125 0.04375
0 0.0171875 0.24375 0.034375 0.046875
0 0.2640625 0.9609375 0.046875 0.0375
0 0.2578125 0.6328125 0.034375 0.03125
0 0.33125 0.81875 0.04375 0.053125
0 0.04375 0.4015625 0.059375 0.059375
0 0.0953125 0.4796875 0.04375 0.028125
0 0.1046875 0.4125 0.046875 0.046875
0 0.265625 0.7640625 0.034375 0.025
0 0.290625 0.315625 0.05 0.053125
0 0.8734375 0.4171875 0.040625 0.0375
0 0.8625 0.3953125 0.04375 0.0375
0 0.04375 0.234375 0.025 0.021875
0 0.3 0.95 0.021875 0.028125
0 0.31875 0.7203125 0.03125 0.034375
0 0.9875 0.290625 0.021875 0.040625
0 0.3328125 0.859375 0.040625 0.021875
0 0.5859375 0.60625 0.025 0.028125
0 0.71875 0.328125 0.053125 0.05
0 0.5 0.753125 0.021875 0.040625
0 0.621875 0.7546875 0.028125 0.040625
0 0.8109375 0.4328125 0.03125 0.0375
0 0.8109375 0.8046875 0.025 0.040625
0 0.2359375 0.5765625 0.01875 0.053125
0 0.6828125 0.4625 0.05 0.03125
