0 0.7578125 0.16875 0.034375 0.03125
0 0.9265625 0.06875 0.0375 0.034375
0 0.79375 0.1828125 0.034375 0.028125
0 0.746875 0.01328125 0.034375 0.0265625
0 0.68125 0.0828125 0.03125 0.025
0 0.7546875 0.05625 0.028125 0.028125
0 0.6640625 0.1 0.028125 0.028125
0 0.7171875 0.0953125 0.028125 0.025
0 0.78125 0.096875 0.021875 0.025
0 0.8765625 0.1078125 0.021875 0.025
0 0.8078125 0.1171875 0.03125 0.01875
0 0.621875 0.115625 0.021875 0.01875
0 0.5390625 0.0546875 0.0125 0.015625
0 0.9921875 0.04375 0.015625 0.01875
