0 0.571875 0.7625 0.046875 0.05
0 0.4296875 0.7125 0.05625 0.05
0 0.4796875 0.7203125 0.05 0.053125
0 0.459375 0.4921875 0.059375 0.0625
0 0.609375 0.7484375 0.04375 0.053125
0 0.984375 0.803125 0.03125 0.05
0 0.7625 0.54375 0.04375 0.05625
0 0.9 0.98671875 0.040625 0.0265625
0 0.3828125 0.4265625 0.0375 0.040625
0 0.00625 0.68125 0.0125 0.028125
0 0.0453125 0.6375 0.025 0.025
0 0.221875 0.8875 0.034375 0.0375
0 0.0125 0.6171875 0.025 0.025
0 0.378125 0.315625 0.0375 0.053125
0 0.640625 0.8921875 0.0375 0.034375
0 0.8890625 0.5734375 0.034375 0.03125
0 0.753125 0.8890625 0.025 0.028125
0 0.1484375 0.88125 0.028125 0.025
0 0.021875 0.68125 0.025 0.015625
