0 0.6953125 0.8625 0.046875 0.0375
0 0.9671875 0.7765625 0.05625 0.05625
0 0.678125 0.471875 0.046875 0.046875
0 0.61875 0.7640625 0.04375 0.04375
0 0.2796875 0.7625 0.053125 0.05
0 0.490625 0.39375 0.065625 0.0625
0 0.4453125 0.428125 0.0625 0.059375
0 0.6765625 0.7609375 0.04375 0.05
0 0.5734375 0.1453125 0.040625 0.0375
0 0.584375 0.3109375 0.059375 0.053125
0 0.121875 0.3015625 0.0375 0.0375
0 0.340625 0.68125 0.0375 0.0375
0 0.2265625 0.4609375 0.059375 0.040625
0 0.421875 0.728125 0.040625 0.05
0 0.571875 0.7984375 0.0375 0.021875
0 0.9484375 0.646875 0.034375 0.0375
0 0.9140625 0.7359375 0.040625 0.05
0 0.315625 0.821875 0.021875 0.0375
0 0.98671875 0.1828125 0.0265625 0.0375
0 0.390625 0.6796875 0.046875 0.0375
0 0.5109375 0.8 0.028125 0.021875
0 0.353125 0.525 0.05 0.040625
0 0.3 0.896875 0.028125 0.028125
0 0.4328125 0.6296875 0.053125 0.053125
0 0.8484375 0.1984375 0.040625 0.05625
0 0.8328125 0.5984375 0.0125 0.021875
0 0.8671875 0.5828125 0.0375 0.040625
0 0.9734375 0.98046875 0.034375 0.0390625
0 0.7328125 0.2703125 0.034375 0.025
0 0.33125 0.4953125 0.04375 0.03125
0 0.503125 0.61875 0.025 0.01875
0 0.503125 0.5875 0.034375 0.03125
0 0.471875 0.3 0.034375 0.03125
0 0.0125 0.4484375 0.025 0.025
0 0.30625 0.4390625 0.01875 0.025
0 0.1625 0.45625 0.04375 0.03125
0 0.3390625 0.8265625 0.025 0.028125
0 0.725 0.8640625 0.009375 0.025
0 0.6765625 0.8328125 0.01875 0.0125
0 0.9625 0.2296875 0.0375 0.034375
0 0.9328125 0.94375 0.0375 0.034375
0 0.9453125 0.903125 0.025 0.028125
0 0.965625 0.875 0.028125 0.03125
0 0.99453125 0.8640625 0.0109375 0.05
0 0.753125 0.6734375 0.03125 0.028125
0 0.7640625 0.7484375 0.01875 0.015625
0 0.765625 0.725 0.021875 0.015625
0 0.6640625 0.6 0.021875 0.0125
0 0.653125 0.571875 0.021875 0.015625
0 0.75 0.59375 0.021875 0.025
0 0.6203125 0.353125 0.034375 0.0375
0 0.5328125 0.3078125 0.015625 0.00625
0 0.4046875 0.50625 0.01875 0.015625
0 0.2390625 0.809375 0.034375 0.015625
0 0.4578125 0.8640625 0.01875 0.025
