0 0.5875 0.3859375 0.034375 0.040625
0 0.79375 0.2875 0.0375 0.040625
0 0.546875 0.4921875 0.034375 0.03125
0 0.890625 0.36875 0.028125 0.028125
0 0.8625 0.1921875 0.025 0.025
0 0.3140625 0.515625 0.03125 0.028125
0 0.5328125 0.715625 0.028125 0.025
0 0.41875 0.3375 0.034375 0.034375
0 0.75 0.5015625 0.034375 0.025
0 0.371875 0.390625 0.028125 0.040625
0 0.74375 0.66875 0.03125 0.034375
0 0.4796875 0.5796875 0.034375 0.028125
0 0.8296875 0.1640625 0.025 0.028125
0 0.3328125 0.45 0.015625 0.01875
0 0.3453125 0.44375 0.021875 0.021875
0 0.5078125 0.4515625 0.025 0.03125
0 0.965625 0.3984375 0.034375 0.0375
0 0.1328125 0.459375 0.028125 0.025
0 0.978125 0.2859375 0.025 0.028125
0 0.8375 0.7296875 0.0375 0.040625
0 0.7359375 0.4640625 0.03125 0.034375
0 0.4484375 0.55625 0.025 0.021875
0 0.4921875 0.6953125 0.025 0.034375
0 0.5609375 0.590625 0.015625 0.015625
0 0.665625 0.5359375 0.01875 0.01875
0 0.075 0.4265625 0.015625 0.0125
0 0.0953125 0.4296875 0.015625 0.0125
0 0.0703125 0.4078125 0.015625 0.015625
0 0.078125 0.3921875 0.01875 0.009375
0 0.1546875 0.39375 0.015625 0.0125
0 0.1640625 0.359375 0.028125 0.021875
0 0.14375 0.34375 0.025 0.015625
0 0.071875 0.1890625 0.0125 0.0125
0 0.84375 0.334375 0.01875 0.01875
0 0.3859375 0.43125 0.015625 0.009375
0 0.040625 0.3703125 0.009375 0.009375
0 0.75 0.371875 0.015625 0.01875
0 0.578125 0.2890625 0.021875 0.01875
0 0.8828125 0.446875 0.0125 0.01875
0 0.9171875 0.428125 0.028125 0.025
0 0.4421875 0.41875 0.015625 0.0125
