0 0.2796875 0.396875 0.05625 0.05625
0 0.4453125 0.7078125 0.046875 0.05
0 0.0453125 0.721875 0.046875 0.04375
0 0.01171875 0.428125 0.0234375 0.046875
0 0.165625 0.8640625 0.0375 0.034375
0 0.615625 0.5109375 0.040625 0.0375
0 0.278125 0.8265625 0.034375 0.025
0 0.5171875 0.596875 0.0125 0.01875
0 0.53125 0.6015625 0.0125 0.025
0 0.596875 0.5796875 0.034375 0.040625
0 0.5609375 0.6390625 0.009375 0.021875
0 0.578125 0.6375 0.021875 0.01875
0 0.75625 0.546875 0.03125 0.025
0 0.7609375 0.5171875 0.0375 0.034375
0 0.2125 0.1484375 0.034375 0.040625
0 0.3875 0.440625 0.0375 0.028125
0 0.5203125 0.3890625 0.03125 0.034375
0 0.590625 0.6765625 0.028125 0.025
0 0.6125 0.671875 0.03125 0.03125
0 0.734375 0.4765625 0.028125 0.021875
0 0.5484375 0.571875 0.025 0.028125
0 0.1796875 0.7328125 0.03125 0.025
0 0.5953125 0.6328125 0.015625 0.01875
0 0.6515625 0.615625 0.03125 0.025
0 0.7 0.475 0.03125 0.021875
0 0.1921875 0.7234375 0.03125 0.028125
0 0.640625 0.2046875 0.034375 0.03125
0 0.3171875 0.6265625 0.040625 0.046875
0 0.378125 0.875 0.05 0.046875
0 0.7234375 0.2484375 0.034375 0.034375
0 0.11875 0.9625 0.025 0.025
0 0.3390625 0.7875 0.028125 0.028125
0 0.6265625 0.3703125 0.040625 0.0375
0 0.1453125 0.659375 0.025 0.03125
0 0.146875 0.653125 0.028125 0.028125
0 0.4078125 0.8609375 0.03125 0.03125
0 0.0140625 0.21875 0.028125 0.028125
0 0.090625 0.3734375 0.028125 0.021875
0 0.16875 0.390625 0.0375 0.0375
