0 0.859375 0.41875 0.059375 0.05625
0 0.921875 0.5859375 0.053125 0.053125
0 0.565625 0.51875 0.0375 0.021875
0 0.575 0.4796875 0.053125 0.053125
0 0.6296875 0.096875 0.046875 0.05625
0 0.0625 0.084375 0.0125 0.0125
0 0.1515625 0.03125 0.028125 0.021875
0 0.359375 0.121875 0.028125 0.040625
0 0.09375 0.115625 0.015625 0.0125
0 0.409375 0.0390625 0.065625 0.0625
0 0.696875 0.5125 0.03125 0.034375
0 0.1109375 0.2046875 0.01875 0.01875
0 0.121875 0.115625 0.01875 0.01875
0 0.2125 0.0765625 0.01875 0.0125
0 0.234375 0.046875 0.01875 0.021875
