0 0.1328125 0.7546875 0.0375 0.034375
0 0.096875 0.2203125 0.053125 0.04375
0 0.2234375 0.603125 0.040625 0.040625
0 0.4453125 0.659375 0.046875 0.04375
0 0.00234375 0.3 0.0046875 0.040625
0 0.3609375 0.7421875 0.028125 0.0375
0 0.4890625 0.7890625 0.03125 0.028125
0 0.3671875 0.665625 0.0375 0.040625
0 0.45625 0.175 0.040625 0.040625
0 0.5875 0.2859375 0.03125 0.0375
0 0.309375 0.4015625 0.0375 0.0375
0 0.2609375 0.3328125 0.04375 0.040625
0 0.4625 0.51875 0.0375 0.03125
0 0.5109375 0.771875 0.009375 0.01875
0 0.56875 0.7359375 0.03125 0.03125
0 0.2015625 0.2078125 0.034375 0.0375
0 0.74375 0.496875 0.03125 0.03125
0 0.578125 0.6984375 0.034375 0.034375
0 0.1015625 0.3234375 0.040625 0.028125
0 0.1359375 0.2828125 0.028125 0.034375
0 0.128125 0.4203125 0.03125 0.028125
0 0.08125 0.4484375 0.03125 0.021875
0 0.003125 0.3546875 0.00625 0.034375
0 0.5921875 0.4828125 0.034375 0.040625
0 0.284375 0.3578125 0.01875 0.0125
0 0.31875 0.340625 0.05 0.0375
0 0.5328125 0.765625 0.021875 0.03125
0 0.534375 0.425 0.03125 0.03125
0 0.390625 0.1328125 0.01875 0.01875
0 0.2125 0.2390625 0.028125 0.025
0 0.4234375 0.1671875 0.01875 0.015625
