0 0.38125 0.6796875 0.05 0.046875
0 0.5625 0.2359375 0.040625 0.0375
0 0.6828125 0.15625 0.04375 0.05
0 0.8328125 0.4203125 0.04375 0.04375
0 0.9203125 0.721875 0.046875 0.04375
0 0.8765625 0.428125 0.04375 0.046875
0 0.446875 0.5484375 0.05625 0.046875
0 0.5171875 0.5046875 0.040625 0.046875
0 0.496875 0.4734375 0.0375 0.040625
0 0.103125 0.175 0.034375 0.025
0 0.346875 0.271875 0.0375 0.028125
0 0.7578125 0.8140625 0.034375 0.04375
0 0.409375 0.703125 0.0375 0.040625
0 0.590625 0.0953125 0.034375 0.0375
0 0.7921875 0.5265625 0.028125 0.040625
0 0.5078125 0.3515625 0.053125 0.046875
0 0.8265625 0.7890625 0.025 0.025
0 0.44375 0.6671875 0.03125 0.03125
0 0.6765625 0.3703125 0.034375 0.028125
0 0.20625 0.178125 0.028125 0.021875
0 0.83125 0.7078125 0.021875 0.028125
0 0.503125 0.26875 0.021875 0.040625
0 0.084375 0.4875 0.034375 0.03125
0 0.471875 0.3640625 0.034375 0.034375
0 0.2453125 0.68125 0.028125 0.028125
0 0.2953125 0.68125 0.040625 0.025
0 0.5015625 0.64375 0.028125 0.028125
0 0.4703125 0.234375 0.046875 0.025
0 0.50625 0.2140625 0.034375 0.034375
0 0.2671875 0.4234375 0.034375 0.034375
0 0.303125 0.334375 0.03125 0.025
0 0.35625 0.334375 0.021875 0.025
0 0.990625 0.9625 0.01875 0.025
0 0.7171875 0.6796875 0.03125 0.034375
0 0.7578125 0.603125 0.028125 0.028125
0 0.440625 0.284375 0.03125 0.028125
0 0.5328125 0.278125 0.025 0.0375
0 0.5296875 0.6453125 0.03125 0.021875
0 0.8859375 0.21875 0.034375 0.028125
0 0.965625 0.3734375 0.028125 0.021875
0 0.4109375 0.6203125 0.034375 0.025
0 0.5921875 0.334375 0.03125 0.015625
0 0.0375 0.46875 0.021875 0.015625
