0 0.0171875 0.3078125 0.034375 0.078125
0 0.5609375 0.4046875 0.071875 0.05625
0 0.5765625 0.3828125 0.0625 0.059375
0 0.2890625 0.70625 0.0625 0.0875
0 0.2171875 0.790625 0.08125 0.09375
0 0.15 0.78125 0.06875 0.06875
0 0.303125 0.8828125 0.06875 0.075
0 0.465625 0.7140625 0.065625 0.065625
0 0.0984375 0.9546875 0.090625 0.090625
0 0.034375 0.953125 0.06875 0.09375
0 0.4640625 0.378125 0.071875 0.103125
0 0.528125 0.3515625 0.0625 0.065625
0 0.125 0.2390625 0.075 0.0875
0 0.0640625 0.221875 0.0625 0.059375
