0 0.31875 0.04765625 0.159375 0.0953125
0 0.728125 0.0859375 0.16875 0.171875
0 0.7546875 0.2734375 0.1375 0.13125
0 0.1671875 0.428125 0.15625 0.15625
0 0.8640625 0.1171875 0.15 0.15
0 0.01640625 0.79375 0.0328125 0.1625
0 0.0171875 0.3234375 0.034375 0.1625
0 0.95546875 0.9203125 0.0890625 0.121875
0 0.6359375 0.2 0.15 0.159375
0 0.5578125 0.075 0.1125 0.115625
0 0.9375 0.3375 0.121875 0.128125
0 0.0921875 0.8515625 0.153125 0.153125
0 0.221875 0.5859375 0.134375 0.134375
0 0.59375 0.7609375 0.053125 0.05625
0 0.8109375 0.5921875 0.05625 0.06875
0 0.98359375 0.99453125 0.0328125 0.0109375
0 0.33125 0.8453125 0.05625 0.053125
0 0.3296875 0.303125 0.040625 0.0375
0 0.371875 0.25625 0.05 0.04375
0 0.8875 0.559375 0.040625 0.046875
0 0.378125 0.415625 0.04375 0.046875
0 0.459375 0.921875 0.025 0.028125
0 0.665625 0.815625 0.04375 0.059375
0 0.296875 0.225 0.04375 0.04375
0 0.51875 0.3328125 0.034375 0.053125
0 0.3875 0.8 0.05 0.053125
0 0.7359375 0.746875 0.034375 0.0375
0 0.65 0.73125 0.0375 0.034375
0 0.5640625 0.85625 0.021875 0.025
0 0.7265625 0.565625 0.034375 0.0375
0 0.7921875 0.5328125 0.046875 0.05
0 0.9046875 0.4703125 0.0375 0.04375
0 0.98125 0.490625 0.0375 0.059375
0 0.959375 0.5171875 0.046875 0.046875
0 0.2359375 0.828125 0.059375 0.05
0 0.290625 0.9421875 0.059375 0.0625
0 0.4203125 0.9234375 0.025 0.028125
0 0.4421875 0.9609375 0.01875 0.01875
0 0.3578125 0.928125 0.015625 0.0125
0 0.328125 0.9578125 0.015625 0.01875
0 0.4609375 0.8484375 0.021875 0.025
0 0.203125 0.9078125 0.01875 0.015625
0 0.178125 0.9734375 0.01875 0.01875
0 0.075 0.99765625 0.025 0.0046875
0 0.1921875 0.9953125 0.015625 0.009375
0 0.1890625 0.884375 0.01875 0.01875
0 0.2015625 0.971875 0.015625 0.01875
0 0.5078125 0.53125 0.0375 0.05625
0 0.796875 0.6484375 0.034375 0.034375
0 0.628125 0.5359375 0.025 0.028125
0 0.634375 0.4265625 0.040625 0.03125
0 0.7265625 0.39375 0.05625 0.059375
0 0.784375 0.49375 0.034375 0.028125
