0 0.365625 0.1125 0.10625 0.1125
0 0.4265625 0.646875 0.096875 0.090625
0 0.4671875 0.0578125 0.1 0.09375
0 0.571875 0.0703125 0.10625 0.103125
0 0.5203125 0.6796875 0.0875 0.09375
0 0.4984375 0.2875 0.1 0.096875
0 0.578125 0.45 0.0875 0.090625
0 0.284375 0.7859375 0.075 0.071875
0 0.2421875 0.7109375 0.075 0.06875
0 0.678125 0.334375 0.115625 0.103125
0 0.1078125 0.228125 0.071875 0.0625
0 0.7234375 0.1140625 0.08125 0.059375
0 0.3625 0.7171875 0.0875 0.09375
0 0.115625 0.8125 0.065625 0.06875
0 0.9 0.8484375 0.053125 0.053125
0 0.7890625 0.5328125 0.05625 0.05
0 0.7953125 0.265625 0.0625 0.06875
0 0.9421875 0.5859375 0.06875 0.053125
0 0.478125 0.390625 0.084375 0.0625
0 0.0171875 0.5140625 0.034375 0.05625
0 0.0625 0.6703125 0.06875 0.08125
0 0.7328125 0.8578125 0.05 0.053125
0 0.0265625 0.4046875 0.053125 0.0625
0 0.43125 0.5140625 0.09375 0.084375
0 0.4203125 0.215625 0.071875 0.075
0 0.5453125 0.184375 0.084375 0.071875
0 0.59375 0.2359375 0.078125 0.075
0 0.5328125 0.7765625 0.05 0.04375
0 0.140625 0.390625 0.0375 0.03125
0 0.49375 0.159375 0.109375 0.09375
0 0.6 0.79375 0.021875 0.025
0 0.5796875 0.2359375 0.1 0.071875
0 0.940625 0.7453125 0.034375 0.03125
0 0.2296875 0.4140625 0.046875 0.034375
0 0.1390625 0.00546875 0.075 0.0109375
0 0.59375 0.7703125 0.015625 0.015625
0 0.5734375 0.76875 0.015625 0.0125
0 0.575 0.7953125 0.01875 0.015625
0 0.5421875 0.8390625 0.01875 0.015625
0 0.5125 0.8109375 0.028125 0.025
0 0.496875 0.79375 0.025 0.025
0 0.4546875 0.775 0.021875 0.021875
0 0.4921875 0.7515625 0.021875 0.021875
0 0.434375 0.75625 0.021875 0.01875
0 0.375 0.7875 0.01875 0.015625
0 0.4671875 0.703125 0.021875 0.01875
0 0.2265625 0.6359375 0.0625 0.071875
0 0.2875 0.5953125 0.0625 0.065625
0 0.18125 0.4140625 0.040625 0.04375
0 0.2375 0.3859375 0.034375 0.025
0 0.1828125 0.36875 0.025 0.04375
0 0.2578125 0.3625 0.01875 0.021875
0 0.0765625 0.4828125 0.021875 0.021875
0 0.1390625 0.475 0.028125 0.025
