0 0.6890625 0.09375 0.153125 0.1625
0 0.5359375 0.0953125 0.1625 0.15625
0 0.35 0.40625 0.165625 0.11875
0 0.25625 0.325 0.128125 0.10625
0 0.825 0.1515625 0.153125 0.153125
0 0.6890625 0.3796875 0.015625 0.021875
0 0.725 0.34375 0.0375 0.0375
0 0.96875 0.128125 0.059375 0.05
0 0.996875 0.2421875 0.00625 0.0625
0 0.9359375 0.2078125 0.01875 0.015625
0 0.9109375 0.2734375 0.01875 0.01875
0 0.8078125 0.3078125 0.025 0.025
0 0.925 0.2984375 0.015625 0.015625
0 0.921875 0.184375 0.01875 0.01875
0 0.934375 0.271875 0.015625 0.01875
0 0.990625 0.3265625 0.01875 0.021875
