0 0.6546875 0.0296875 0.121875 0.059375
0 0.240625 0.2203125 0.125 0.121875
0 0.6234375 0.359375 0.084375 0.090625
0 0.990625 0.7859375 0.01875 0.071875
0 0.96953125 0.7109375 0.0609375 0.06875
0 0.5390625 0.36875 0.0875 0.09375
0 0.5296875 0.034375 0.121875 0.06875
0 0.8421875 0.228125 0.071875 0.0625
0 0.85 0.8125 0.065625 0.06875
0 0.6984375 0.45 0.059375 0.0625
0 0.7375 0.5140625 0.0625 0.05625
0 0.796875 0.6703125 0.06875 0.08125
0 0.28125 0.3375 0.09375 0.096875
0 0.7578125 0.4046875 0.059375 0.0625
0 0.353125 0.434375 0.053125 0.053125
0 0.475 0.65625 0.05625 0.053125
0 0.5734375 0.40625 0.06875 0.059375
0 0.3078125 0.4953125 0.046875 0.046875
0 0.1078125 0.55625 0.01875 0.021875
0 0.140625 0.5625 0.025 0.028125
0 0.2 0.5359375 0.040625 0.0375
0 0.675 0.5015625 0.05 0.053125
0 0.875 0.390625 0.0375 0.03125
0 0.2984375 0.61875 0.021875 0.021875
0 0.4328125 0.5796875 0.04375 0.04375
0 0.5921875 0.278125 0.08125 0.065625
0 0.1046875 0.396875 0.046875 0.046875
0 0.6484375 0.5453125 0.046875 0.05
0 0.084375 0.6625 0.03125 0.034375
0 0.1203125 0.596875 0.028125 0.028125
0 0.3359375 0.5484375 0.01875 0.01875
0 0.9640625 0.4140625 0.046875 0.034375
0 0.2359375 0.578125 0.021875 0.028125
0 0.10625 0.53125 0.015625 0.021875
0 0.103125 0.5953125 0.0125 0.021875
0 0.1015625 0.628125 0.025 0.025
0 0.065625 0.6234375 0.015625 0.01875
0 0.071875 0.58125 0.01875 0.021875
0 0.2265625 0.6140625 0.021875 0.025
0 0.278125 0.621875 0.01875 0.025
0 0.284375 0.60625 0.01875 0.015625
0 0.259375 0.6140625 0.01875 0.021875
0 0.353125 0.540625 0.021875 0.021875
0 0.3546875 0.5234375 0.015625 0.015625
0 0.384375 0.4671875 0.021875 0.01875
0 0.134375 0.3796875 0.021875 0.025
0 0.153125 0.384375 0.01875 0.021875
0 0.14375 0.3421875 0.01875 0.015625
0 0.225 0.3984375 0.01875 0.021875
0 0.0125 0.48125 0.0125 0.0125
0 0.01015625 0.046875 0.0203125 0.0375
0 0.403125 0.0375 0.053125 0.053125
0 0.8734375 0.00546875 0.075 0.0109375
0 0.9609375 0.6359375 0.0625 0.071875
0 0.9953125 0.5953125 0.009375 0.065625
0 0.915625 0.4140625 0.040625 0.04375
0 0.971875 0.3859375 0.034375 0.025
0 0.9171875 0.36875 0.025 0.04375
0 0.99140625 0.3625 0.0171875 0.021875
0 0.8109375 0.4828125 0.021875 0.021875
0 0.8734375 0.475 0.028125 0.025
0 0.5078125 0.740625 0.015625 0.015625
0 0.540625 0.69375 0.021875 0.01875
0 0.5171875 0.6484375 0.021875 0.01875
0 0.5015625 0.6640625 0.01875 0.01875
0 0.5 0.6078125 0.021875 0.015625
0 0.53125 0.5921875 0.01875 0.021875
0 0.503125 0.5640625 0.01875 0.015625
0 0.4625 0.434375 0.05625 0.0375
0 0.3859375 0.5984375 0.015625 0.021875
0 0.40625 0.60625 0.0125 0.0125
0 0.421875 0.6078125 0.015625 0.0125
