0 0.01640625 0.09375 0.0328125 0.1625
0 0.95546875 0.2203125 0.0890625 0.121875
0 0.0921875 0.1515625 0.153125 0.153125
0 0.59375 0.0609375 0.053125 0.05625
0 0.98359375 0.3375 0.0328125 0.096875
0 0.33125 0.1453125 0.05625 0.053125
0 0.840625 0.55625 0.01875 0.021875
0 0.8734375 0.5625 0.025 0.028125
0 0.9328125 0.5359375 0.040625 0.0375
0 0.8375 0.396875 0.046875 0.046875
0 0.00546875 0.34375 0.0109375 0.0375
0 0.8171875 0.6625 0.03125 0.034375
0 0.853125 0.596875 0.028125 0.028125
0 0.459375 0.221875 0.025 0.028125
0 0.665625 0.115625 0.04375 0.059375
0 0.96875 0.578125 0.021875 0.028125
0 0.8390625 0.53125 0.015625 0.021875
0 0.3875 0.45625 0.01875 0.028125
0 0.3875 0.1 0.05 0.053125
0 0.8359375 0.5953125 0.0125 0.021875
0 0.834375 0.628125 0.025 0.025
0 0.7984375 0.6234375 0.015625 0.01875
0 0.8046875 0.58125 0.01875 0.021875
0 0.959375 0.6140625 0.021875 0.025
0 0.99140625 0.6140625 0.0171875 0.021875
0 0.8671875 0.3796875 0.021875 0.025
0 0.8859375 0.384375 0.01875 0.021875
0 0.8765625 0.3421875 0.01875 0.015625
0 0.9578125 0.3984375 0.01875 0.021875
0 0.6875 0.4890625 0.025 0.01875
0 0.7234375 0.4921875 0.015625 0.01875
0 0.7453125 0.48125 0.0125 0.0125
0 0.7359375 0.046875 0.034375 0.0375
0 0.65 0.03125 0.0375 0.034375
0 0.5640625 0.15625 0.021875 0.025
0 0.2359375 0.128125 0.059375 0.05
0 0.290625 0.2421875 0.059375 0.0625
0 0.4203125 0.2234375 0.025 0.028125
0 0.4421875 0.2609375 0.01875 0.01875
0 0.3578125 0.228125 0.015625 0.0125
0 0.328125 0.2578125 0.015625 0.01875
0 0.4609375 0.1484375 0.021875 0.025
0 0.203125 0.2078125 0.01875 0.015625
0 0.178125 0.2734375 0.01875 0.01875
0 0.075 0.3078125 0.025 0.025
0 0.3703125 0.496875 0.021875 0.01875
0 0.365625 0.4625 0.01875 0.021875
0 0.3625 0.4453125 0.01875 0.015625
0 0.371875 0.40625 0.025 0.021875
0 0.3859375 0.3375 0.01875 0.01875
0 0.409375 0.3671875 0.015625 0.015625
0 0.415625 0.384375 0.009375 0.0125
0 0.2875 0.325 0.015625 0.015625
0 0.325 0.3359375 0.015625 0.015625
0 0.1921875 0.2984375 0.015625 0.015625
0 0.1890625 0.184375 0.01875 0.01875
0 0.2015625 0.271875 0.015625 0.01875
0 0.2578125 0.3265625 0.01875 0.021875
