0 0.6296875 0.1640625 0.14375 0.165625
0 0.03984375 0.7765625 0.0796875 0.190625
0 0.5890625 0.38125 0.153125 0.171875
0 0.0453125 0.95390625 0.090625 0.0921875
0 0.13125 0.8171875 0.15 0.15
0 0.9421875 0.925 0.115625 0.15
0 0.7953125 0.9375 0.146875 0.125
0 0.10859375 0.2984375 0.2171875 0.2375
0 0.3515625 0.9671875 0.146875 0.065625
0 0.2625 0.4046875 0.153125 0.16875
0 0.2046875 0.98671875 0.121875 0.0265625
0 0.05625 0.4546875 0.1125 0.171875
0 0.965625 0.40625 0.06875 0.165625
0 0.9515625 0.14375 0.096875 0.14375
0 0.8765625 0.546875 0.05 0.046875
0 0.6859375 0.6328125 0.11875 0.1375
0 0.6125 0.4859375 0.140625 0.153125
0 0.5078125 0.5015625 0.1 0.121875
0 0.478125 0.3296875 0.178125 0.175
