0 0.790625 0.6265625 0.071875 0.0625
0 0.79375 0.278125 0.071875 0.06875
0 0.590625 0.3828125 0.078125 0.084375
0 0.3015625 0.7671875 0.06875 0.071875
0 0.546875 0.428125 0.071875 0.065625
0 0.728125 0.5734375 0.075 0.065625
0 0.4109375 0.665625 0.06875 0.05625
0 0.49375 0.228125 0.05 0.04375
0 0.528125 0.990625 0.05625 0.01875
0 0.434375 0.725 0.05 0.046875
0 0.3546875 0.58125 0.05625 0.059375
0 0.403125 0.54375 0.065625 0.053125
0 0.59375 0.9203125 0.04375 0.040625
0 0.5640625 0.98515625 0.046875 0.0296875
