0 0.8546875 0.946875 0.09375 0.08125
0 0.6953125 0.5265625 0.08125 0.08125
0 0.6203125 0.875 0.06875 0.0625
0 0.0953125 0.6484375 0.065625 0.0625
0 0.9765625 0.99609375 0.04375 0.0078125
0 0.0375 0.5984375 0.05 0.05
0 0.8078125 0.00859375 0.059375 0.0171875
0 0.01796875 0.459375 0.0359375 0.071875
0 0.359375 0.7546875 0.075 0.0625
0 0.00078125 0.5125 0.0015625 0.046875
0 0.821875 0.81875 0.075 0.06875
0 0.78125 0.846875 0.071875 0.065625
0 0.8171875 0.7296875 0.06875 0.065625
0 0.4203125 0.234375 0.05 0.059375
0 0.0265625 0.71875 0.0375 0.040625
0 0.2390625 0.2390625 0.0625 0.06875
0 0.7546875 0.6078125 0.078125 0.084375
0 0.403125 0.01640625 0.0625 0.0328125
0 0.4859375 0.0328125 0.04375 0.046875
0 0.2390625 0.2390625 0.0625 0.065625
0 0.6734375 0.2765625 0.046875 0.05625
0 0.9546875 0.8578125 0.084375 0.059375
0 0.3984375 0.0015625 0.0625 0.003125
0 0.2078125 0.4984375 0.046875 0.05
0 0.9640625 0.8484375 0.071875 0.075
0 0.440625 0.65625 0.075 0.078125
0 0.7328125 0.25625 0.053125 0.05
0 0.0328125 0.05 0.0375 0.034375
0 0.05 0.303125 0.040625 0.0375
0 0.09375 0.0203125 0.040625 0.040625
0 0.0703125 0.053125 0.028125 0.0375
0 0.63125 0.60625 0.025 0.034375
