0 0.03984375 0.0859375 0.0796875 0.171875
0 0.0453125 0.2734375 0.090625 0.13125
0 0.13125 0.1171875 0.15 0.15
0 0.384375 0.4984375 0.146875 0.1375
0 0.6546875 0.696875 0.121875 0.125
0 0.240625 0.9203125 0.125 0.121875
0 0.9421875 0.2328125 0.115625 0.165625
0 0.7953125 0.25625 0.146875 0.1625
0 0.6796875 0.5296875 0.13125 0.128125
0 0.4625 0.64375 0.1 0.1125
0 0.3515625 0.30625 0.146875 0.14375
0 0.5296875 0.7046875 0.121875 0.128125
0 0.2046875 0.3375 0.121875 0.128125
0 0.8421875 0.928125 0.071875 0.0625
0 0.078125 0.5921875 0.05625 0.06875
0 0.28125 0.99453125 0.09375 0.0109375
0 0.5921875 0.97265625 0.08125 0.0546875
0 0.1546875 0.559375 0.040625 0.046875
0 0.01015625 0.746875 0.0203125 0.0375
0 0.00546875 0.565625 0.0109375 0.0375
0 0.059375 0.5328125 0.046875 0.05
0 0.171875 0.4703125 0.0375 0.04375
0 0.2625 0.490625 0.065625 0.059375
0 0.2265625 0.5171875 0.046875 0.046875
0 0.6859375 0.00078125 0.11875 0.0015625
0 0.0640625 0.6484375 0.034375 0.034375
0 0.0109375 0.39375 0.021875 0.059375
0 0.0515625 0.49375 0.034375 0.028125
0 0.403125 0.7375 0.053125 0.053125
0 0.903125 0.48125 0.096875 0.090625
0 0.7484375 0.4375 0.1375 0.125
0 0.8734375 0.6734375 0.075 0.075
0 0.9078125 0.6125 0.1125 0.125
