0 0.6609375 0.8 0.090625 0.0875
0 0.2171875 0.6078125 0.0875 0.071875
0 0.953125 0.521875 0.090625 0.115625
0 0.353125 0.6421875 0.08125 0.071875
0 0.05625 0.7078125 0.071875 0.059375
0 0.259375 0.853125 0.08125 0.075
0 0.4078125 0.6734375 0.059375 0.0625
0 0.6265625 0.4203125 0.059375 0.05625
0 0.725 0.8171875 0.04375 0.040625
0 0.98125 0.878125 0.034375 0.09375
0 0.8 0.5109375 0.096875 0.0875
0 0.6140625 0.6140625 0.06875 0.05
0 0.865625 0.85625 0.065625 0.0625
0 0.54375 0.8109375 0.04375 0.046875
0 0.775 0.7421875 0.021875 0.03125
0 0.79375 0.4421875 0.046875 0.0375
0 0.9515625 0.33125 0.05625 0.06875
0 0.9140625 0.115625 0.059375 0.059375
