0 0.4875 0.6359375 0.11875 0.10625
0 0.796875 0.85625 0.078125 0.078125
0 0.121875 0.090625 0.075 0.075
0 0.18125 0.965625 0.09375 0.06875
0 0.7234375 0.88125 0.075 0.08125
0 0.93125 0.7078125 0.071875 0.059375
0 0.521875 0.95703125 0.0625 0.0859375
0 0.315625 0.4875 0.084375 0.08125
0 0.628125 0.01640625 0.0625 0.0328125
0 0.18125 0.5359375 0.053125 0.053125
0 0.028125 0.028125 0.025 0.021875
0 0.7140625 0.9703125 0.0625 0.059375
0 0.4875 0.8203125 0.0625 0.05
0 0.290625 0.7234375 0.0375 0.034375
0 0.203125 0.6953125 0.034375 0.03125
0 0.6734375 0.9828125 0.0375 0.028125
