0 0.6765625 0.2 0.103125 0.08125
0 0.86875 0.3078125 0.08125 0.078125
0 0.821875 0.253125 0.071875 0.0625
0 0.9953125 0.78125 0.009375 0.06875
0 0.70625 0.990625 0.09375 0.01875
0 0.7921875 0.98046875 0.075 0.0390625
0 0.9640625 0.9546875 0.071875 0.090625
0 0.9046875 0.953125 0.078125 0.09375
0 0.4890625 0.5796875 0.09375 0.0875
0 0.5640625 0.6046875 0.103125 0.096875
0 0.7171875 0.5453125 0.09375 0.075
0 0.528125 0.3015625 0.084375 0.078125
0 0.515625 0.2390625 0.075 0.08125
0 0.465625 0.290625 0.053125 0.06875
0 0.3921875 0.5328125 0.071875 0.0875
0 0.1921875 0.521875 0.078125 0.103125
0 0.98125 0.2390625 0.0375 0.0875
0 0.9390625 0.221875 0.0625 0.059375
0 0.0640625 0.096875 0.015625 0.025
0 0.0953125 0.0859375 0.025 0.028125
0 0.121875 0.109375 0.021875 0.028125
0 0.090625 0.3328125 0.021875 0.021875
0 0.053125 0.3 0.0125 0.01875
0 0.084375 0.2875 0.025 0.021875
0 0.1421875 0.2921875 0.01875 0.025
0 0.15625 0.303125 0.021875 0.021875
0 0.175 0.3078125 0.021875 0.028125
0 0.328125 0.309375 0.04375 0.04375
0 0.4171875 0.2921875 0.04375 0.05625
0 0.3875 0.31875 0.046875 0.0625
0 0.034375 0.13125 0.021875 0.021875
0 0.00625 0.1703125 0.009375 0.01875
