0 0.365625 0.8125 0.10625 0.1125
0 0.228125 0.2328125 0.15625 0.165625
0 0.3859375 0.4109375 0.1375 0.125
0 0.0671875 0.25625 0.134375 0.1625
0 0.4671875 0.7578125 0.1 0.09375
0 0.00546875 0.5296875 0.0109375 0.128125
0 0.571875 0.7703125 0.10625 0.103125
0 0.4984375 0.96953125 0.1 0.0609375
0 0.3453125 0.2390625 0.121875 0.1375
0 0.3734375 0.5484375 0.0875 0.0875
0 0.678125 0.99140625 0.115625 0.0171875
0 0.1078125 0.928125 0.071875 0.0625
0 0.7234375 0.8140625 0.08125 0.059375
0 0.490625 0.521875 0.096875 0.084375
0 0.7953125 0.965625 0.0625 0.06875
0 0.4203125 0.915625 0.071875 0.075
0 0.5453125 0.884375 0.084375 0.071875
0 0.59375 0.9359375 0.078125 0.075
0 0.8265625 0.5359375 0.053125 0.053125
0 0.49375 0.859375 0.109375 0.09375
0 0.5796875 0.9359375 0.1 0.071875
0 0.16875 0.48125 0.096875 0.090625
0 0.04140625 0.4375 0.0828125 0.125
0 0.1390625 0.6734375 0.075 0.075
0 0.1734375 0.6125 0.1125 0.125
0 0.5109375 0.63125 0.078125 0.06875
