0 0.9859375 0.04765625 0.028125 0.0953125
0 0.1703125 0.1484375 0.190625 0.2
0 0.9 0.428125 0.15625 0.15625
0 0.6890625 0.79375 0.153125 0.1625
0 0.6796875 0.3234375 0.175 0.1625
0 0.5359375 0.7953125 0.1625 0.15625
0 0.1609375 0.365625 0.209375 0.165625
0 0.309375 0.3578125 0.14375 0.15
0 0.25625 0.9859375 0.128125 0.028125
0 0.825 0.8515625 0.153125 0.153125
0 0.94375 0.5859375 0.1125 0.134375
0 0.690625 0.1203125 0.084375 0.103125
0 0.540625 0.5984375 0.090625 0.09375
0 0.0203125 0.415625 0.040625 0.040625
0 0.4203125 0.63125 0.040625 0.034375
0 0.4453125 0.653125 0.04375 0.046875
0 0.440625 0.590625 0.053125 0.059375
0 0.96875 0.828125 0.059375 0.05
0 0.996875 0.9421875 0.00625 0.0625
0 0.9359375 0.9078125 0.01875 0.015625
0 0.9109375 0.9734375 0.01875 0.01875
0 0.8078125 0.99765625 0.025 0.0046875
0 0.925 0.9953125 0.015625 0.009375
0 0.921875 0.884375 0.01875 0.01875
0 0.934375 0.971875 0.015625 0.01875
