0 0.4546875 0.3375 0.1 0.121875
0 0.97421875 0.95234375 0.0515625 0.0953125
0 0.690625 0.96328125 0.10625 0.0734375
0 0.778125 0.240625 0.109375 0.128125
0 0.7828125 0.9578125 0.090625 0.084375
0 0.6484375 0.7578125 0.1 0.090625
0 0.2890625 0.6265625 0.03125 0.03125
0 0.2640625 0.64375 0.021875 0.01875
0 0.3125 0.621875 0.028125 0.025
0 0.4546875 0.5984375 0.096875 0.09375
0 0.14375 0.6390625 0.021875 0.021875
0 0.1375 0.575 0.028125 0.025
0 0.1765625 0.409375 0.03125 0.025
0 0.1625 0.3984375 0.01875 0.01875
