0 0.05 0.9015625 0.05625 0.053125
0 0.1140625 0.896875 0.03125 0.04375
0 0.109375 0.8375 0.065625 0.053125
0 0.1984375 0.7890625 0.05 0.065625
0 0.203125 0.796875 0.05 0.078125
0 0.8421875 0.6453125 0.021875 0.0375
0 0.8859375 0.7265625 0.028125 0.028125
0 0.8875 0.7046875 0.028125 0.025
0 0.884375 0.825 0.028125 0.03125
0 0.9125 0.8703125 0.0375 0.03125
0 0.95 0.684375 0.021875 0.01875
0 0.9453125 0.6609375 0.028125 0.03125
0 0.9828125 0.6890625 0.025 0.025
0 0.96875 0.66875 0.01875 0.025
0 0.959375 0.5734375 0.028125 0.03125
0 0.99453125 0.571875 0.0109375 0.025
0 0.88125 0.54375 0.028125 0.03125
