0 0.98125 0.2328125 0.0375 0.05625
0 0.9 0.95 0.05625 0.05
0 0.465625 0.484375 0.0125 0.0125
0 0.5453125 0.4484375 0.053125 0.053125
0 0.97421875 0.84375 0.0515625 0.05
0 0.909375 0.6453125 0.059375 0.053125
0 0.990625 0.4109375 0.01875 0.0625
0 0.834375 0.73125 0.046875 0.05
0 0.725 0.6875 0.05 0.05
0 0.61875 0.653125 0.06875 0.05625
0 0.5984375 0.4421875 0.053125 0.053125
0 0.59375 0.440625 0.05 0.05
0 0.96875 0.3625 0.04375 0.05625
0 0.796875 0.41875 0.046875 0.053125
0 0.6046875 0.6203125 0.05625 0.065625
0 0.053125 0.709375 0.034375 0.028125
0 0.13125 0.7171875 0.028125 0.025
0 0.596875 0.6125 0.04375 0.05
0 0.4703125 0.3734375 0.015625 0.015625
0 0.68125 0.265625 0.0375 0.04375
0 0.7859375 0.8578125 0.034375 0.0375
0 0.9515625 0.0875 0.040625 0.04375
0 0.078125 0.6 0.034375 0.03125
0 0.190625 0.559375 0.009375 0.009375
0 0.2484375 0.559375 0.015625 0.0125
0 0.284375 0.5859375 0.015625 0.009375
0 0.3359375 0.5703125 0.0125 0.0125
0 0.7 0.659375 0.03125 0.034375
