0 0.340625 0.0390625 0.075 0.078125
0 0.24375 0.225 0.065625 0.065625
0 0.3734375 0.73125 0.059375 0.053125
0 0.40625 0.4984375 0.05 0.053125
0 0.5140625 0.3890625 0.065625 0.0625
0 0.7109375 0.684375 0.053125 0.04375
0 0.1984375 0.4875 0.05625 0.0625
0 0.065625 0.396875 0.059375 0.05625
0 0.3046875 0.7890625 0.053125 0.046875
0 0.25625 0.4890625 0.059375 0.059375
0 0.0609375 0.796875 0.05 0.05
0 0.4171875 0.446875 0.059375 0.05625
0 0.43125 0.809375 0.053125 0.05
0 0.78125 0.5609375 0.046875 0.046875
0 0.01796875 0.9453125 0.0359375 0.053125
0 0.4515625 0.4796875 0.05 0.040625
0 0.30625 0.371875 0.034375 0.04375
0 0.2328125 0.6890625 0.04375 0.046875
0 0.721875 0.49375 0.05 0.05
0 0.0359375 0.103125 0.05625 0.05
0 0.609375 0.5859375 0.0625 0.053125
0 0.3984375 0.8734375 0.046875 0.040625
0 0.490625 0.2015625 0.046875 0.04375
0 0.471875 0.8484375 0.04375 0.0375
0 0.3375 0.103125 0.075 0.06875
0 0.3203125 0.6359375 0.053125 0.046875
0 0.6953125 0.440625 0.034375 0.046875
0 0.59375 0.6984375 0.0375 0.0375
0 0.54375 0.60625 0.034375 0.025
0 0.3171875 0.634375 0.053125 0.046875
0 0.484375 0.6796875 0.0375 0.04375
0 0.4765625 0.684375 0.040625 0.05
0 0.7859375 0.634375 0.04375 0.040625
0 0.4765625 0.478125 0.034375 0.04375
