0 0.503125 0.284375 0.078125 0.078125
0 0.7015625 0.5015625 0.075 0.06875
0 0.5703125 0.715625 0.06875 0.0625
0 0.14375 0.46875 0.0625 0.04375
0 0.48125 0.60625 0.04375 0.0625
0 0.3328125 0.4859375 0.075 0.059375
0 0.4984375 0.7546875 0.071875 0.0625
0 0.5390625 0.6640625 0.053125 0.046875
0 0.546875 0.5765625 0.08125 0.078125
0 0.3765625 0.4046875 0.0875 0.078125
0 0.153125 0.5828125 0.04375 0.046875
0 0.2015625 0.140625 0.06875 0.075
0 0.2546875 0.11875 0.078125 0.06875
0 0.23125 0.0859375 0.078125 0.071875
0 0.9171875 0.275 0.05625 0.05625
0 0.1421875 0.5078125 0.034375 0.0375
0 0.575 0.559375 0.0625 0.071875
