0 0.0921875 0.6453125 0.021875 0.0375
0 0.1359375 0.7265625 0.028125 0.028125
0 0.1375 0.7046875 0.028125 0.025
0 0.134375 0.825 0.028125 0.03125
0 0.1625 0.8703125 0.0375 0.03125
0 0.2 0.684375 0.021875 0.01875
0 0.1953125 0.6609375 0.028125 0.03125
0 0.271875 0.8671875 0.03125 0.03125
0 0.3265625 0.8328125 0.028125 0.03125
0 0.3515625 0.7546875 0.03125 0.028125
0 0.4109375 0.7484375 0.034375 0.028125
0 0.4125 0.746875 0.025 0.03125
0 0.2328125 0.6890625 0.025 0.025
0 0.21875 0.66875 0.01875 0.025
0 0.465625 0.6671875 0.03125 0.028125
0 0.425 0.715625 0.04375 0.021875
0 0.3328125 0.60625 0.028125 0.03125
0 0.209375 0.5734375 0.028125 0.03125
0 0.253125 0.571875 0.028125 0.025
0 0.13125 0.54375 0.028125 0.03125
0 0.4890625 0.603125 0.01875 0.021875
0 0.475 0.7078125 0.021875 0.025
0 0.60625 0.5859375 0.015625 0.015625
0 0.571875 0.6328125 0.015625 0.015625
0 0.6734375 0.621875 0.009375 0.0125
0 0.6375 0.6875 0.01875 0.015625
0 0.65625 0.6875 0.0125 0.015625
0 0.6703125 0.6859375 0.015625 0.0125
0 0.6984375 0.6109375 0.015625 0.015625
0 0.734375 0.653125 0.01875 0.015625
0 0.66875 0.746875 0.021875 0.015625
0 0.7984375 0.73125 0.015625 0.009375
0 0.79375 0.7171875 0.015625 0.0125
0 0.821875 0.7765625 0.0125 0.0125
0 0.825 0.6203125 0.0125 0.01875
0 0.8484375 0.60625 0.0125 0.015625
0 0.8609375 0.5734375 0.009375 0.009375
0 0.8921875 0.5890625 0.0125 0.015625
0 0.8859375 0.56875 0.009375 0.009375
0 0.859375 0.6484375 0.015625 0.009375
0 0.9046875 0.6234375 0.009375 0.0125
