0 0.2953125 0.2328125 0.065625 0.05625
0 0.94375 0.225 0.065625 0.065625
0 0.334375 0.6875 0.053125 0.053125
0 0.559375 0.628125 0.0625 0.065625
0 0.61875 0.634375 0.0625 0.059375
0 0.2 0.95 0.05625 0.05
0 0.8984375 0.4875 0.05625 0.0625
0 0.66875 0.2828125 0.059375 0.05625
0 0.765625 0.396875 0.059375 0.05625
0 0.9890625 0.7890625 0.021875 0.046875
0 0.95625 0.4890625 0.059375 0.059375
0 0.7609375 0.796875 0.05 0.05
0 0.2765625 0.84375 0.05625 0.05
0 0.209375 0.6453125 0.059375 0.053125
0 0.3109375 0.4109375 0.059375 0.0625
0 0.134375 0.73125 0.046875 0.05
0 0.3515625 0.93125 0.05 0.05
0 0.70625 0.9453125 0.059375 0.053125
0 0.99453125 0.371875 0.0109375 0.04375
0 0.025 0.6875 0.05 0.05
0 0.9328125 0.6890625 0.04375 0.046875
0 0.478125 0.45625 0.053125 0.078125
0 0.7359375 0.103125 0.05625 0.05
0 0.41875 0.4359375 0.04375 0.046875
0 0.490625 0.5375 0.040625 0.040625
0 0.353125 0.41875 0.04375 0.046875
0 0.996875 0.6359375 0.00625 0.046875
0 0.26875 0.3625 0.04375 0.05625
0 0.096875 0.41875 0.046875 0.053125
0 0.3546875 0.625 0.05625 0.059375
0 0.9953125 0.634375 0.009375 0.046875
0 0.4484375 0.4375 0.053125 0.04375
0 0.0859375 0.8578125 0.034375 0.0375
0 0.2515625 0.0875 0.040625 0.04375
0 0.0078125 0.659375 0.015625 0.034375
