0 0.9109375 0.7640625 0.065625 0.059375
0 0.6390625 0.7640625 0.0625 0.065625
0 0.56875 0.5890625 0.065625 0.0625
0 0.6953125 0.478125 0.059375 0.071875
0 0.865625 0.6984375 0.065625 0.065625
0 0.64375 0.509375 0.06875 0.065625
0 0.921875 0.453125 0.0625 0.084375
0 0.465625 0.6921875 0.046875 0.05
0 0.50625 0.615625 0.059375 0.05625
0 0.403125 0.521875 0.053125 0.05625
0 0.54375 0.49375 0.071875 0.059375
0 0.3375 0.6015625 0.053125 0.053125
0 0.1984375 0.24375 0.0625 0.05625
0 0.99765625 0.8078125 0.0046875 0.046875
0 0.2515625 0.653125 0.04375 0.046875
0 0.35625 0.4578125 0.0375 0.04375
0 0.3609375 0.3984375 0.053125 0.046875
0 0.4859375 0.3671875 0.040625 0.040625
0 0.23125 0.596875 0.04375 0.046875
0 0.5640625 0.7546875 0.040625 0.053125
0 0.578125 0.2484375 0.053125 0.05625
0 0.8015625 0.8703125 0.034375 0.0375
0 0.584375 0.69375 0.04375 0.040625
0 0.8171875 0.178125 0.040625 0.040625
0 0.3 0.446875 0.0375 0.05
