0 0.36875 0.5671875 0.071875 0.078125
0 0.0359375 0.7640625 0.065625 0.059375
0 0.3890625 0.7578125 0.075 0.071875
0 0.01171875 0.6984375 0.0234375 0.065625
0 0.046875 0.453125 0.0625 0.084375
0 0.3453125 0.825 0.0625 0.05625
0 0.2890625 0.8515625 0.059375 0.05625
0 0.775 0.328125 0.053125 0.05625
0 0.3953125 0.3890625 0.065625 0.071875
0 0.26875 0.7859375 0.053125 0.05
0 0.1515625 0.8078125 0.0625 0.046875
0 0.4875 0.621875 0.059375 0.06875
0 0.56875 0.296875 0.040625 0.046875
0 0.434375 0.6109375 0.071875 0.075
0 0.2125 0.771875 0.04375 0.046875
0 0.471875 0.1625 0.04375 0.034375
0 0.434375 0.6125 0.071875 0.071875
0 0.6890625 0.409375 0.028125 0.021875
0 0.23125 0.534375 0.053125 0.05
