0 0.7625 0.5453125 0.0875 0.0875
0 0.83125 0.6984375 0.06875 0.065625
0 0.925 0.3203125 0.084375 0.09375
0 0.73125 0.403125 0.08125 0.0875
0 0.5078125 0.29375 0.0625 0.05625
0 0.5046875 0.2671875 0.06875 0.06875
0 0.7796875 0.371875 0.075 0.075
0 0.99921875 0.928125 0.0015625 0.078125
0 0.4453125 0.5984375 0.065625 0.071875
0 0.978125 0.7140625 0.04375 0.09375
0 0.35 0.5234375 0.059375 0.05625
0 0.3859375 0.7125 0.075 0.05625
0 0.403125 0.6203125 0.0625 0.05625
0 0.340625 0.60625 0.040625 0.05
0 0.6234375 0.4453125 0.053125 0.05625
0 0.4625 0.4640625 0.05625 0.0625
0 0.246875 0.2828125 0.05625 0.053125
0 0.9234375 0.8578125 0.053125 0.05625
0 0.415625 0.4765625 0.040625 0.0375
0 0.2515625 0.246875 0.065625 0.05625
0 0.2671875 0.50625 0.040625 0.040625
0 0.996875 0.6796875 0.00625 0.06875
0 0.4609375 0.4671875 0.05625 0.059375
0 0.4234375 0.153125 0.046875 0.0375
0 0.4296875 0.7640625 0.03125 0.046875
0 0.6234375 0.4453125 0.05 0.053125
0 0.8109375 0.215625 0.071875 0.06875
0 0.746875 0.1171875 0.0625 0.046875
