0 0.7578125 0.24375 0.08125 0.084375
0 0.5828125 0.6375 0.0875 0.08125
0 0.05 0.3203125 0.084375 0.09375
0 0.3546875 0.8796875 0.078125 0.075
0 0.6484375 0.25625 0.075 0.078125
0 0.665625 0.6671875 0.075 0.084375
0 0.165625 0.928125 0.084375 0.078125
0 0.540625 0.44375 0.071875 0.071875
0 0.1203125 0.7140625 0.078125 0.09375
0 0.7203125 0.971875 0.078125 0.05625
0 0.696875 0.915625 0.071875 0.059375
0 0.571875 0.1421875 0.078125 0.06875
0 0.91875 0.5234375 0.065625 0.071875
0 0.54375 0.5046875 0.06875 0.06875
0 0.8640625 0.5125 0.0625 0.075
0 0.565625 0.8375 0.065625 0.05
0 0.4703125 0.203125 0.075 0.071875
0 0.46875 0.8421875 0.059375 0.065625
0 0.0484375 0.8578125 0.053125 0.05625
0 0.3109375 0.2125 0.075 0.075
0 0.5234375 0.103125 0.053125 0.075
0 0.1609375 0.6796875 0.084375 0.06875
0 0.1984375 0.1078125 0.0625 0.05625
