0 0.790625 0.26875 0.071875 0.06875
0 0.5859375 0.0234375 0.0625 0.046875
0 0.778125 0.165625 0.0625 0.059375
0 0.1046875 0.2609375 0.071875 0.078125
0 0.903125 0.559375 0.075 0.090625
0 0.9 0.9984375 0.128125 0.003125
0 0.6953125 0.9078125 0.09375 0.096875
0 0.265625 0.68125 0.071875 0.078125
0 0.58125 0.2625 0.053125 0.05625
0 0.5109375 0.3359375 0.059375 0.05625
0 0.7328125 0.3 0.05625 0.05
0 0.775 0.353125 0.06875 0.075
0 0.9640625 0.4125 0.06875 0.075
0 0.8625 0.25625 0.059375 0.059375
0 0.1875 0.26875 0.06875 0.065625
0 0.015625 0.521875 0.03125 0.065625
0 0.0734375 0.1109375 0.053125 0.040625
0 0.7796875 0.8453125 0.059375 0.071875
0 0.9671875 0.8671875 0.0625 0.05625
0 0.35625 0.00859375 0.05625 0.0171875
0 0.446875 0.01796875 0.071875 0.0359375
0 0.378125 0.390625 0.053125 0.053125
