0 0.48125 0.0765625 0.240625 0.15
0 0.6125 0.921875 0.0875 0.0875
0 0.0421875 0.946875 0.065625 0.065625
0 0.7296875 0.7703125 0.08125 0.075
0 0.0328125 0.6 0.065625 0.065625
0 0.01328125 0.6328125 0.0265625 0.075
0 0.1078125 0.7890625 0.0625 0.059375
0 0.4390625 0.925 0.059375 0.065625
0 0.6390625 0.3859375 0.146875 0.1375
0 0.3640625 0.2796875 0.15625 0.15
0 0.446875 0.5859375 0.1 0.090625
0 0.5921875 0.6453125 0.0875 0.06875
0 0.3640625 0.7453125 0.059375 0.05625
0 0.3828125 0.3484375 0.1 0.084375
0 0.4375 0.7296875 0.053125 0.0375
0 0.3859375 0.85625 0.059375 0.046875
0 0.1546875 0.8046875 0.04375 0.04375
0 0.115625 0.31875 0.10625 0.090625
0 0.1046875 0.4015625 0.071875 0.053125
0 0.1234375 0.5796875 0.090625 0.075
