0 0.375 0.96796875 0.1 0.0640625
0 0.5546875 0.73125 0.103125 0.1
0 0.2203125 0.7453125 0.1 0.090625
0 0.353125 0.5125 0.13125 0.140625
0 0.05859375 0.04375 0.1171875 0.0875
0 0.4890625 0.6796875 0.09375 0.109375
0 0.2078125 0.5578125 0.15 0.171875
0 0.5109375 0.965625 0.084375 0.06875
0 0.00546875 0.8265625 0.0109375 0.078125
0 0.64375 0.19375 0.1125 0.115625
0 0.3765625 0.3546875 0.08125 0.078125
0 0.7921875 0.946875 0.065625 0.065625
0 0.4765625 0.88125 0.078125 0.065625
0 0.78125 0.6 0.06875 0.065625
0 0.4828125 0.3875 0.075 0.09375
0 0.7390625 0.6328125 0.075 0.075
0 0.8578125 0.7890625 0.0625 0.059375
0 0.396875 0.8578125 0.06875 0.059375
0 0.5109375 0.4640625 0.065625 0.078125
0 0.715625 0.9625 0.05 0.053125
0 0.6734375 0.70625 0.05625 0.05
0 0.040625 0.6078125 0.06875 0.065625
0 0.0265625 0.5640625 0.053125 0.0625
0 0.5859375 0.5296875 0.071875 0.078125
0 0.9046875 0.8046875 0.04375 0.04375
0 0.03359375 0.3890625 0.0671875 0.1
0 0.865625 0.31875 0.10625 0.090625
0 0.8546875 0.4015625 0.071875 0.053125
0 0.8734375 0.5796875 0.090625 0.075
