0 0.1421875 0.95625 0.040625 0.0375
0 0.246875 0.925 0.028125 0.028125
0 0.31875 0.909375 0.025 0.021875
0 0.75625 0.9265625 0.01875 0.015625
0 0.734375 0.9703125 0.0125 0.009375
0 0.7390625 0.8734375 0.015625 0.01875
0 0.709375 0.7578125 0.0125 0.0125
0 0.6921875 0.7359375 0.0125 0.009375
0 0.5671875 0.7703125 0.01875 0.015625
0 0.771875 0.8453125 0.015625 0.0125
0 0.340625 0.9375 0.025 0.021875
0 0.265625 0.903125 0.025 0.021875
0 0.2875 0.903125 0.021875 0.025
0 0.3046875 0.8640625 0.021875 0.028125
0 0.4515625 0.76875 0.015625 0.015625
0 0.3828125 0.790625 0.025 0.021875
0 0.365625 0.828125 0.021875 0.025
0 0.30625 0.678125 0.03125 0.028125
0 0.1171875 0.8265625 0.03125 0.03125
0 0.1875 0.8484375 0.028125 0.028125
0 0.2140625 0.8328125 0.021875 0.021875
0 0.065625 0.746875 0.01875 0.0125
