0 0.91875 0.55 0.0375 0.04375
0 0.15 0.7625 0.065625 0.05
0 0.60625 0.6296875 0.059375 0.059375
0 0.98984375 0.6203125 0.0203125 0.059375
0 0.98984375 0.7046875 0.0203125 0.04375
0 0.9625 0.7765625 0.05 0.065625
0 0.1328125 0.5703125 0.0375 0.034375
0 0.4640625 0.5984375 0.04375 0.040625
0 0.934375 0.790625 0.03125 0.046875
0 0.5359375 0.8921875 0.03125 0.034375
0 0.4890625 0.9 0.034375 0.040625
0 0.2 0.99453125 0.03125 0.0109375
0 0.35 0.9984375 0.034375 0.003125
0 0.1546875 0.9453125 0.03125 0.03125
0 0.965625 0.3921875 0.034375 0.0375
0 0.98515625 0.4578125 0.0296875 0.03125
0 0.9296875 0.4328125 0.034375 0.034375
0 0.946875 0.45 0.03125 0.034375
0 0.784375 0.4546875 0.03125 0.034375
0 0.7390625 0.384375 0.028125 0.025
0 0.728125 0.2953125 0.028125 0.0375
0 0.7 0.275 0.025 0.03125
0 0.6734375 0.259375 0.03125 0.03125
0 0.3296875 0.378125 0.040625 0.0375
0 0.421875 0.584375 0.0375 0.034375
0 0.3328125 0.6296875 0.0375 0.034375
0 0.653125 0.359375 0.034375 0.03125
0 0.81875 0.80625 0.028125 0.03125
0 0.890625 0.828125 0.028125 0.034375
0 0.2953125 0.4765625 0.040625 0.040625
0 0.0234375 0.709375 0.04375 0.04375
0 0.628125 0.4453125 0.040625 0.040625
0 0.7140625 0.6609375 0.040625 0.040625
0 0.6640625 0.60625 0.040625 0.046875
