0 0.8859375 0.834375 0.0875 0.0625
0 0.9859375 0.8609375 0.028125 0.075
0 0.7203125 0.609375 0.059375 0.065625
0 0.825 0.5875 0.071875 0.0625
0 0.409375 0.571875 0.075 0.065625
0 0.48125 0.5640625 0.071875 0.06875
0 0.440625 0.7046875 0.059375 0.05
0 0.1140625 0.5140625 0.053125 0.0625
0 0.2515625 0.5078125 0.053125 0.075
0 0.1875 0.684375 0.05 0.05625
0 0.21875 0.734375 0.0375 0.0375
0 0.2828125 0.7046875 0.0625 0.05625
0 0.1984375 0.9515625 0.0875 0.053125
0 0.2453125 0.8921875 0.059375 0.0625
0 0.9796875 0.3265625 0.040625 0.075
0 0.0671875 0.559375 0.0625 0.0625
0 0.8140625 0.1296875 0.05 0.0625
