0 0.434375 0.8578125 0.05625 0.0625
0 0.5578125 0.86875 0.05625 0.046875
0 0.865625 0.8546875 0.053125 0.053125
0 0.4828125 0.684375 0.059375 0.053125
0 0.6828125 0.6796875 0.05 0.046875
0 0.6421875 0.6765625 0.0375 0.046875
0 0.446875 0.575 0.040625 0.04375
0 0.471875 0.4671875 0.05 0.05
0 0.5140625 0.4875 0.053125 0.05
0 0.428125 0.440625 0.046875 0.05
0 0.4125 0.3953125 0.046875 0.05
0 0.71875 0.35 0.0625 0.05
0 0.7546875 0.55 0.053125 0.04375
0 0.815625 0.703125 0.05625 0.053125
0 0.5078125 0.8296875 0.05 0.053125
0 0.9671875 0.996875 0.0625 0.00625
0 0.034375 0.9921875 0.06875 0.015625
0 0.2234375 0.85625 0.065625 0.059375
0 0.2859375 0.909375 0.075 0.06875
0 0.5171875 0.6421875 0.059375 0.0625
0 0.025 0.9265625 0.05 0.0625
