0 0.0421875 0.55 0.0375 0.04375
0 0.696875 0.7921875 0.040625 0.0375
0 0.128125 0.6203125 0.05 0.059375
0 0.1203125 0.7046875 0.034375 0.04375
0 0.0859375 0.7765625 0.05 0.065625
0 0.65 0.7859375 0.0375 0.034375
0 0.0578125 0.790625 0.03125 0.046875
0 0.209375 0.946875 0.040625 0.05
0 0.3765625 0.928125 0.040625 0.0375
0 0.4328125 0.884375 0.040625 0.04375
0 0.6875 0.871875 0.04375 0.040625
0 0.675 0.840625 0.040625 0.0375
0 0.2109375 0.715625 0.03125 0.028125
0 0.4296875 0.6140625 0.03125 0.034375
0 0.290625 0.5296875 0.03125 0.03125
0 0.0890625 0.3921875 0.034375 0.0375
0 0.109375 0.4578125 0.03125 0.03125
0 0.053125 0.4328125 0.034375 0.034375
0 0.0703125 0.45 0.03125 0.034375
0 0.0140625 0.828125 0.028125 0.034375
0 0.5234375 0.73125 0.021875 0.03125
