0 0.4625 0.88125 0.10625 0.1125
0 0.03984375 0.6796875 0.0796875 0.090625
0 0.6078125 0.8484375 0.08125 0.078125
0 0.825 0.78125 0.071875 0.06875
0 0.6328125 0.390625 0.05625 0.05625
0 0.490625 0.55625 0.05625 0.065625
0 0.7359375 0.5171875 0.065625 0.06875
0 0.8421875 0.4421875 0.059375 0.0625
0 0.6296875 0.50625 0.05625 0.053125
0 0.5703125 0.975 0.0875 0.05
0 0.434375 0.1078125 0.05625 0.0625
0 0.5578125 0.11875 0.05625 0.046875
0 0.865625 0.1046875 0.053125 0.053125
0 0.5078125 0.0796875 0.05 0.053125
0 0.9671875 0.2734375 0.0625 0.059375
0 0.8 0.63125 0.08125 0.071875
0 0.034375 0.28125 0.06875 0.09375
0 0.2234375 0.10625 0.065625 0.059375
0 0.2859375 0.159375 0.075 0.06875
0 0.3546875 0.2890625 0.0375 0.04375
0 0.96875 0.884375 0.059375 0.096875
0 0.025 0.1765625 0.05 0.0625
