0 0.6546875 0.99375 0.09375 0.0125
0 0.96015625 0.7453125 0.0796875 0.090625
0 0.76875 0.04375 0.196875 0.0875
0 0.1578125 0.9046875 0.1625 0.153125
0 0.94140625 0.5578125 0.1171875 0.171875
0 0.665625 0.4265625 0.16875 0.15625
0 0.7140625 0.8265625 0.09375 0.078125
0 0.6390625 0.925 0.1 0.08125
0 0.509375 0.7875 0.06875 0.078125
0 0.0421875 0.6140625 0.0625 0.109375
0 0.6390625 0.51875 0.096875 0.10625
0 0.1140625 0.684375 0.084375 0.103125
0 0.790625 0.6078125 0.06875 0.065625
0 0.2703125 0.534375 0.109375 0.103125
0 0.771875 0.5640625 0.0625 0.0625
0 0.6328125 0.1953125 0.05625 0.05625
0 0.6734375 0.1421875 0.05625 0.053125
0 0.76875 0.3890625 0.096875 0.1
0 0.5953125 0.4171875 0.1125 0.14375
