0 0.675 0.9140625 0.096875 0.10625
0 0.4265625 0.94375 0.059375 0.08125
0 0.9046875 0.6796875 0.1 0.090625
0 0.2625 0.7609375 0.0625 0.0625
0 0.1859375 0.521875 0.0625 0.065625
0 0.18125 0.5828125 0.0625 0.0625
0 0.221875 0.6328125 0.0625 0.071875
0 0.51875 0.5546875 0.053125 0.05
0 0.65625 0.55 0.0625 0.059375
0 0.6390625 0.8828125 0.059375 0.0875
0 0.134375 0.4171875 0.059375 0.05625
0 0.3125 0.475 0.059375 0.0625
0 0.3390625 0.31875 0.05 0.05625
0 0.2484375 0.2703125 0.05 0.046875
0 0.16875 0.1453125 0.053125 0.05625
0 0.2890625 0.253125 0.04375 0.05
0 0.2546875 0.21875 0.040625 0.040625
0 0.7703125 0.315625 0.084375 0.078125
0 0.9015625 0.28125 0.084375 0.09375
0 0.8125 0.2734375 0.075 0.075
0 0.7296875 0.184375 0.05625 0.04375
0 0.696875 0.1640625 0.075 0.065625
0 0.7046875 0.0546875 0.053125 0.034375
0 0.4890625 0.428125 0.059375 0.06875
0 0.8953125 0.1765625 0.059375 0.0625
0 0.5265625 0.3078125 0.053125 0.040625
