0 0.15 0.01875 0.065625 0.0375
0 0.9625 0.0296875 0.05 0.059375
0 0.934375 0.040625 0.03125 0.046875
0 0.5359375 0.1421875 0.03125 0.034375
0 0.4890625 0.15 0.034375 0.040625
0 0.209375 0.2921875 0.0375 0.03125
0 0.2 0.2546875 0.03125 0.03125
0 0.35 0.2625 0.034375 0.03125
0 0.1546875 0.1953125 0.03125 0.03125
0 0.134375 0.4015625 0.0375 0.040625
0 0.1359375 0.471875 0.040625 0.040625
0 0.0375 0.4359375 0.034375 0.03125
0 0.98984375 0.5703125 0.0203125 0.040625
0 0.9625 0.46875 0.040625 0.028125
0 0.9609375 0.371875 0.028125 0.034375
0 0.959375 0.275 0.028125 0.03125
0 0.871875 0.4296875 0.034375 0.03125
0 0.8109375 0.4140625 0.028125 0.03125
0 0.8375 0.4546875 0.040625 0.0375
0 0.703125 0.5390625 0.046875 0.046875
0 0.6515625 0.321875 0.03125 0.03125
0 0.6359375 0.5828125 0.028125 0.03125
0 0.81875 0.05625 0.028125 0.03125
0 0.890625 0.078125 0.028125 0.034375
0 0.696875 0.4640625 0.03125 0.034375
0 0.0171875 0.5296875 0.034375 0.03125
0 0.8234375 0.6140625 0.034375 0.040625
0 0.790625 0.625 0.0375 0.040625
