0 0.2765625 0.9234375 0.06875 0.06875
0 0.1828125 0.99765625 0.075 0.0046875
0 0.421875 0.553125 0.06875 0.0625
0 0.2984375 0.4609375 0.065625 0.0625
0 0.4 0.6765625 0.059375 0.059375
0 0.1046875 0.96640625 0.06875 0.0671875
0 0.215625 0.4671875 0.034375 0.05625
0 0.2953125 0.603125 0.06875 0.06875
0 0.875 0.95625 0.040625 0.0375
0 0.1046875 0.8640625 0.05625 0.05
0 0.9796875 0.925 0.028125 0.028125
0 0.99296875 0.903125 0.0140625 0.021875
0 0.85 0.8265625 0.03125 0.03125
0 0.9203125 0.8484375 0.028125 0.028125
0 0.946875 0.8328125 0.021875 0.021875
0 0.659375 0.871875 0.025 0.028125
0 0.6828125 0.875 0.021875 0.025
0 0.6828125 0.8984375 0.015625 0.0125
0 0.6359375 0.7265625 0.015625 0.0125
0 0.7984375 0.746875 0.01875 0.0125
0 0.2625 0.7546875 0.0625 0.05625
