0 0.375 0.109375 0.1 0.096875
0 0.5109375 0.1 0.084375 0.0875
0 0.203125 0.2390625 0.075 0.078125
0 0.7921875 0.071875 0.065625 0.065625
0 0.4765625 0.01953125 0.078125 0.0390625
0 0.63125 0.34375 0.0625 0.06875
0 0.0890625 0.4984375 0.078125 0.08125
0 0.40625 0.3078125 0.05625 0.059375
0 0.6984375 0.35 0.059375 0.059375
0 0.396875 0.00625 0.06875 0.0125
0 0.25625 0.4515625 0.05625 0.05625
0 0.24375 0.3609375 0.065625 0.06875
0 0.315625 0.1890625 0.05625 0.059375
0 0.715625 0.0875 0.05 0.053125
0 0.31875 0.340625 0.05 0.034375
