0 0.0484375 0.246875 0.08125 0.071875
0 0.2296875 0.2984375 0.075 0.0625
0 0.91875 0.7015625 0.071875 0.059375
0 0.9875 0.1234375 0.025 0.06875
0 0.409375 0.178125 0.071875 0.08125
0 0.915625 0.23125 0.075 0.071875
0 0.471875 0.5171875 0.053125 0.071875
0 0.8375 0.16875 0.06875 0.071875
0 0.271875 0.4390625 0.05625 0.071875
0 0.971875 0.31875 0.053125 0.05
0 0.9796875 0.615625 0.040625 0.071875
0 0.840625 0.3078125 0.065625 0.0625
0 0.6390625 0.709375 0.06875 0.0625
0 0.5109375 0.196875 0.0625 0.05625
0 0.859375 0.65625 0.05625 0.0625
0 0.546875 0.5296875 0.053125 0.0625
0 0.64375 0.609375 0.059375 0.078125
0 0.8375 0.0640625 0.05625 0.05
0 0.7578125 0.690625 0.065625 0.059375
0 0.7625 0.2484375 0.053125 0.053125
0 0.725 0.5515625 0.065625 0.05
0 0.99609375 0.484375 0.0078125 0.046875
0 0.934375 0.4296875 0.0625 0.075
