0 0.0453125 0.0640625 0.084375 0.090625
0 0.4109375 0.375 0.0875 0.078125
0 0.5328125 0.2015625 0.071875 0.075
0 0.39375 0.878125 0.08125 0.075
0 0.4203125 0.9734375 0.0625 0.053125
0 0.15 0.01171875 0.0875 0.0234375
0 0.78125 0.1984375 0.06875 0.075
0 0.2453125 0.66875 0.053125 0.05625
0 0.96875 0.3703125 0.059375 0.065625
0 0.2421875 0.99453125 0.05 0.0109375
0 0.2140625 0.5421875 0.08125 0.078125
0 0.8515625 0.9171875 0.08125 0.096875
0 0.4109375 0.5921875 0.059375 0.078125
0 0.5296875 0.553125 0.08125 0.071875
0 0.9 0.865625 0.065625 0.075
0 0.2765625 0.5828125 0.065625 0.075
0 0.0734375 0.1328125 0.05625 0.0625
0 0.125 0.3015625 0.059375 0.05625
0 0.9671875 0.265625 0.05 0.04375
0 0.7125 0.5015625 0.05625 0.053125
0 0.30625 0.1515625 0.05 0.05625
0 0.8578125 0.4515625 0.034375 0.025
0 0.5109375 0.9375 0.071875 0.06875
0 0.6828125 0.103125 0.0625 0.053125
0 0.9875 0.7421875 0.021875 0.08125
0 0.3328125 0.7046875 0.075 0.05
0 0.2328125 0.5953125 0.053125 0.05
0 0.146875 0.059375 0.0625 0.053125
0 0.5125 0.359375 0.040625 0.04375
0 0.00546875 0.3484375 0.0109375 0.03125
0 0.0390625 0.2015625 0.053125 0.059375
0 0.675 0.03671875 0.090625 0.0734375
0 0.05625 0.8171875 0.059375 0.046875
0 0.4953125 0.0375 0.078125 0.075
0 0.1703125 0.534375 0.05 0.065625
0 0.5171875 0.6734375 0.05 0.040625
