0 0.9203125 0.8140625 0.084375 0.090625
0 0.721875 0.6265625 0.071875 0.075
0 0.990625 0.7359375 0.01875 0.075
0 0.9484375 0.8828125 0.05625 0.0625
0 0.03125 0.9265625 0.053125 0.053125
0 0.0203125 0.9765625 0.040625 0.046875
0 0.678125 0.796875 0.0375 0.06875
0 0.9953125 0.809375 0.009375 0.053125
0 0.071875 0.99609375 0.034375 0.0078125
0 0.1625 0.9234375 0.05625 0.05
0 0.6 0.8015625 0.065625 0.0625
0 0.9140625 0.9515625 0.053125 0.059375
0 0.7671875 0.9078125 0.021875 0.021875
0 0.7953125 0.7375 0.0375 0.0125
