0 0.81875 0.103125 0.075 0.059375
0 0.059375 0.2921875 0.05625 0.05625
0 0.25 0.128125 0.059375 0.053125
0 0.4296875 0.4609375 0.059375 0.059375
0 0.3734375 0.1375 0.05625 0.059375
0 0.925 0.0453125 0.0625 0.059375
0 0.6140625 0.190625 0.065625 0.059375
0 0.1609375 0.275 0.05625 0.059375
0 0.5671875 0.25625 0.05 0.053125
0 0.3953125 0.3984375 0.05 0.053125
0 0.86875 0.01796875 0.040625 0.0359375
0 0.409375 0.1765625 0.04375 0.05
0 0.609375 0.1453125 0.071875 0.05625
0 0.2234375 0.0125 0.05625 0.025
0 0.7875 0.084375 0.0625 0.0625
0 0.103125 0.2875 0.05 0.05625
0 0.3390625 0.215625 0.059375 0.05625
