0 0.734375 0.51875 0.03125 0.028125
0 0.4734375 0.5140625 0.021875 0.025
0 0.915625 0.409375 0.028125 0.028125
0 0.703125 0.625 0.03125 0.034375
0 0.690625 0.5953125 0.028125 0.021875
0 0.9890625 0.409375 0.021875 0.021875
0 0.5234375 0.58125 0.021875 0.025
0 0.7703125 0.4296875 0.0375 0.028125
0 0.51875 0.4625 0.03125 0.028125
0 0.7265625 0.615625 0.025 0.028125
0 0.715625 0.5828125 0.025 0.025
0 0.6671875 0.60625 0.028125 0.034375
0 0.60625 0.6140625 0.025 0.021875
0 0.6078125 0.5796875 0.028125 0.028125
0 0.5859375 0.546875 0.025 0.028125
0 0.5515625 0.4578125 0.021875 0.025
0 0.565625 0.4609375 0.01875 0.028125
0 0.4453125 0.3484375 0.021875 0.01875
0 0.253125 0.425 0.015625 0.009375
0 0.83125 0.2703125 0.028125 0.021875
0 0.4921875 0.5203125 0.025 0.021875
0 0.496875 0.4984375 0.025 0.021875
0 0.6484375 0.365625 0.0375 0.03125
0 0.546875 0.5546875 0.03125 0.021875
0 0.565625 0.60625 0.03125 0.025
0 0.85 0.5671875 0.03125 0.028125
0 0.9515625 0.509375 0.028125 0.028125
0 0.2640625 0.5015625 0.009375 0.009375
0 0.9546875 0.390625 0.021875 0.025
