0 0.8984375 0.7875 0.071875 0.075
0 0.6484375 0.29375 0.06875 0.075
0 0.9875 0.13125 0.025 0.078125
0 0.98984375 0.296875 0.0203125 0.084375
0 0.603125 0.6640625 0.053125 0.05
0 0.8109375 0.7015625 0.065625 0.059375
0 0.559375 0.4046875 0.0625 0.05625
0 0.915625 0.321875 0.06875 0.08125
0 0.9671875 0.7765625 0.065625 0.075
0 0.3421875 0.540625 0.059375 0.05625
0 0.36875 0.05 0.05 0.046875
0 0.3875 0.525 0.05625 0.065625
0 0.35 0.1234375 0.053125 0.053125
0 0.9796875 0.2375 0.040625 0.065625
0 0.0703125 0.203125 0.03125 0.028125
0 0.7734375 0.01953125 0.05 0.0390625
0 0.20625 0.6953125 0.053125 0.04375
0 0.421875 0.5671875 0.05625 0.046875
0 0.196875 0.340625 0.040625 0.034375
0 0.9609375 0.13125 0.03125 0.053125
0 0.025 0.346875 0.03125 0.025
0 0.184375 0.296875 0.0375 0.028125
0 0.35 0.58125 0.06875 0.053125
0 0.1421875 0.340625 0.03125 0.034375
0 0.615625 0.425 0.05 0.046875
0 0.1390625 0.403125 0.025 0.028125
0 0.1625 0.4 0.028125 0.025
0 0.0390625 0.209375 0.025 0.021875
0 0.2640625 0.1734375 0.025 0.021875
0 0.0546875 0.30625 0.028125 0.021875
0 0.0140625 0.271875 0.028125 0.025
0 0.9703125 0.8265625 0.05 0.034375
0 0.78125 0.4609375 0.040625 0.040625
0 0.703125 0.503125 0.01875 0.025
0 0.725 0.459375 0.03125 0.028125
0 0.0046875 0.19375 0.009375 0.025
0 0.025 0.1703125 0.028125 0.028125
0 0.5453125 0.7484375 0.05625 0.053125
