0 0.9203125 0.0640625 0.084375 0.090625
0 0.3578125 0.3046875 0.071875 0.059375
0 0.990625 0.01171875 0.01875 0.0234375
0 0.5203125 0.6375 0.075 0.06875
0 0.5234375 0.5796875 0.065625 0.065625
0 0.03125 0.3203125 0.0625 0.059375
0 0.721875 0.896875 0.09375 0.0875
0 0.221875 0.3890625 0.059375 0.05625
0 0.03125 0.4484375 0.0625 0.053125
0 0.6703125 0.409375 0.05 0.05
0 0.071875 0.5890625 0.05625 0.04375
0 0.9484375 0.1328125 0.05625 0.0625
0 0.03125 0.1765625 0.053125 0.053125
0 0.98515625 0.3015625 0.0296875 0.05625
0 0.5015625 0.68125 0.065625 0.05625
0 0.76875 0.3515625 0.0625 0.0625
0 0.5796875 0.4171875 0.05625 0.053125
0 0.2796875 0.4140625 0.05625 0.034375
0 0.7875 0.984375 0.0625 0.03125
0 0.0203125 0.228125 0.040625 0.05
0 0.678125 0.046875 0.0375 0.06875
0 0.9953125 0.059375 0.009375 0.053125
0 0.071875 0.2578125 0.034375 0.03125
0 0.1625 0.1734375 0.05625 0.05
0 0.8296875 0.6625 0.03125 0.034375
0 0.6 0.0515625 0.065625 0.0625
0 0.865625 0.3484375 0.040625 0.03125
0 0.4828125 0.996875 0.040625 0.00625
0 0.5234375 0.9 0.059375 0.06875
0 0.7 0.58125 0.05 0.046875
0 0.53125 0.4328125 0.04375 0.0375
0 0.5796875 0.640625 0.025 0.028125
0 0.9140625 0.2015625 0.053125 0.059375
0 0.93125 0.8171875 0.059375 0.046875
0 0.7671875 0.1578125 0.021875 0.021875
