0 0.54375 0.515625 0.0625 0.05625
0 0.79375 0.98203125 0.05625 0.0359375
0 0.4671875 0.6625 0.0625 0.059375
0 0.921875 0.44375 0.059375 0.059375
0 0.97734375 0.828125 0.0453125 0.053125
0 0.4453125 0.559375 0.05 0.053125
0 0.3234375 0.6390625 0.040625 0.04375
0 0.3609375 0.7203125 0.046875 0.046875
0 0.93125 0.64375 0.059375 0.059375
0 0.834375 0.3625 0.059375 0.05
0 0.6390625 0.8375 0.05 0.05
0 0.8953125 0.97265625 0.05625 0.0546875
0 0.00859375 0.51875 0.0171875 0.028125
0 0.1828125 0.409375 0.028125 0.028125
0 0.396875 0.71875 0.040625 0.046875
0 0.5921875 0.8265625 0.040625 0.04375
0 0.2578125 0.409375 0.025 0.021875
0 0.359375 0.796875 0.040625 0.034375
0 0.0375 0.4296875 0.0375 0.028125
0 0.003125 0.615625 0.00625 0.028125
0 0.0984375 0.2703125 0.028125 0.021875
0 0.1171875 0.5671875 0.03125 0.028125
0 0.21875 0.509375 0.028125 0.028125
0 0.4109375 0.3890625 0.0375 0.0375
0 0.328125 0.4375 0.03125 0.028125
0 0.871875 0.3484375 0.046875 0.053125
0 0.68125 0.9984375 0.046875 0.003125
0 0.9578125 0.69375 0.05625 0.0625
0 0.221875 0.390625 0.021875 0.025
0 0.8375 0.9796875 0.05 0.040625
0 0.621875 0.9546875 0.0375 0.034375
