0 0.0453125 0.8140625 0.084375 0.090625
0 0.5328125 0.9515625 0.071875 0.075
0 0.2359375 0.459375 0.0875 0.10625
0 0.4140625 0.6421875 0.078125 0.0875
0 0.15 0.7359375 0.0875 0.075
0 0.78125 0.9484375 0.06875 0.075
0 0.1875 0.6171875 0.084375 0.078125
0 0.6296875 0.703125 0.084375 0.0875
0 0.0734375 0.8828125 0.05625 0.0625
0 0.9671875 0.996875 0.05 0.00625
0 0.30625 0.9015625 0.05 0.05625
0 0.2484375 0.603125 0.0625 0.05
0 0.5859375 0.63125 0.059375 0.059375
0 0.6828125 0.853125 0.0625 0.053125
0 0.146875 0.809375 0.0625 0.053125
0 0.0390625 0.9515625 0.053125 0.059375
0 0.675 0.784375 0.090625 0.078125
0 0.4953125 0.7828125 0.078125 0.084375
