0 0.81875 0.803125 0.075 0.059375
0 0.3484375 0.503125 0.065625 0.065625
0 0.059375 0.98203125 0.05625 0.0359375
0 0.1875 0.44375 0.059375 0.059375
0 0.25 0.828125 0.059375 0.053125
0 0.3734375 0.8375 0.05625 0.059375
0 0.925 0.7453125 0.0625 0.059375
0 0.6140625 0.890625 0.065625 0.059375
0 0.196875 0.64375 0.059375 0.059375
0 0.1 0.3625 0.059375 0.05
0 0.1609375 0.97265625 0.05625 0.0546875
0 0.3 0.39375 0.05 0.040625
0 0.5671875 0.95625 0.05 0.053125
0 0.45 0.50625 0.065625 0.065625
0 0.86875 0.709375 0.040625 0.053125
0 0.409375 0.8765625 0.04375 0.05
0 0.6765625 0.5921875 0.05625 0.05625
0 0.609375 0.8453125 0.071875 0.05625
0 0.1375 0.3484375 0.046875 0.053125
0 0.2234375 0.69375 0.05625 0.0625
0 0.7875 0.784375 0.0625 0.0625
0 0.103125 0.9796875 0.05 0.040625
0 0.3390625 0.915625 0.059375 0.05625
0 0.5796875 0.3703125 0.05 0.05625
