0 0.46875 0.503125 0.078125 0.078125
0 0.5375 0.228125 0.08125 0.078125
0 0.0296875 0.7875 0.059375 0.075
0 0.1390625 0.13125 0.078125 0.078125
0 0.5546875 0.38125 0.075 0.08125
0 0.1453125 0.296875 0.08125 0.084375
0 0.615625 0.2265625 0.06875 0.06875
0 0.1890625 0.75625 0.084375 0.0625
0 0.2640625 0.5578125 0.065625 0.06875
0 0.040625 0.321875 0.06875 0.08125
0 0.0921875 0.7765625 0.065625 0.075
0 0.3046875 0.671875 0.05625 0.05
0 0.6 0.6859375 0.0625 0.059375
0 0.6140625 0.8046875 0.053125 0.05625
0 0.1078125 0.2375 0.046875 0.065625
0 0.7109375 0.6921875 0.05625 0.053125
0 0.6703125 0.6953125 0.040625 0.04375
0 0.0859375 0.13125 0.03125 0.053125
0 0.0953125 0.8265625 0.05 0.034375
0 0.6828125 0.3640625 0.059375 0.053125
0 0.5109375 0.871875 0.046875 0.046875
0 0.4625 0.825 0.046875 0.053125
