0 0.753125 0.99453125 0.09375 0.0109375
0 0.3640625 0.11875 0.1125 0.11875
0 0.046875 0.6078125 0.09375 0.134375
0 0.89375 0.00390625 0.090625 0.0078125
0 0.05625 0.7546875 0.1 0.1
0 0.0921875 0.115625 0.090625 0.1
0 0.15 0.9328125 0.090625 0.075
0 0.4953125 0.93125 0.06875 0.078125
0 0.0390625 0.234375 0.078125 0.103125
0 0.628125 0.5421875 0.1 0.1
0 0.2515625 0.97109375 0.11875 0.0578125
0 0.4765625 0.13125 0.0875 0.10625
0 0.2640625 0.853125 0.096875 0.1
0 0.5796875 0.02109375 0.090625 0.0421875
0 0.83125 0.0859375 0.071875 0.09375
0 0.3078125 0.609375 0.10625 0.103125
0 0.5515625 0.98515625 0.06875 0.0296875
0 0.4625 0.95625 0.059375 0.059375
0 0.203125 0.828125 0.078125 0.075
0 0.409375 0.85625 0.078125 0.04375
