0 0.5921875 0.0875 0.096875 0.096875
0 0.03203125 0.00390625 0.0640625 0.0078125
0 0.4984375 0.00859375 0.103125 0.0171875
0 0.7234375 0.3921875 0.06875 0.08125
0 0.6375 0.378125 0.0875 0.075
0 0.6265625 0.5203125 0.059375 0.071875
0 0.2140625 0.26875 0.096875 0.1
0 0.2734375 0.9578125 0.084375 0.084375
0 0.4375 0.03046875 0.1 0.0609375
0 0.665625 0.071875 0.06875 0.078125
0 0.7328125 0.646875 0.071875 0.071875
0 0.553125 0.6234375 0.04375 0.05
0 0.4484375 0.35625 0.065625 0.0875
0 0.3703125 0.95546875 0.096875 0.0890625
0 0.3703125 0.95546875 0.1 0.0890625
0 0.284375 0.9796875 0.071875 0.040625
0 0.8609375 0.6203125 0.071875 0.065625
0 0.696875 0.453125 0.065625 0.059375
