0 0.1328125 0.03515625 0.065625 0.0703125
0 0.0828125 0.2078125 0.090625 0.084375
0 0.0171875 0.7203125 0.034375 0.06875
0 0.4921875 0.790625 0.034375 0.040625
0 0.459375 0.0609375 0.078125 0.0625
0 0.4625 0.1921875 0.084375 0.075
0 0.4828125 0.3234375 0.0625 0.06875
0 0.996875 0.040625 0.00625 0.06875
0 0.409375 0.5484375 0.040625 0.040625
0 0.9125 0.6234375 0.025 0.025
0 0.9390625 0.5890625 0.04375 0.040625
0 0.1625 0.215625 0.059375 0.040625
0 0.240625 0.4078125 0.04375 0.05625
0 0.3796875 0.4765625 0.046875 0.040625
0 0.4984375 0.4078125 0.040625 0.025
0 0.6484375 0.984375 0.034375 0.03125
0 0.5890625 0.0734375 0.025 0.025
0 0.6375 0.153125 0.046875 0.03125
0 0.8984375 0.121875 0.053125 0.03125
