0 0.1125 0.778125 0.084375 0.059375
0 0.0953125 0.7171875 0.090625 0.065625
0 0.1484375 0.9203125 0.08125 0.06875
0 0.203125 0.8828125 0.05625 0.046875
0 0.4328125 0.875 0.084375 0.04375
0 0.8328125 0.6859375 0.05625 0.04375
0 0.3703125 0.71875 0.05625 0.046875
0 0.45625 0.8078125 0.05 0.040625
0 0.60625 0.7609375 0.05625 0.040625
0 0.7 0.83125 0.0625 0.046875
0 0.6875 0.7609375 0.0625 0.04375
0 0.334375 0.828125 0.05625 0.05
0 0.646875 0.7265625 0.053125 0.028125
0 0.678125 0.98828125 0.034375 0.0234375
0 0.2890625 0.8921875 0.0375 0.03125
0 0.01953125 0.99296875 0.0390625 0.0140625
