0 0.1484375 0.040625 0.08125 0.06875
0 0.203125 0.01328125 0.05625 0.0265625
0 0.4421875 0.20625 0.0875 0.06875
0 0.478125 0.290625 0.046875 0.046875
0 0.4828125 0.2484375 0.08125 0.05
0 0.5390625 0.2734375 0.065625 0.059375
0 0.3046875 0.4203125 0.084375 0.071875
0 0.553125 0.6671875 0.071875 0.059375
0 0.8546875 0.8015625 0.071875 0.059375
0 0.878125 0.74375 0.05 0.05
0 0.2609375 0.7734375 0.0375 0.025
0 0.3875 0.9875 0.034375 0.025
0 0.3875 0.746875 0.0375 0.028125
0 0.4296875 0.7734375 0.034375 0.021875
0 0.2484375 0.315625 0.053125 0.053125
0 0.3546875 0.2546875 0.071875 0.046875
0 0.4328125 0.00859375 0.084375 0.0171875
0 0.7296875 0.2515625 0.05625 0.053125
0 0.334375 0.8421875 0.025 0.021875
0 0.484375 0.7859375 0.03125 0.028125
0 0.0265625 0.6234375 0.025 0.025
0 0.053125 0.5890625 0.04375 0.040625
0 0.29375 0.6515625 0.03125 0.021875
0 0.134375 0.53125 0.03125 0.03125
0 0.1375 0.6203125 0.025 0.03125
0 0.634375 0.3890625 0.03125 0.034375
0 0.21875 0.3984375 0.034375 0.025
0 0.678125 0.1140625 0.034375 0.034375
0 0.2890625 0.0140625 0.0375 0.028125
0 0.01953125 0.121875 0.0390625 0.03125
0 0.21875 0.2078125 0.05625 0.03125
