0 0.9171875 0.4640625 0.103125 0.096875
0 0.821875 0.559375 0.096875 0.1
0 0.4140625 0.753125 0.075 0.078125
0 0.471875 0.090625 0.075 0.0875
0 0.715625 0.6296875 0.08125 0.071875
0 0.48125 0.796875 0.0625 0.053125
0 0.6828125 0.425 0.078125 0.059375
0 0.9703125 0.8578125 0.059375 0.08125
0 0.3453125 0.6640625 0.05625 0.0625
0 0.24375 0.7125 0.078125 0.078125
0 0.2625 0.440625 0.065625 0.08125
0 0.3296875 0.365625 0.040625 0.046875
0 0.5578125 0.740625 0.04375 0.046875
0 0.271875 0.896875 0.028125 0.01875
0 0.00625 0.8890625 0.0125 0.01875
0 0.2484375 0.578125 0.078125 0.075
0 0.1015625 0.9859375 0.01875 0.021875
0 0.509375 0.628125 0.06875 0.06875
0 0.1078125 0.825 0.021875 0.01875
0 0.26875 0.846875 0.028125 0.0375
0 0.3109375 0.84375 0.05 0.04375
0 0.6453125 0.865625 0.021875 0.025
0 0.0578125 0.9671875 0.021875 0.025
0 0.0609375 0.99609375 0.021875 0.0078125
0 0.090625 0.971875 0.015625 0.015625
0 0.09375 0.940625 0.01875 0.01875
0 0.1234375 0.9140625 0.021875 0.01875
0 0.146875 0.9109375 0.025 0.025
0 0.1375 0.9484375 0.01875 0.021875
0 0.1609375 0.9734375 0.025 0.025
0 0.190625 0.95 0.01875 0.025
0 0.178125 0.928125 0.021875 0.021875
0 0.090625 0.815625 0.01875 0.01875
0 0.025 0.8078125 0.01875 0.01875
0 0.2390625 0.321875 0.05625 0.05
0 0.38125 0.3375 0.046875 0.04375
0 0.34375 0.91875 0.05625 0.0625
0 0.3734375 0.865625 0.034375 0.025
0 0.8625 0.153125 0.05 0.05
