0 0.953125 0.80625 0.09375 0.10625
0 0.66875 0.165625 0.10625 0.096875
0 0.6734375 0.8671875 0.090625 0.096875
0 0.4625 0.309375 0.09375 0.09375
0 0.853125 0.8 0.109375 0.1
0 0.875 0.4484375 0.1125 0.10625
0 0.9890625 0.8421875 0.021875 0.109375
0 0.375 0.5890625 0.078125 0.0875
0 0.6421875 0.3453125 0.09375 0.09375
0 0.8421875 0.1484375 0.11875 0.134375
0 0.64375 0.975 0.109375 0.05
0 0.7359375 0.246875 0.075 0.0875
0 0.4796875 0.6171875 0.078125 0.06875
0 0.3484375 0.1515625 0.05625 0.0625
0 0.653125 0.6453125 0.10625 0.1
0 0.96953125 0.628125 0.0609375 0.115625
0 0.20625 0.2046875 0.01875 0.015625
0 0.0328125 0.309375 0.01875 0.01875
0 0.05 0.315625 0.015625 0.015625
0 0.05625 0.25625 0.021875 0.015625
