0 0.8484375 0.725 0.075 0.075
0 0.4953125 0.63125 0.0625 0.06875
0 0.2078125 0.5625 0.071875 0.071875
0 0.9484375 0.3453125 0.0625 0.0625
0 0.1484375 0.575 0.059375 0.05625
0 0.721875 0.740625 0.0625 0.05
0 0.83125 0.396875 0.0625 0.059375
0 0.0078125 0.81875 0.015625 0.046875
0 0.8078125 0.475 0.06875 0.0625
0 0.921875 0.18125 0.0375 0.040625
0 0.69375 0.3046875 0.046875 0.053125
0 0.1453125 0.4921875 0.071875 0.071875
0 0.01796875 0.78125 0.0359375 0.040625
0 0.765625 0.4734375 0.053125 0.053125
