0 0.0875 0.80625 0.1125 0.10625
0 0.4234375 0.0578125 0.134375 0.115625
0 0.01640625 0.8 0.0328125 0.1
0 0.86875 0.603125 0.115625 0.096875
0 0.584375 0.6703125 0.11875 0.115625
0 0.028125 0.4484375 0.05625 0.10625
0 0.1578125 0.8421875 0.109375 0.109375
0 0.01328125 0.1484375 0.0265625 0.134375
0 0.6890625 0.2109375 0.14375 0.128125
0 0.115625 0.628125 0.103125 0.115625
0 0.4609375 0.7609375 0.10625 0.09375
0 0.4390625 0.8328125 0.1125 0.090625
0 0.6375 0.525 0.05 0.059375
0 0.675 0.5 0.05625 0.05
0 0.640625 0.89375 0.10625 0.09375
