0 0.3453125 0.5953125 0.071875 0.065625
0 0.7484375 0.334375 0.08125 0.078125
0 0.7625 0.059375 0.06875 0.08125
0 0.7859375 0.228125 0.08125 0.08125
0 0.703125 0.5328125 0.0625 0.06875
0 0.309375 0.6515625 0.06875 0.0625
0 0.66875 0.375 0.05625 0.0625
0 0.75625 0.5484375 0.0625 0.06875
0 0.0640625 0.4796875 0.08125 0.08125
0 0.1828125 0.2421875 0.090625 0.1
0 0.096875 0.5453125 0.046875 0.04375
0 0.7953125 0.5421875 0.04375 0.059375
0 0.2890625 0.2453125 0.065625 0.065625
0 0.0265625 0.5578125 0.053125 0.053125
