0 0.371875 0.2453125 0.084375 0.075
0 0.4453125 0.5671875 0.0875 0.08125
0 0.6671875 0.390625 0.071875 0.078125
0 0.5984375 0.4015625 0.06875 0.065625
0 0.4828125 0.8 0.065625 0.059375
0 0.434375 0.7328125 0.065625 0.065625
0 0.809375 0.7421875 0.0625 0.075
0 0.74375 0.3046875 0.0625 0.059375
0 0.39375 0.184375 0.071875 0.0625
0 0.9390625 0.4796875 0.08125 0.08125
0 0.7734375 0.796875 0.06875 0.065625
0 0.0203125 0.3625 0.040625 0.034375
0 0.4921875 0.4609375 0.06875 0.065625
0 0.971875 0.5453125 0.046875 0.04375
0 0.3859375 0.3875 0.053125 0.05625
0 0.5890625 0.6171875 0.034375 0.03125
0 0.053125 0.1 0.021875 0.025
0 0.025 0.3046875 0.040625 0.03125
0 0.1171875 0.1125 0.034375 0.025
0 0.8984375 0.5578125 0.059375 0.053125
