0 0.778125 0.646875 0.05625 0.0625
0 0.996875 0.575 0.00625 0.05625
0 0.29375 0.109375 0.025 0.028125
0 0.865625 0.81875 0.05 0.046875
0 0.6421875 0.1390625 0.03125 0.028125
0 0.7578125 0.5578125 0.046875 0.053125
0 0.259375 0.10625 0.03125 0.025
0 0.4984375 0.24375 0.034375 0.0375
0 0.4015625 0.3484375 0.028125 0.025
0 0.3484375 0.3546875 0.028125 0.03125
0 0.290625 0.39375 0.025 0.021875
0 0.9921875 0.4921875 0.015625 0.071875
0 0.890625 0.78125 0.040625 0.040625
0 0.834375 0.75625 0.040625 0.0375
0 0.45 0.3453125 0.028125 0.025
0 0.26875 0.371875 0.025 0.025
0 0.303125 0.378125 0.01875 0.01875
0 0.3265625 0.3671875 0.021875 0.01875
0 0.3796875 0.3015625 0.021875 0.01875
0 0.39375 0.2953125 0.015625 0.01875
0 0.5453125 0.284375 0.025 0.021875
0 0.5328125 0.3078125 0.028125 0.028125
0 0.4921875 0.2625 0.028125 0.025
0 0.1890625 0.2859375 0.034375 0.03125
0 0.403125 0.1484375 0.03125 0.028125
0 0.4296875 0.178125 0.03125 0.028125
0 0.534375 0.146875 0.028125 0.028125
0 0.3546875 0.165625 0.025 0.01875
0 0.390625 0.178125 0.01875 0.015625
