0 0.88125 0.8546875 0.05 0.04375
0 0.7203125 0.778125 0.0375 0.0375
0 0.928125 0.9953125 0.040625 0.009375
0 0.5140625 0.7640625 0.05 0.05625
0 0.7875 0.390625 0.0375 0.040625
0 0.7203125 0.7375 0.0375 0.034375
0 0.7515625 0.7890625 0.034375 0.0375
0 0.6734375 0.8046875 0.040625 0.034375
0 0.6265625 0.7921875 0.040625 0.0375
0 0.575 0.75 0.04375 0.0375
0 0.69375 0.753125 0.0375 0.0375
0 0.978125 0.828125 0.034375 0.040625
0 0.99453125 0.828125 0.0109375 0.046875
0 0.8375 0.8671875 0.040625 0.04375
0 0.340625 0.678125 0.04375 0.034375
0 0.3125 0.659375 0.03125 0.034375
0 0.8125 0.38125 0.034375 0.040625
0 0.825 0.503125 0.03125 0.0375
0 0.8109375 0.478125 0.034375 0.03125
0 0.6296875 0.2453125 0.034375 0.0375
0 0.790625 0.271875 0.021875 0.025
