0 0.146875 0.0109375 0.06875 0.021875
0 0.2046875 0.02421875 0.078125 0.0484375
0 0.1796875 0.1125 0.090625 0.084375
0 0.0390625 0.0453125 0.071875 0.08125
0 0.3421875 0.178125 0.078125 0.078125
0 0.2234375 0.15625 0.065625 0.071875
0 0.021875 0.2515625 0.04375 0.071875
0 0.0625 0.3765625 0.059375 0.059375
0 0.103125 0.340625 0.065625 0.071875
0 0.6578125 0.02421875 0.05625 0.0484375
0 0.3109375 0.0359375 0.090625 0.065625
0 0.3359375 0.1015625 0.065625 0.0625
0 0.2578125 0.08125 0.065625 0.06875
0 0.075 0.0859375 0.071875 0.065625
0 0.0796875 0.1796875 0.06875 0.071875
