0 0.6921875 0.6140625 0.071875 0.078125
0 0.3703125 0.496875 0.084375 0.065625
0 0.290625 0.5078125 0.053125 0.078125
0 0.3578125 0.5953125 0.059375 0.059375
0 0.0484375 0.7015625 0.075 0.08125
0 0.146875 0.7390625 0.06875 0.065625
0 0.2046875 0.7640625 0.078125 0.06875
0 0.1796875 0.8625 0.090625 0.084375
0 0.0390625 0.7953125 0.071875 0.08125
0 0.3421875 0.928125 0.078125 0.078125
0 0.2234375 0.90625 0.065625 0.071875
0 0.021875 0.9828125 0.04375 0.034375
0 0.08125 0.65625 0.05625 0.059375
0 0.4515625 0.715625 0.0625 0.071875
0 0.640625 0.3984375 0.08125 0.078125
0 0.8671875 0.5875 0.075 0.06875
0 0.6578125 0.7546875 0.05625 0.0875
0 0.628125 0.6359375 0.078125 0.075
0 0.5265625 0.478125 0.0625 0.078125
0 0.3109375 0.7859375 0.090625 0.065625
0 0.6859375 0.3390625 0.075 0.08125
0 0.7125 0.3984375 0.05625 0.075
0 0.49375 0.6515625 0.075 0.0625
0 0.3359375 0.8515625 0.065625 0.0625
0 0.2578125 0.83125 0.065625 0.06875
0 0.075 0.8359375 0.071875 0.065625
0 0.0796875 0.9296875 0.06875 0.071875
