0 0.8046875 0.99453125 0.128125 0.0109375
0 0.91875 0.740625 0.015625 0.015625
0 0.8546875 0.7765625 0.0125 0.0125
0 0.8625 0.775 0.0125 0.0125
0 0.9703125 0.7796875 0.015625 0.015625
0 0.978125 0.7328125 0.0125 0.0125
0 0.9390625 0.721875 0.01875 0.01875
0 0.3171875 0.878125 0.034375 0.03125
0 0.2546875 0.590625 0.009375 0.009375
0 0.2765625 0.5765625 0.009375 0.0125
0 0.296875 0.640625 0.0125 0.0125
0 0.2984375 0.6296875 0.0125 0.009375
0 0.3234375 0.6203125 0.009375 0.009375
0 0.2171875 0.621875 0.009375 0.009375
0 0.2078125 0.6171875 0.009375 0.009375
0 0.165625 0.56875 0.009375 0.009375
0 0.234375 0.5546875 0.009375 0.009375
