0 0.384375 0.590625 0.028125 0.028125
0 0.2921875 0.6515625 0.03125 0.034375
0 0.3359375 0.703125 0.034375 0.034375
0 0.390625 0.4921875 0.03125 0.03125
0 0.3671875 0.48125 0.034375 0.03125
0 0.465625 0.4078125 0.0375 0.028125
0 0.5875 0.2796875 0.025 0.021875
0 0.55625 0.478125 0.034375 0.03125
0 0.4578125 0.59375 0.03125 0.034375
0 0.1359375 0.590625 0.03125 0.03125
0 0.36875 0.25 0.034375 0.025
0 0.4 0.2453125 0.034375 0.03125
0 0.4375 0.25 0.03125 0.028125
0 0.3015625 0.609375 0.03125 0.028125
0 0.253125 0.5328125 0.025 0.03125
0 0.1671875 0.384375 0.028125 0.028125
0 0.040625 0.2859375 0.028125 0.03125
0 0.35625 0.4265625 0.03125 0.03125
0 0.5671875 0.3625 0.01875 0.021875
0 0.6734375 0.546875 0.028125 0.034375
0 0.5375 0.1359375 0.021875 0.025
0 0.403125 0.11875 0.025 0.025
0 0.296875 0.1125 0.025 0.028125
0 0.359375 0.234375 0.0125 0.01875
0 0.3140625 0.04375 0.01875 0.025
0 0.265625 0.009375 0.021875 0.01875
0 0.2328125 0.034375 0.025 0.028125
0 0.2015625 0.0171875 0.01875 0.01875
0 0.1984375 0.00546875 0.01875 0.0109375
0 0.0671875 0.015625 0.01875 0.01875
0 0.0859375 0.1171875 0.0125 0.025
0 0.10625 0.1296875 0.025 0.03125
