0 0.8484375 0.4359375 0.025 0.028125
0 0.8375 0.446875 0.028125 0.025
0 0.9984375 0.590625 0.003125 0.03125
0 0.7890625 0.2890625 0.025 0.025
0 0.7953125 0.2609375 0.034375 0.028125
0 0.40625 0.375 0.025 0.01875
0 0.415625 0.1140625 0.028125 0.025
0 0.4609375 0.078125 0.025 0.01875
0 0.6296875 0.053125 0.021875 0.01875
0 0.475 0.0609375 0.025 0.01875
0 0.9171875 0.2859375 0.028125 0.03125
0 0.94375 0.015625 0.01875 0.01875
0 0.9625 0.1171875 0.0125 0.025
0 0.9828125 0.1296875 0.025 0.03125
0 0.7421875 0.1296875 0.01875 0.015625
0 0.703125 0.2015625 0.015625 0.021875
0 0.6125 0.08125 0.015625 0.01875
0 0.5515625 0.00390625 0.0125 0.0078125
0 0.5671875 0.0046875 0.015625 0.009375
