0 0.146875 0.49375 0.103125 0.109375
0 0.75625 0.6453125 0.09375 0.096875
0 0.1140625 0.26875 0.09375 0.08125
0 0.02734375 0.2828125 0.0546875 0.125
0 0.671875 0.4796875 0.0875 0.08125
0 0.60625 0.578125 0.0875 0.084375
0 0.3515625 0.246875 0.08125 0.0875
0 0.3234375 0.4578125 0.0875 0.103125
0 0.1234375 0.55625 0.09375 0.09375
0 0.5890625 0.096875 0.071875 0.08125
0 0.03359375 0.3875 0.0671875 0.075
0 0.084375 0.459375 0.09375 0.0875
0 0.3125 0.7640625 0.0875 0.084375
0 0.40625 0.5671875 0.084375 0.084375
