0 0.4953125 0.9828125 0.175 0.034375
0 0.05078125 0.7890625 0.1015625 0.2
0 0.7078125 0.56875 0.140625 0.125
0 0.353125 0.98046875 0.165625 0.0390625
0 0.4109375 0.315625 0.290625 0.3125
0 0.8953125 0.5734375 0.128125 0.1375
0 0.1890625 0.54375 0.184375 0.178125
0 0.6484375 0.034375 0.0875 0.06875
0 0.0234375 0.1765625 0.046875 0.09375
0 0.04296875 0.94296875 0.0859375 0.1140625
0 0.234375 0.728125 0.1375 0.125
0 0.3171875 0.5453125 0.125 0.15625
0 0.215625 0.409375 0.18125 0.175
0 0.5078125 0.4734375 0.103125 0.078125
