0 0.0640625 0.859375 0.128125 0.165625
0 0.209375 0.5765625 0.078125 0.06875
0 0.253125 0.5359375 0.078125 0.06875
0 0.2625 0.3953125 0.071875 0.078125
0 0.065625 0.3546875 0.059375 0.071875
0 0.0875 0.28125 0.078125 0.05625
0 0.1453125 0.409375 0.075 0.065625
0 0.1265625 0.3453125 0.065625 0.071875
0 0.15 0.2796875 0.065625 0.0625
0 0.5609375 0.528125 0.065625 0.0625
0 0.5875 0.40625 0.0625 0.065625
0 0.4765625 0.328125 0.05625 0.059375
0 0.3875 0.171875 0.06875 0.065625
0 0.459375 0.1734375 0.040625 0.04375
0 0.4015625 0.4703125 0.053125 0.053125
0 0.4421875 0.490625 0.059375 0.053125
0 0.5640625 0.4828125 0.059375 0.05
0 0.384375 0.2546875 0.0625 0.05
