0 0.8765625 0.4078125 0.053125 0.05
0 0.790625 0.134375 0.053125 0.046875
0 0.4953125 0.284375 0.040625 0.0375
0 0.703125 0.3546875 0.046875 0.04375
0 0.39375 0.0109375 0.04375 0.021875
0 0.3828125 0.125 0.053125 0.0625
0 0.26875 0.140625 0.03125 0.028125
0 0.18125 0.0359375 0.025 0.03125
0 0.9328125 0.1375 0.034375 0.034375
0 0.7671875 0.028125 0.0375 0.040625
0 0.078125 0.075 0.028125 0.021875
0 0.61875 0.378125 0.04375 0.040625
0 0.340625 0.203125 0.040625 0.034375
0 0.584375 0.384375 0.03125 0.03125
0 0.8015625 0.2703125 0.04375 0.04375
0 0.4484375 0.2859375 0.028125 0.034375
0 0.746875 0.29375 0.040625 0.040625
0 0.0515625 0.153125 0.021875 0.025
0 0.5875 0.1375 0.040625 0.04375
0 0.4296875 0.00390625 0.0375 0.0078125
0 0.059375 0.1234375 0.01875 0.015625
0 0.01875 0.0328125 0.015625 0.015625
0 0.1765625 0.1546875 0.015625 0.01875
0 0.1421875 0.1453125 0.015625 0.015625
0 0.165625 0.0921875 0.01875 0.021875
0 0.184375 0.103125 0.0125 0.015625
0 0.246875 0.0078125 0.021875 0.015625
0 0.9765625 0.0671875 0.04375 0.053125
