0 0.934375 0.7421875 0.065625 0.059375
0 0.9828125 0.9984375 0.034375 0.003125
0 0.109375 0.7734375 0.1875 0.175
0 0.8765625 0.828125 0.0625 0.059375
0 0.45 0.9484375 0.059375 0.05
0 0.6421875 0.98203125 0.059375 0.0359375
0 0.8421875 0.7375 0.059375 0.0625
0 0.875 0.75625 0.0625 0.0625
0 0.99375 0.6953125 0.0125 0.053125
0 0.8703125 0.9 0.040625 0.046875
0 0.93125 0.809375 0.05625 0.04375
0 0.9359375 0.4890625 0.071875 0.0625
0 0.7765625 0.8 0.06875 0.040625
0 0.778125 0.76875 0.065625 0.05625
0 0.753125 0.6921875 0.059375 0.0625
0 0.6359375 0.7890625 0.065625 0.059375
0 0.5828125 0.846875 0.05 0.06875
0 0.4578125 0.9078125 0.059375 0.03125
0 0.540625 0.765625 0.046875 0.065625
0 0.421875 0.8015625 0.0375 0.046875
0 0.471875 0.7734375 0.059375 0.0625
0 0.690625 0.9046875 0.059375 0.059375
0 0.8375 0.2140625 0.09375 0.103125
0 0.98359375 0.671875 0.0328125 0.053125
