0 0.90625 0.678125 0.109375 0.1
0 0.1875 0.5921875 0.090625 0.096875
0 0.9296875 0.9421875 0.09375 0.08125
0 0.63125 0.953125 0.096875 0.0875
0 0.0625 0.721875 0.075 0.06875
0 0.95625 0.97578125 0.084375 0.0484375
0 0.596875 0.4859375 0.075 0.078125
0 0.528125 0.9140625 0.08125 0.071875
0 0.978125 0.7375 0.04375 0.109375
0 0.5375 0.603125 0.090625 0.128125
0 0.0703125 0.653125 0.065625 0.05625
0 0.45 0.84375 0.05625 0.0375
0 0.6546875 0.76875 0.034375 0.03125
0 0.60625 0.7609375 0.03125 0.034375
0 0.2921875 0.7109375 0.046875 0.05
0 0.2671875 0.6765625 0.053125 0.040625
0 0.1421875 0.4203125 0.05625 0.059375
