0 0.1609375 0.5140625 0.05625 0.046875
0 0.26875 0.3171875 0.03125 0.04375
0 0.4234375 0.2921875 0.053125 0.04375
0 0.0484375 0.4625 0.0625 0.046875
0 0.08125 0.5125 0.053125 0.04375
0 0.64375 0.121875 0.025 0.01875
0 0.025 0.5109375 0.046875 0.040625
0 0.765625 0.140625 0.021875 0.025
0 0.8046875 0.0734375 0.025 0.025
0 0.4078125 0.396875 0.0375 0.0375
0 0.753125 0.05625 0.028125 0.025
0 0.4234375 0.3484375 0.04375 0.040625
0 0.8328125 0.2046875 0.025 0.01875
0 0.8015625 0.253125 0.015625 0.01875
0 0.3015625 0.2421875 0.05625 0.053125
0 0.7421875 0.134375 0.025 0.025
0 0.6578125 0.1515625 0.021875 0.01875
0 0.6671875 0.1359375 0.01875 0.021875
0 0.64375 0.1390625 0.01875 0.01875
0 0.6859375 0.2171875 0.025 0.01875
0 0.7015625 0.2046875 0.01875 0.01875
0 0.8796875 0.2109375 0.0125 0.015625
0 0.91875 0.196875 0.015625 0.015625
0 0.8671875 0.16875 0.01875 0.015625
0 0.903125 0.1375 0.015625 0.015625
0 0.9234375 0.1328125 0.0125 0.0125
0 0.9359375 0.140625 0.015625 0.0125
0 0.3203125 0.3125 0.0375 0.03125
0 0.3328125 0.23125 0.04375 0.040625
0 0.5484375 0.0078125 0.046875 0.015625
