0 0.7765625 0.334375 0.071875 0.06875
0 0.9890625 0.1609375 0.021875 0.071875
0 0.94375 0.0125 0.06875 0.025
0 0.89375 0.259375 0.065625 0.05
0 0.553125 0.415625 0.05625 0.053125
0 0.97109375 0.2078125 0.0578125 0.059375
0 0.121875 0.45625 0.046875 0.040625
0 0.02265625 0.0453125 0.0453125 0.04375
0 0.884375 0.49375 0.05 0.046875
0 0.9625 0.509375 0.071875 0.06875
0 0.4578125 0.4046875 0.04375 0.04375
0 0.8984375 0.10625 0.08125 0.071875
0 0.6 0.1171875 0.04375 0.053125
0 0.33125 0.4984375 0.046875 0.040625
0 0.234375 0.0203125 0.05625 0.040625
0 0.865625 0.3515625 0.05 0.05625
0 0.815625 0.55625 0.053125 0.05
0 0.7 0.415625 0.04375 0.04375
0 0.08125 0.3671875 0.053125 0.04375
0 0.4375 0.55625 0.053125 0.040625
0 0.98359375 0.7265625 0.0328125 0.04375
0 0.996875 0.4484375 0.00625 0.059375
0 0.7078125 0.10625 0.05625 0.0375
0 0.7859375 0.509375 0.08125 0.05
0 0.3625 0.6859375 0.04375 0.04375
0 0.55625 0.4640625 0.053125 0.03125
0 0.9390625 0.621875 0.0375 0.040625
0 0.496875 0.0828125 0.040625 0.05
0 0.125 0.2890625 0.034375 0.046875
0 0.5921875 0.434375 0.0375 0.04375
0 0.0546875 0.334375 0.0375 0.034375
0 0.0265625 0.2453125 0.021875 0.03125
0 0.1640625 0.20625 0.0375 0.0375
0 0.275 0.01015625 0.046875 0.0203125
0 0.178125 0.1453125 0.028125 0.021875
0 0.228125 0.21875 0.040625 0.040625
0 0.646875 0.253125 0.053125 0.05
0 0.490625 0.3015625 0.05625 0.04375
0 0.4921875 0.35625 0.059375 0.053125
0 0.4078125 0.3515625 0.053125 0.05625
0 0.35625 0.409375 0.05625 0.059375
0 0.5359375 0.103125 0.040625 0.04375
0 0.99765625 0.403125 0.0046875 0.053125
0 0.9578125 0.3640625 0.059375 0.053125
0 0.925 0.5609375 0.05 0.0375
0 0.01171875 0.50625 0.0234375 0.046875
