0 0.4203125 0.53125 0.096875 0.10625
0 0.1625 0.66875 0.1 0.11875
0 0.3890625 0.6578125 0.09375 0.09375
0 0.6828125 0.7828125 0.084375 0.078125
0 0.2890625 0.3375 0.103125 0.115625
0 0.559375 0.775 0.075 0.065625
0 0.6453125 0.390625 0.06875 0.06875
0 0.225 0.546875 0.075 0.071875
0 0.478125 0.5890625 0.06875 0.08125
0 0.565625 0.6015625 0.075 0.071875
0 0.5890625 0.975 0.08125 0.05
0 0.9390625 0.690625 0.065625 0.059375
0 0.98984375 0.7046875 0.0203125 0.05625
0 0.3015625 0.9453125 0.053125 0.046875
0 0.940625 0.45 0.046875 0.053125
0 0.9546875 0.528125 0.0375 0.05625
0 0.240625 0.971875 0.125 0.05625
0 0.8546875 0.31875 0.0875 0.075
