0 0.478125 0.171875 0.06875 0.065625
0 0.628125 0.4515625 0.059375 0.0625
0 0.334375 0.684375 0.0625 0.059375
0 0.00234375 0.4546875 0.0046875 0.071875
0 0.684375 0.621875 0.06875 0.075
0 0.8546875 0.45625 0.046875 0.040625
0 0.1640625 0.1328125 0.0625 0.059375
0 0.7546875 0.0453125 0.046875 0.04375
0 0.578125 0.3640625 0.05 0.05
0 0.33125 0.5296875 0.05 0.05625
0 0.01953125 0.3546875 0.0390625 0.059375
0 0.284375 0.5359375 0.05 0.059375
0 0.0484375 0.2671875 0.053125 0.04375
0 0.9671875 0.0203125 0.05625 0.040625
0 0.3734375 0.5625 0.053125 0.05
0 0.3609375 0.4265625 0.075 0.071875
0 0.8140625 0.3671875 0.053125 0.04375
0 0.409375 0.49375 0.05625 0.059375
0 0.8578125 0.2890625 0.034375 0.046875
0 0.546875 0.3046875 0.03125 0.034375
0 0.275 0.3375 0.065625 0.065625
0 0.4140625 0.3359375 0.053125 0.053125
0 0.4046875 0.2984375 0.05 0.046875
0 0.5734375 0.25625 0.025 0.0375
0 0.7875 0.334375 0.0375 0.034375
0 0.759375 0.2453125 0.021875 0.03125
0 0.684375 0.19375 0.025 0.034375
0 0.6375 0.1359375 0.05 0.04375
0 0.896875 0.20625 0.0375 0.0375
0 0.9921875 0.01015625 0.015625 0.0203125
0 0.9109375 0.1453125 0.028125 0.021875
0 0.9609375 0.21875 0.040625 0.040625
0 0.60625 0.0390625 0.034375 0.04375
0 0.7296875 0.50625 0.053125 0.046875
