0 0.4109375 0.571875 0.090625 0.090625
0 0.4125 0.3703125 0.096875 0.103125
0 0.615625 0.746875 0.075 0.08125
0 0.921875 0.5921875 0.090625 0.096875
0 0.796875 0.721875 0.075 0.06875
0 0.5359375 0.7265625 0.078125 0.08125
0 0.6203125 0.8984375 0.05625 0.053125
0 0.2984375 0.6515625 0.05625 0.05625
0 0.421875 0.7046875 0.05 0.04375
0 0.20625 0.690625 0.065625 0.059375
0 0.2796875 0.7046875 0.065625 0.05625
0 0.5984375 0.625 0.08125 0.08125
0 0.8046875 0.653125 0.065625 0.05625
0 0.5046875 0.771875 0.06875 0.06875
0 0.2078125 0.45 0.046875 0.053125
0 0.328125 0.546875 0.06875 0.065625
0 0.221875 0.528125 0.0375 0.05625
0 0.9875 0.6765625 0.025 0.040625
0 0.8765625 0.4203125 0.05625 0.059375
0 0.121875 0.31875 0.0875 0.075
