0 0.01796875 0.6921875 0.0359375 0.065625
0 0.3328125 0.2828125 0.0875 0.115625
0 0.196875 0.0515625 0.1125 0.096875
0 0.0359375 0.4703125 0.0625 0.065625
0 0.31875 0.5328125 0.08125 0.071875
0 0.2421875 0.759375 0.04375 0.040625
0 0.615625 0.5625 0.028125 0.028125
0 0.675 0.534375 0.05 0.0375
0 0.55 0.575 0.0375 0.034375
0 0.5984375 0.5296875 0.028125 0.03125
0 0.5640625 0.63125 0.034375 0.03125
0 0.1625 0.50625 0.08125 0.0875
0 0.1875 0.4078125 0.065625 0.078125
0 0.00234375 0.5984375 0.0046875 0.096875
0 0.178125 0.665625 0.053125 0.053125
0 0.621875 0.3296875 0.034375 0.03125
