0 0.2078125 0.5125 0.134375 0.128125
0 0.128125 0.3859375 0.1125 0.1125
0 0.60625 0.1046875 0.125 0.128125
0 0.38125 0.5921875 0.125 0.1125
0 0.6609375 0.9765625 0.09375 0.046875
0 0.8953125 0.66875 0.1 0.11875
0 0.6546875 0.7796875 0.096875 0.0875
0 0.1 0.928125 0.09375 0.084375
0 0.98515625 0.3375 0.0296875 0.115625
0 0.61875 0.3125 0.134375 0.18125
0 0.0953125 0.4859375 0.06875 0.084375
0 0.9578125 0.546875 0.075 0.071875
0 0.1890625 0.5921875 0.125 0.1375
0 0.521875 0.8734375 0.078125 0.08125
0 0.346875 0.3953125 0.078125 0.08125
0 0.459375 0.3578125 0.1 0.08125
0 0.95546875 0.971875 0.0890625 0.05625
0 0.4765625 0.9703125 0.1 0.059375
0 0.33125 0.978125 0.096875 0.04375
