0 0.9375 0.8171875 0.121875 0.109375
0 0.59375 0.328125 0.121875 0.1
0 0.775 0.00625 0.109375 0.0125
0 0.70625 0.31875 0.1 0.0875
0 0.39375 0.75 0.0625 0.059375
0 0.0421875 0.334375 0.071875 0.06875
0 0.284375 0.1609375 0.08125 0.071875
0 0.209375 0.0125 0.06875 0.025
0 0.3203125 0.2765625 0.06875 0.0625
0 0.30625 0.684375 0.06875 0.065625
0 0.159375 0.259375 0.065625 0.05
0 0.9109375 0.4109375 0.10625 0.096875
0 0.3390625 0.2046875 0.0625 0.059375
0 0.2390625 0.2078125 0.0625 0.059375
0 0.49375 0.309375 0.071875 0.053125
0 0.3875 0.471875 0.059375 0.053125
0 0.15 0.49375 0.05 0.046875
0 0.228125 0.509375 0.071875 0.06875
0 0.628125 0.6046875 0.053125 0.05
0 0.5734375 0.5875 0.078125 0.0625
0 0.1640625 0.10625 0.08125 0.071875
0 0.6265625 0.7046875 0.059375 0.0625
0 0.13125 0.3515625 0.05 0.05625
0 0.08125 0.55625 0.053125 0.05
0 0.309375 0.5328125 0.05625 0.04375
0 0.25625 0.7265625 0.046875 0.04375
0 0.2890625 0.4484375 0.059375 0.059375
0 0.565625 0.534375 0.06875 0.05625
0 0.41875 0.259375 0.06875 0.059375
0 0.0515625 0.509375 0.08125 0.05
0 0.34375 0.5765625 0.05625 0.05
0 0.3953125 0.40625 0.053125 0.046875
0 0.821875 0.0671875 0.078125 0.065625
0 0.2046875 0.621875 0.0375 0.040625
0 0.5390625 0.2171875 0.0625 0.059375
0 0.371875 0.0375 0.05625 0.05
0 0.4828125 0.1171875 0.05 0.053125
0 0.4390625 0.16875 0.046875 0.053125
0 0.41875 0.1328125 0.065625 0.059375
0 0.334375 0.4359375 0.053125 0.065625
0 0.290625 0.403125 0.059375 0.053125
0 0.2234375 0.3640625 0.059375 0.053125
0 0.728125 0.50625 0.01875 0.01875
0 0.7359375 0.484375 0.028125 0.021875
0 0.7578125 0.5125 0.028125 0.028125
0 0.7625 0.4671875 0.021875 0.03125
0 0.38125 0.5484375 0.0625 0.05625
0 0.396875 0.5828125 0.04375 0.05
0 0.3953125 0.6375 0.0625 0.053125
0 0.190625 0.5609375 0.05 0.0375
0 0.4375 0.38125 0.065625 0.0625
0 0.86875 0.1984375 0.096875 0.09375
