0 0.6125 0.60625 0.109375 0.115625
0 0.75 0.6921875 0.071875 0.065625
0 0.184375 0.7421875 0.065625 0.059375
0 0.35625 0.4515625 0.0875 0.0875
0 0.5875 0.7625 0.06875 0.0625
0 0.659375 0.896875 0.084375 0.06875
0 0.246875 0.9984375 0.0625 0.003125
0 0.6140625 0.8359375 0.0625 0.065625
0 0.31875 0.8484375 0.059375 0.059375
0 0.1265625 0.828125 0.0625 0.059375
0 0.5171875 0.553125 0.059375 0.065625
0 0.0921875 0.7375 0.059375 0.0625
0 0.125 0.75625 0.0625 0.0625
0 0.9453125 0.0515625 0.109375 0.096875
0 0.2625 0.6953125 0.05 0.053125
0 0.7125 0.88125 0.0625 0.071875
0 0.1203125 0.9 0.040625 0.046875
0 0.415625 0.884375 0.053125 0.059375
0 0.4515625 0.865625 0.05625 0.059375
0 0.29375 0.721875 0.059375 0.053125
0 0.6453125 0.7671875 0.040625 0.04375
0 0.7859375 0.4703125 0.0625 0.065625
0 0.18125 0.809375 0.05625 0.04375
0 0.4453125 0.55 0.053125 0.059375
0 0.98515625 0.759375 0.0296875 0.040625
0 0.1859375 0.4890625 0.071875 0.0625
0 0.709375 0.8078125 0.059375 0.046875
0 0.9125 0.50625 0.08125 0.0875
0 0.9375 0.4078125 0.065625 0.078125
0 0.6640625 0.44375 0.103125 0.1
0 0.5453125 0.4125 0.05625 0.065625
0 0.4796875 0.434375 0.071875 0.090625
0 0.7078125 0.5984375 0.09375 0.096875
0 0.928125 0.665625 0.053125 0.053125
0 0.3921875 0.6765625 0.075 0.08125
0 0.4234375 0.653125 0.078125 0.071875
0 0.453125 0.625 0.04375 0.034375
0 0.553125 0.659375 0.053125 0.046875
0 0.66875 0.7078125 0.0625 0.06875
0 0.4109375 0.7953125 0.05625 0.05625
0 0.3 0.7796875 0.046875 0.040625
0 0.3265625 0.746875 0.0375 0.040625
0 0.03046875 0.8 0.0609375 0.040625
0 0.03046875 0.76875 0.0609375 0.05625
0 0.01640625 0.6921875 0.0328125 0.0625
0 0.0875 0.2140625 0.09375 0.103125
0 0.24375 0.671875 0.053125 0.053125
