0 0.59375 0.9890625 0.121875 0.021875
0 0.90625 0.0140625 0.109375 0.028125
0 0.775 0.66875 0.109375 0.0875
0 0.55 0.4109375 0.103125 0.0875
0 0.7 0.5171875 0.1 0.084375
0 0.7859375 0.534375 0.084375 0.08125
0 0.70625 0.9875 0.1 0.025
0 0.496875 0.4875 0.0875 0.0875
0 0.9296875 0.2421875 0.09375 0.08125
0 0.284375 0.8609375 0.08125 0.071875
0 0.646875 0.59375 0.078125 0.075
0 0.209375 0.6921875 0.06875 0.065625
0 0.3203125 0.97265625 0.06875 0.0546875
0 0.63125 0.253125 0.096875 0.0875
0 0.0625 0.028125 0.075 0.05625
0 0.746875 0.4203125 0.08125 0.06875
0 0.95625 0.29375 0.084375 0.084375
0 0.159375 0.959375 0.065625 0.05
0 0.528125 0.2140625 0.08125 0.071875
0 0.328125 0.3953125 0.078125 0.059375
0 0.3390625 0.9046875 0.0625 0.059375
0 0.2390625 0.9078125 0.0625 0.059375
0 0.49375 0.99140625 0.071875 0.0171875
0 0.4046875 0.34375 0.075 0.06875
0 0.978125 0.04609375 0.04375 0.0921875
0 0.440625 0.503125 0.0625 0.059375
0 0.7078125 0.603125 0.071875 0.071875
0 0.1640625 0.80625 0.08125 0.071875
0 0.6 0.55625 0.05625 0.04375
0 0.4546875 0.3546875 0.040625 0.040625
0 0.321875 0.4515625 0.078125 0.06875
0 0.45 0.14375 0.05625 0.0375
0 0.6546875 0.06875 0.034375 0.03125
0 0.41875 0.959375 0.06875 0.059375
0 0.2453125 0.36875 0.06875 0.06875
0 0.821875 0.7671875 0.078125 0.065625
0 0.3921875 0.4078125 0.0625 0.0625
0 0.4328125 0.446875 0.05 0.05
0 0.5390625 0.9171875 0.0625 0.059375
0 0.0625 0.5875 0.05 0.053125
0 0.11875 0.596875 0.0625 0.053125
0 0.2125 0.5421875 0.04375 0.04375
0 0.371875 0.7375 0.05625 0.05
0 0.4828125 0.8171875 0.05 0.053125
0 0.4390625 0.86875 0.046875 0.053125
0 0.41875 0.8328125 0.065625 0.059375
0 0.4328125 0.6328125 0.034375 0.034375
0 0.3109375 0.49375 0.034375 0.03125
0 0.60625 0.0609375 0.03125 0.034375
0 0.2921875 0.01796875 0.046875 0.0359375
0 0.86875 0.8984375 0.096875 0.09375
