0 0.4609375 0.04296875 0.259375 0.0859375
0 0.4203125 0.234375 0.240625 0.240625
0 0.3 0.1125 0.25625 0.225
0 0.0796875 0.7640625 0.084375 0.096875
0 0.171875 0.821875 0.084375 0.08125
0 0.59375 0.6140625 0.1 0.103125
0 0.03046875 0.665625 0.0609375 0.075
0 0.02109375 0.76875 0.0421875 0.071875
0 0.546875 0.6046875 0.046875 0.096875
0 0.85625 0.9796875 0.103125 0.0375
0 0.1328125 0.6765625 0.08125 0.09375
0 0.090625 0.5546875 0.075 0.071875
0 0.11875 0.58125 0.075 0.071875
0 0.290625 0.6140625 0.075 0.078125
0 0.4328125 0.584375 0.0625 0.059375
0 0.528125 0.7875 0.071875 0.065625
0 0.4453125 0.7375 0.06875 0.065625
0 0.0609375 0.4484375 0.084375 0.071875
0 0.0828125 0.3796875 0.03125 0.028125
0 0.5203125 0.915625 0.0625 0.059375
