0 0.95625 0.3828125 0.040625 0.0375
0 0.9484375 0.0640625 0.040625 0.040625
0 0.859375 0.1859375 0.046875 0.0375
0 0.58125 0.125 0.034375 0.034375
0 0.6953125 0.275 0.034375 0.034375
0 0.8109375 0.028125 0.03125 0.028125
0 0.684375 0.3703125 0.034375 0.03125
0 0.8890625 0.3015625 0.040625 0.0375
0 0.746875 0.2765625 0.0375 0.0375
0 0.7859375 0.1703125 0.03125 0.025
0 0.68125 0.1640625 0.034375 0.040625
0 0.9078125 0.36875 0.034375 0.03125
0 0.8703125 0.3328125 0.034375 0.03125
0 0.721875 0.3125 0.028125 0.028125
0 0.703125 0.00859375 0.03125 0.0171875
0 0.99140625 0.196875 0.0171875 0.028125
0 0.6890625 0.046875 0.021875 0.025
0 0.590625 0.13125 0.028125 0.028125
0 0.7328125 0.2890625 0.034375 0.03125
