0 0.271875 0.5234375 0.040625 0.0375
0 0.1359375 0.8 0.0375 0.034375
0 0.8234375 0.75 0.0375 0.0375
0 0.58125 0.415625 0.04375 0.034375
0 0.2375 0.74375 0.040625 0.034375
0 0.253125 0.6484375 0.040625 0.03125
0 0.553125 0.7359375 0.040625 0.040625
0 0.2046875 0.5125 0.04375 0.04375
0 0.5515625 0.559375 0.0375 0.0375
0 0.5765625 0.8484375 0.03125 0.028125
0 0.896875 0.7078125 0.034375 0.0375
0 0.6359375 0.9703125 0.040625 0.046875
0 0.4359375 0.459375 0.0375 0.0375
0 0.2015625 0.5140625 0.0375 0.034375
0 0.9796875 0.7796875 0.034375 0.03125
0 0.3953125 0.953125 0.040625 0.034375
0 0.5921875 0.4734375 0.03125 0.028125
0 0.890625 0.8015625 0.025 0.025
0 0.8765625 0.8171875 0.025 0.028125
0 0.4015625 0.79375 0.034375 0.034375
