0 0.0484375 0.3578125 0.065625 0.075
0 0.9015625 0.39375 0.04375 0.05
0 0.00390625 0.775 0.0078125 0.0875
0 0.1953125 0.7109375 0.06875 0.065625
0 0.2765625 0.596875 0.071875 0.0875
0 0.284375 0.546875 0.08125 0.090625
0 0.375 0.9046875 0.05625 0.05625
0 0.4453125 0.76875 0.065625 0.065625
0 0.909375 0.9578125 0.040625 0.04375
0 0.765625 0.8515625 0.0375 0.065625
0 0.965625 0.8140625 0.053125 0.05625
0 0.0140625 0.1296875 0.028125 0.06875
0 0.0609375 0.0828125 0.05625 0.05625
0 0.4546875 0.4984375 0.0375 0.05625
0 0.35625 0.434375 0.0625 0.06875
0 0.071875 0.203125 0.0625 0.059375
0 0.821875 0.8640625 0.0375 0.0375
0 0.03125 0.9703125 0.040625 0.04375
0 0.071875 0.8984375 0.040625 0.040625
0 0.45625 0.84375 0.05 0.05625
0 0.49375 0.859375 0.05 0.046875
0 0.6796875 0.9734375 0.04375 0.0375
0 0.9171875 0.8328125 0.021875 0.021875
0 0.8078125 0.7625 0.0375 0.034375
0 0.6734375 0.7390625 0.04375 0.040625
0 0.4078125 0.653125 0.059375 0.05625
0 0.45 0.6640625 0.046875 0.046875
0 0.6578125 0.2734375 0.03125 0.028125
0 0.615625 0.2515625 0.028125 0.028125
0 0.871875 0.8078125 0.025 0.034375
