0 0.00390625 0.04296875 0.0078125 0.0859375
0 0.1953125 0.00546875 0.06875 0.0109375
0 0.375 0.171875 0.05625 0.05625
0 0.4453125 0.0359375 0.065625 0.065625
0 0.396875 0.4078125 0.065625 0.0625
0 0.7359375 0.290625 0.04375 0.04375
0 0.909375 0.225 0.040625 0.04375
0 0.765625 0.11875 0.0375 0.065625
0 0.965625 0.08125 0.053125 0.05625
0 0.821875 0.13125 0.0375 0.0375
0 0.03125 0.2375 0.040625 0.04375
0 0.071875 0.165625 0.040625 0.040625
0 0.45625 0.1109375 0.05 0.05625
0 0.49375 0.1265625 0.05 0.046875
0 0.6796875 0.240625 0.04375 0.0375
0 0.9171875 0.1 0.021875 0.021875
0 0.8078125 0.0296875 0.0375 0.034375
0 0.6734375 0.01328125 0.04375 0.0265625
0 0.871875 0.075 0.025 0.034375
