0 0.1765625 0.271875 0.084375 0.0875
0 0.434375 0.3203125 0.1 0.1125
0 0.484375 0.1859375 0.09375 0.084375
0 0.515625 0.65625 0.096875 0.084375
0 0.54375 0.478125 0.09375 0.084375
0 0.6984375 0.4125 0.0875 0.1
0 0.728125 0.3421875 0.103125 0.09375
0 0.85625 0.29375 0.08125 0.0875
0 0.153125 0.6 0.025 0.03125
0 0.76875 0.959375 0.065625 0.075
0 0.7765625 0.8828125 0.078125 0.084375
0 0.9453125 0.95859375 0.090625 0.0828125
0 0.9578125 0.871875 0.084375 0.090625
0 0.6828125 0.871875 0.08125 0.0625
0 0.940625 0.6875 0.075 0.078125
0 0.659375 0.178125 0.103125 0.075
0 0.1671875 0.6921875 0.025 0.021875
0 0.1515625 0.66875 0.01875 0.01875
0 0.16875 0.646875 0.03125 0.025
0 0.2328125 0.6875 0.01875 0.01875
0 0.2078125 0.6703125 0.021875 0.025
0 0.25625 0.678125 0.01875 0.025
0 0.259375 0.6515625 0.025 0.025
0 0.9 0.6484375 0.053125 0.0625
0 0.6390625 0.7046875 0.0375 0.028125
0 0.709375 0.653125 0.034375 0.034375
0 0.734375 0.5953125 0.053125 0.046875
0 0.3125 0.7859375 0.028125 0.025
0 0.1578125 0.01796875 0.0625 0.0359375
