0 0.5765625 0.1640625 0.0375 0.05
0 0.634375 0.15 0.065625 0.071875
0 0.02109375 0.4125 0.0421875 0.1
0 0.03984375 0.3421875 0.0796875 0.09375
0 0.15625 0.29375 0.08125 0.0875
0 0.7484375 0.3578125 0.065625 0.075
0 0.665625 0.775 0.084375 0.0875
0 0.8953125 0.7109375 0.06875 0.065625
0 0.9703125 0.596875 0.059375 0.0875
0 0.971875 0.546875 0.05625 0.090625
0 0.06875 0.959375 0.065625 0.075
0 0.0765625 0.8828125 0.078125 0.084375
0 0.2453125 0.95859375 0.090625 0.0828125
0 0.2640625 0.871875 0.096875 0.090625
0 0.01171875 0.871875 0.0234375 0.0625
0 0.240625 0.6875 0.075 0.078125
0 0.55 0.6953125 0.071875 0.059375
0 0.69375 0.1296875 0.06875 0.06875
0 0.7609375 0.0828125 0.05625 0.05625
0 0.771875 0.203125 0.0625 0.059375
0 0.00546875 0.178125 0.0109375 0.075
0 0.2 0.6484375 0.053125 0.0625
0 0.01328125 0.653125 0.0265625 0.034375
0 0.034375 0.5953125 0.053125 0.046875
0 0.73125 0.9703125 0.040625 0.04375
0 0.5859375 0.91875 0.034375 0.0375
0 0.6 0.8890625 0.040625 0.040625
0 0.653125 0.8921875 0.040625 0.028125
0 0.5546875 0.871875 0.03125 0.03125
0 0.771875 0.8984375 0.040625 0.040625
