0 0.6125 0.771875 0.08125 0.0875
0 0.6171875 0.8578125 0.06875 0.05
0 0.8828125 0.2875 0.11875 0.109375
0 0.878125 0.5109375 0.128125 0.10625
0 0.78125 0.59375 0.04375 0.04375
0 0.9734375 0.4125 0.05 0.05
0 0.88125 0.1625 0.1125 0.1
0 0.9859375 0.2953125 0.025 0.05
0 0.4484375 0.284375 0.034375 0.01875
0 0.3328125 0.5703125 0.028125 0.034375
0 0.3640625 0.459375 0.025 0.040625
0 0.3140625 0.384375 0.028125 0.025
0 0.5578125 0.528125 0.025 0.034375
0 0.4328125 0.53125 0.034375 0.028125
0 0.346875 0.6359375 0.028125 0.040625
0 0.2125 0.715625 0.025 0.034375
0 0.340625 0.734375 0.028125 0.0375
0 0.1671875 0.6296875 0.03125 0.028125
