0 0.6375 0.825 0.084375 0.075
0 0.571875 0.7390625 0.084375 0.09375
0 0.35625 0.4796875 0.084375 0.08125
0 0.309375 0.5734375 0.08125 0.084375
0 0.8203125 0.8921875 0.084375 0.071875
0 0.95 0.97265625 0.08125 0.0546875
0 0.9046875 0.8984375 0.075 0.071875
0 0.39375 0.7796875 0.071875 0.071875
0 0.9859375 0.6390625 0.028125 0.0875
0 0.990625 0.95859375 0.01875 0.0828125
0 0.7625 0.409375 0.065625 0.0625
0 0.1453125 0.4734375 0.053125 0.0625
0 0.446875 0.428125 0.0625 0.084375
0 0.2109375 0.55 0.078125 0.075
0 0.9953125 0.8984375 0.009375 0.06875
0 0.2515625 0.58125 0.065625 0.075
0 0.240625 0.4546875 0.053125 0.059375
0 0.4921875 0.446875 0.05 0.06875
0 0.690625 0.1765625 0.06875 0.071875
0 0.5796875 0.3734375 0.046875 0.03125
0 0.63125 0.415625 0.0625 0.03125
