0 0.4765625 0.4484375 0.03125 0.03125
0 0.4609375 0.5265625 0.03125 0.025
0 0.415625 0.396875 0.028125 0.028125
0 0.390625 0.3921875 0.028125 0.03125
0 0.31875 0.271875 0.0375 0.03125
0 0.2515625 0.2640625 0.040625 0.028125
0 0.246875 0.48125 0.028125 0.028125
0 0.484375 0.559375 0.03125 0.021875
0 0.5453125 0.5484375 0.028125 0.025
0 0.6421875 0.4265625 0.0125 0.015625
0 0.65 0.471875 0.01875 0.0125
0 0.759375 0.321875 0.021875 0.01875
0 0.5890625 0.459375 0.0125 0.015625
0 0.671875 0.4328125 0.01875 0.015625
0 0.525 0.3609375 0.01875 0.0125
0 0.575 0.428125 0.015625 0.015625
0 0.4703125 0.6015625 0.03125 0.025
