0 0.99375 0.3015625 0.0125 0.0875
0 0.959375 0.903125 0.08125 0.1
0 0.615625 0.484375 0.09375 0.08125
0 0.65 0.240625 0.078125 0.078125
0 0.29375 0.2 0.059375 0.05625
0 0.5375 0.7328125 0.078125 0.071875
0 0.7734375 0.94375 0.075 0.096875
0 0.4703125 0.2046875 0.06875 0.08125
0 0.4140625 0.2359375 0.053125 0.05625
0 0.36875 0.10625 0.065625 0.071875
0 0.984375 0.19375 0.03125 0.071875
0 0.3203125 0.1328125 0.059375 0.0625
0 0.7 0.2765625 0.071875 0.06875
0 0.8734375 0.4171875 0.05 0.046875
0 0.9046875 0.125 0.0625 0.071875
0 0.0796875 0.1796875 0.034375 0.0375
0 0.95 0.2625 0.071875 0.08125
0 0.978125 0.409375 0.04375 0.065625
0 0.0234375 0.090625 0.0375 0.05
0 0.1078125 0.184375 0.025 0.025
0 0.078125 0.1984375 0.025 0.025
0 0.134375 0.165625 0.028125 0.028125
0 0.146875 0.1078125 0.021875 0.021875
0 0.2140625 0.0140625 0.0125 0.009375
0 0.7296875 0.4484375 0.059375 0.05625
0 0.425 0.63125 0.034375 0.028125
