0 0.7875 0.365625 0.040625 0.0375
0 0.9203125 0.0671875 0.0375 0.034375
0 0.715625 0.23125 0.0375 0.034375
0 0.578125 0.3515625 0.034375 0.034375
0 0.9546875 0.2328125 0.028125 0.028125
0 0.6703125 0.2015625 0.0375 0.0375
0 0.98671875 0.4109375 0.0265625 0.03125
0 0.8046875 0.5 0.0375 0.0375
0 0.978125 0.2078125 0.040625 0.040625
0 0.6484375 0.265625 0.034375 0.034375
0 0.5390625 0.14375 0.028125 0.025
0 0.571875 0.0765625 0.025 0.025
0 0.940625 0.246875 0.034375 0.034375
0 0.609375 0.996875 0.015625 0.00625
0 0.8421875 0.99140625 0.01875 0.0171875
0 0.796875 0.6625 0.015625 0.015625
0 0.8046875 0.675 0.0125 0.0125
0 0.8109375 0.7140625 0.015625 0.015625
0 0.796875 0.55625 0.025 0.025
0 0.6984375 0.0078125 0.01875 0.015625
0 0.9765625 0.3328125 0.0375 0.028125
