0 0.490625 0.0078125 0.0875 0.015625
0 0.2140625 0.2234375 0.075 0.075
0 0.9515625 0.24375 0.06875 0.06875
0 0.509375 0.1671875 0.078125 0.06875
0 0.4734375 0.584375 0.075 0.065625
0 0.25625 0.4109375 0.078125 0.065625
0 0.00546875 0.3046875 0.0109375 0.075
0 0.3453125 0.1421875 0.046875 0.05
0 0.409375 0.5328125 0.059375 0.053125
0 0.2859375 0.553125 0.065625 0.06875
0 0.0875 0.1765625 0.071875 0.059375
0 0.25 0.1125 0.059375 0.059375
0 0.5265625 0.5078125 0.053125 0.053125
0 0.8359375 0.14375 0.034375 0.034375
0 0.8375 0.20625 0.046875 0.046875
