0 0.1546875 0.3015625 0.084375 0.0875
0 0.096875 0.903125 0.10625 0.1
0 0.2125 0.9484375 0.096875 0.103125
0 0.4 0.290625 0.065625 0.075
0 0.3515625 0.315625 0.0875 0.06875
0 0.13125 0.19375 0.075 0.071875
0 0.2078125 0.1875 0.059375 0.059375
0 0.01171875 0.4171875 0.0234375 0.046875
0 0.03046875 0.125 0.0609375 0.071875
0 0.075 0.2625 0.071875 0.08125
0 0.3140625 0.275 0.05625 0.075
0 0.121875 0.409375 0.08125 0.065625
0 0.5875 0.7265625 0.08125 0.071875
0 0.896875 0.584375 0.071875 0.06875
0 0.7703125 0.55 0.078125 0.08125
0 0.659375 0.00546875 0.015625 0.0109375
