0 0.0890625 0.696875 0.090625 0.0875
0 0.5671875 0.828125 0.0875 0.078125
0 0.7109375 0.5171875 0.096875 0.10625
0 0.115625 0.55 0.103125 0.096875
0 0.0796875 0.7859375 0.059375 0.071875
0 0.4296875 0.7625 0.075 0.065625
0 0.3046875 0.678125 0.05 0.053125
0 0.54375 0.3734375 0.075 0.08125
0 0.2375 0.0578125 0.075 0.078125
0 0.028125 0.7703125 0.05625 0.05625
0 0.3625 0.66875 0.04375 0.04375
0 0.7984375 0.1390625 0.01875 0.015625
0 0.8046875 0.1703125 0.01875 0.015625
0 0.815625 0.153125 0.0125 0.0125
