0 0.65 0.97578125 0.078125 0.0484375
0 0.29375 0.95 0.059375 0.05625
0 0.4703125 0.9546875 0.06875 0.08125
0 0.4140625 0.97890625 0.053125 0.0421875
0 0.36875 0.85625 0.065625 0.071875
0 0.984375 0.94375 0.03125 0.071875
0 0.3203125 0.8828125 0.059375 0.0625
0 0.7 0.99609375 0.071875 0.0078125
0 0.421875 0.6515625 0.053125 0.053125
0 0.9046875 0.875 0.0625 0.071875
0 0.0796875 0.9296875 0.034375 0.0375
0 0.95 0.9859375 0.071875 0.028125
0 0.0234375 0.840625 0.0375 0.05
0 0.1078125 0.934375 0.025 0.025
0 0.078125 0.9484375 0.025 0.025
0 0.134375 0.915625 0.028125 0.028125
0 0.146875 0.8578125 0.021875 0.021875
0 0.228125 0.71875 0.015625 0.0125
0 0.2421875 0.746875 0.015625 0.0125
0 0.2140625 0.7640625 0.0125 0.009375
0 0.25625 0.721875 0.01875 0.0125
