0 0.3484375 0.740625 0.040625 0.034375
0 0.19375 0.8203125 0.034375 0.028125
0 0.2390625 0.64375 0.028125 0.028125
0 0.209375 0.671875 0.028125 0.03125
0 0.3375 0.65 0.03125 0.028125
0 0.209375 0.7578125 0.025 0.03125
0 0.4578125 0.63125 0.0375 0.0375
0 0.2640625 0.5515625 0.03125 0.03125
0 0.98515625 0.97890625 0.0296875 0.0421875
0 0.3671875 0.8125 0.01875 0.021875
0 0.440625 0.75625 0.025 0.025
0 0.4796875 0.740625 0.021875 0.021875
0 0.4703125 0.609375 0.025 0.01875
0 0.128125 0.7625 0.021875 0.01875
0 0.1828125 0.7859375 0.025 0.021875
0 0.3046875 0.759375 0.028125 0.025
