0 0.0890625 0.659375 0.0625 0.075
0 0.9015625 0.784375 0.034375 0.040625
0 0.509375 0.9296875 0.0375 0.034375
0 0.778125 0.8234375 0.034375 0.034375
0 0.796875 0.98984375 0.0375 0.0203125
0 0.7125 0.99609375 0.028125 0.0078125
0 0.7734375 0.6140625 0.034375 0.0375
0 0.740625 0.99375 0.025 0.0125
0 0.7671875 0.996875 0.021875 0.00625
0 0.753125 0.8296875 0.034375 0.034375
0 0.684375 0.8140625 0.03125 0.025
0 0.609375 0.784375 0.0375 0.03125
0 0.5734375 0.7578125 0.025 0.028125
0 0.646875 0.7 0.034375 0.025
