0 0.88125 0.4296875 0.103125 0.115625
0 0.653125 0.303125 0.096875 0.09375
0 0.2890625 0.496875 0.071875 0.06875
0 0.2875 0.5625 0.075 0.071875
0 0.9734375 0.6921875 0.053125 0.065625
0 0.36875 0.4453125 0.071875 0.065625
0 0.3953125 0.225 0.084375 0.078125
0 0.4203125 0.040625 0.071875 0.065625
0 0.5609375 0.625 0.078125 0.084375
0 0.340625 0.8453125 0.078125 0.0625
0 0.18125 0.30625 0.05 0.053125
0 0.928125 0.6671875 0.059375 0.06875
0 0.803125 0.2265625 0.059375 0.0875
0 0.98046875 0.5296875 0.0390625 0.053125
0 0.4296875 0.4765625 0.065625 0.05
0 0.2984375 0.6703125 0.078125 0.05
0 0.46875 0.2046875 0.06875 0.059375
0 0.2234375 0.3140625 0.04375 0.05625
0 0.9140625 0.8875 0.071875 0.05
0 0.86875 0.6625 0.040625 0.059375
0 0.565625 0.9484375 0.1 0.065625
0 0.325 0.0375 0.071875 0.065625
0 0.8921875 0.5984375 0.075 0.065625
0 0.4078125 0.640625 0.071875 0.084375
0 0.5203125 0.7921875 0.075 0.065625
0 0.7328125 0.834375 0.065625 0.05625
0 0.303125 0.3765625 0.05 0.046875
