0 0.02890625 0.4296875 0.0578125 0.115625
0 0.190625 0.5 0.06875 0.06875
0 0.1078125 0.6921875 0.071875 0.065625
0 0.2046875 0.65 0.059375 0.0625
0 0.540625 0.028125 0.078125 0.05625
0 0.2125 0.5890625 0.08125 0.071875
0 0.5671875 0.7046875 0.065625 0.05625
0 0.2 0.246875 0.059375 0.05625
0 0.053125 0.6671875 0.059375 0.06875
0 0.5046875 0.690625 0.053125 0.053125
0 0.575 0.76875 0.071875 0.059375
0 0.1109375 0.5296875 0.05 0.053125
0 0.48125 0.1890625 0.05 0.05
0 0.0390625 0.8875 0.071875 0.05
0 0.00703125 0.6625 0.0140625 0.059375
0 0.2625 0.409375 0.059375 0.0625
0 0.6140625 0.21875 0.046875 0.04375
0 0.02734375 0.5984375 0.0546875 0.065625
0 0.76875 0.5546875 0.053125 0.05625
0 0.625 0.271875 0.053125 0.053125
0 0.8328125 0.5203125 0.0625 0.05625
