0 0.2421875 0.19375 0.078125 0.084375
0 0.234375 0.4875 0.08125 0.078125
0 0.3359375 0.3671875 0.071875 0.06875
0 0.2703125 0.025 0.0625 0.05
0 0.18125 0.503125 0.05625 0.053125
0 0.4828125 0.31875 0.05 0.053125
0 0.8578125 0.4 0.05 0.05
0 0.059375 0.5234375 0.05 0.053125
0 0.7828125 0.684375 0.09375 0.0875
0 0.384375 0.4 0.04375 0.04375
0 0.1234375 0.9015625 0.06875 0.065625
0 0.3140625 0.1984375 0.046875 0.05625
0 0.3046875 0.0671875 0.046875 0.046875
0 0.428125 0.2765625 0.05625 0.05625
0 0.784375 0.6859375 0.096875 0.0875
0 0.1109375 0.6375 0.065625 0.078125
0 0.484375 0.4609375 0.05625 0.065625
0 0.6796875 0.7625 0.0875 0.096875
0 0.7078125 0.4109375 0.046875 0.05
0 0.5453125 0.3609375 0.06875 0.06875
0 0.3921875 0.1265625 0.05 0.04375
