0 0.44375 0.7421875 0.084375 0.0875
0 0.0609375 0.46875 0.071875 0.065625
0 0.3828125 0.009375 0.059375 0.01875
0 0.209375 0.565625 0.065625 0.065625
0 0.3140625 0.5140625 0.0625 0.05625
0 0.7703125 0.6125 0.05 0.046875
0 0.325 0.0171875 0.0625 0.034375
0 0.853125 0.7359375 0.05 0.046875
0 0.609375 0.5109375 0.0375 0.0375
0 0.2515625 0.8140625 0.078125 0.090625
0 0.240625 0.965625 0.071875 0.06875
0 0.753125 0.5875 0.0375 0.03125
0 0.6375 0.6484375 0.0375 0.0375
0 0.6375 0.990625 0.05 0.01875
0 0.203125 0.2703125 0.071875 0.078125
