0 0.084375 0.46875 0.040625 0.046875
0 0.5234375 0.159375 0.040625 0.0375
0 0.6375 0.3296875 0.0375 0.03125
0 0.4484375 0.4890625 0.053125 0.04375
0 0.678125 0.3171875 0.0375 0.034375
0 0.528125 0.553125 0.034375 0.034375
0 0.503125 0.69375 0.040625 0.046875
0 0.646875 0.29375 0.03125 0.028125
0 0.546875 0.2125 0.03125 0.03125
0 0.34375 0.2265625 0.046875 0.04375
0 0.521875 0.584375 0.04375 0.04375
0 0.5828125 0.3125 0.0375 0.0375
0 0.5890625 0.225 0.034375 0.03125
0 0.00546875 0.3109375 0.0109375 0.03125
0 0.1171875 0.465625 0.03125 0.0375
