0 0.5890625 0.97578125 0.13125 0.0484375
0 0.5875 0.3828125 0.134375 0.13125
0 0.95 0.1078125 0.1 0.140625
0 0.6203125 0.546875 0.109375 0.13125
0 0.8828125 0.1171875 0.121875 0.146875
0 0.328125 0.56875 0.1 0.09375
0 0.890625 0.02421875 0.09375 0.0484375
0 0.178125 0.5390625 0.065625 0.0875
0 0.7578125 0.103125 0.090625 0.084375
0 0.5046875 0.290625 0.075 0.05625
0 0.8046875 0.371875 0.065625 0.084375
0 0.1140625 0.2375 0.05 0.065625
0 0.96484375 0.97890625 0.0703125 0.0421875
0 0.98984375 0.7796875 0.0203125 0.15625
0 0.4296875 0.8734375 0.140625 0.128125
