0 0.6625 0.4703125 0.034375 0.034375
0 0.1671875 0.6734375 0.053125 0.05
0 0.24375 0.6625 0.040625 0.046875
0 0.3828125 0.7703125 0.046875 0.046875
0 0.43125 0.8375 0.05625 0.046875
0 0.515625 0.7015625 0.034375 0.03125
0 0.5390625 0.6765625 0.034375 0.040625
0 0.2734375 0.8328125 0.053125 0.046875
0 0.4921875 0.5625 0.028125 0.0375
0 0.5546875 0.2984375 0.0375 0.034375
0 0.5171875 0.3484375 0.03125 0.034375
0 0.484375 0.3546875 0.0375 0.034375
0 0.56875 0.3765625 0.0375 0.034375
0 0.6296875 0.61875 0.034375 0.03125
0 0.1609375 0.3 0.034375 0.03125
0 0.0578125 0.2953125 0.03125 0.021875
0 0.0890625 0.31875 0.0375 0.040625
0 0.2578125 0.4359375 0.0375 0.0375
0 0.3046875 0.496875 0.028125 0.028125
0 0.25625 0.5359375 0.034375 0.034375
0 0.253125 0.49375 0.025 0.028125
0 0.190625 0.515625 0.03125 0.03125
0 0.36875 0.296875 0.03125 0.028125
0 0.3578125 0.4609375 0.03125 0.03125
0 0.525 0.4734375 0.028125 0.025
0 0.6125 0.56875 0.025 0.034375
0 0.559375 0.5046875 0.025 0.021875
0 0.15 0.06875 0.028125 0.021875
0 0.1609375 0.090625 0.03125 0.028125
0 0.18125 0.1046875 0.021875 0.025
0 0.2984375 0.046875 0.028125 0.03125
0 0.1703125 0.15625 0.021875 0.028125
0 0.3140625 0.146875 0.01875 0.028125
0 0.2828125 0.209375 0.025 0.021875
0 0.1828125 0.2140625 0.028125 0.028125
0 0.125 0.2828125 0.0375 0.03125
0 0.2234375 0.303125 0.025 0.028125
