0 0.6625 0.9484375 0.228125 0.103125
0 0.7328125 0.090625 0.21875 0.18125
0 0.2 0.5796875 0.221875 0.221875
0 0.2109375 0.89921875 0.296875 0.2015625
0 0.96171875 0.4796875 0.0765625 0.115625
0 0.9203125 0.8265625 0.0875 0.078125
0 0.4953125 0.2703125 0.175 0.175
0 0.834375 0.6140625 0.071875 0.071875
0 0.53125 0.5953125 0.146875 0.13125
0 0.97109375 0.7171875 0.0578125 0.075
0 0.3109375 0.75 0.25625 0.246875
0 0.8796875 0.4296875 0.09375 0.075
0 0.9890625 0.2984375 0.021875 0.053125
0 0.98359375 0.134375 0.0328125 0.103125
0 0.7484375 0.61875 0.046875 0.028125
0 0.98125 0.3546875 0.0375 0.05625
0 0.4984375 0.7453125 0.078125 0.04375
0 0.98359375 0.134375 0.0328125 0.103125
0 0.2921875 0.4 0.15 0.140625
0 0.3765625 0.4671875 0.14375 0.134375
0 0.3375 0.290625 0.125 0.10625
0 0.4671875 0.8328125 0.14375 0.115625
0 0.60625 0.2484375 0.18125 0.18125
0 0.690625 0.321875 0.16875 0.178125
0 0.9921875 0.384375 0.015625 0.05625
