0 0.5125 0.02578125 0.0875 0.0515625
0 0.240625 0.2640625 0.075 0.075
0 0.503125 0.6265625 0.078125 0.078125
0 0.3140625 0.6 0.065625 0.065625
0 0.2828125 0.4515625 0.08125 0.065625
0 0.0203125 0.34375 0.040625 0.06875
0 0.97734375 0.2828125 0.0453125 0.06875
0 0.5296875 0.209375 0.071875 0.0625
0 0.4421875 0.56875 0.059375 0.075
0 0.371875 0.1796875 0.046875 0.059375
0 0.115625 0.21875 0.065625 0.059375
0 0.2796875 0.1546875 0.046875 0.05625
0 0.55625 0.54375 0.05625 0.05625
0 0.8765625 0.2375 0.040625 0.0375
0 0.878125 0.1765625 0.046875 0.046875
0 0.7171875 0.1046875 0.046875 0.040625
