0 0.0359375 0.896875 0.059375 0.065625
0 0.9953125 0.5671875 0.009375 0.053125
0 0.7015625 0.5078125 0.053125 0.05625
0 0.9609375 0.6453125 0.06875 0.0625
0 0.4203125 0.384375 0.046875 0.040625
0 0.165625 0.8734375 0.065625 0.071875
0 0.2640625 0.8671875 0.04375 0.05
0 0.5890625 0.6125 0.04375 0.05
0 0.584375 0.5234375 0.040625 0.040625
0 0.759375 0.490625 0.065625 0.065625
0 0.8109375 0.41875 0.04375 0.05
0 0.134375 0.6703125 0.053125 0.05
0 0.6125 0.525 0.040625 0.040625
0 0.97734375 0.915625 0.0453125 0.06875
0 0.98359375 0.84375 0.0328125 0.065625
0 0.9171875 0.8015625 0.06875 0.075
0 0.434375 0.35 0.05 0.053125
