0 0.1234375 0.8796875 0.103125 0.090625
0 0.240625 0.98984375 0.06875 0.0203125
0 0.659375 0.465625 0.065625 0.075
0 0.365625 0.2203125 0.065625 0.065625
0 0.5046875 0.3203125 0.059375 0.059375
0 0.5078125 0.465625 0.059375 0.06875
0 0.5953125 0.4984375 0.059375 0.053125
0 0.60625 0.446875 0.059375 0.05
0 0.44375 0.3078125 0.046875 0.05
0 0.2203125 0.7953125 0.059375 0.05
0 0.11875 0.01171875 0.075 0.0234375
0 0.6796875 0.0140625 0.015625 0.0125
0 0.753125 0.009375 0.0125 0.009375
0 0.76875 0.0140625 0.0125 0.0125
