0 0.8734375 0.08125 0.084375 0.0875
0 0.9 0.0328125 0.065625 0.059375
0 0.98671875 0.8046875 0.0265625 0.075
0 0.80625 0.7203125 0.075 0.05625
0 0.4796875 0.665625 0.06875 0.071875
0 0.459375 0.6109375 0.071875 0.06875
0 0.371875 0.803125 0.059375 0.05625
0 0.2265625 0.51875 0.05625 0.053125
0 0.4140625 0.1734375 0.065625 0.075
0 0.625 0.11875 0.075 0.084375
0 0.6453125 0.275 0.08125 0.084375
0 0.8046875 0.1953125 0.059375 0.071875
0 0.715625 0.4734375 0.071875 0.075
0 0.6515625 0.4796875 0.078125 0.078125
0 0.5421875 0.4140625 0.06875 0.0625
0 0.540625 0.3640625 0.071875 0.08125
0 0.35625 0.234375 0.0625 0.0625
