0 0.24375 0.7125 0.075 0.065625
0 0.225 0.371875 0.075 0.08125
0 0.1390625 0.5671875 0.05 0.053125
0 0.084375 0.6453125 0.06875 0.0625
0 0.353125 0.6109375 0.059375 0.053125
0 0.259375 0.9703125 0.090625 0.059375
0 0.259375 0.975 0.053125 0.05
0 0.1703125 0.9921875 0.05 0.015625
0 0.521875 0.7625 0.0625 0.053125
0 0.6515625 0.865625 0.04375 0.04375
0 0.425 0.7125 0.06875 0.053125
0 0.115625 0.915625 0.075 0.06875
0 0.121875 0.84375 0.0625 0.065625
0 0.2984375 0.325 0.065625 0.065625
0 0.040625 0.8015625 0.06875 0.075
