0 0.146875 0.484375 0.125 0.125
0 0.0921875 0.3390625 0.109375 0.1
0 0.2359375 0.2890625 0.146875 0.171875
0 0.321875 0.6015625 0.1 0.109375
0 0.7125 0.58125 0.06875 0.1
0 0.759375 0.96484375 0.084375 0.0703125
0 0.790625 0.5265625 0.084375 0.06875
0 0.5 0.8140625 0.059375 0.046875
0 0.9203125 0.97734375 0.065625 0.0453125
0 0.85 0.95 0.0625 0.05625
0 0.740625 0.790625 0.059375 0.05
0 0.8 0.434375 0.05 0.04375
0 0.85 0.4265625 0.053125 0.053125
0 0.2296875 0.7125 0.065625 0.0625
0 0.1796875 0.678125 0.0625 0.046875
