0 0.8015625 0.8625 0.125 0.11875
0 0.8796875 0.3734375 0.153125 0.134375
0 0.65 0.3765625 0.128125 0.128125
0 0.5875 0.43125 0.125 0.125
0 0.2828125 0.34375 0.10625 0.103125
0 0.778125 0.3109375 0.128125 0.13125
0 0.640625 0.6609375 0.1125 0.1
0 0.2125 0.890625 0.09375 0.1
0 0.19375 0.328125 0.078125 0.084375
0 0.24375 0.4171875 0.103125 0.09375
0 0.115625 0.9875 0.090625 0.025
0 0.8359375 0.98515625 0.121875 0.0296875
0 0.6328125 0.04453125 0.115625 0.0890625
0 0.3265625 0.8234375 0.09375 0.09375
0 0.040625 0.5375 0.05625 0.06875
0 0.09375 0.5765625 0.059375 0.05625
0 0.5875 0.115625 0.05625 0.05625
0 0.7296875 0.575 0.1125 0.09375
0 0.02890625 0.9 0.0578125 0.078125
