0 0.0984375 0.553125 0.046875 0.046875
0 0.0890625 0.7546875 0.053125 0.05625
0 0.1125 0.9765625 0.0375 0.03125
0 0.0734375 0.76875 0.04375 0.046875
0 0.0609375 0.98125 0.04375 0.0375
0 0.096875 0.8796875 0.040625 0.0375
0 0.1265625 0.884375 0.025 0.034375
0 0.509375 0.596875 0.0125 0.009375
0 0.496875 0.6015625 0.009375 0.009375
0 0.546875 0.6359375 0.0125 0.0125
0 0.4109375 0.65 0.015625 0.015625
0 0.371875 0.6984375 0.0125 0.0125
0 0.3828125 0.6984375 0.009375 0.009375
0 0.3734375 0.675 0.0125 0.009375
0 0.5328125 0.73125 0.009375 0.0125
0 0.48125 0.725 0.0125 0.009375
0 0.415625 0.5171875 0.0125 0.0125
0 0.4015625 0.4890625 0.015625 0.0125
0 0.2328125 0.6515625 0.015625 0.015625
0 0.23125 0.63125 0.009375 0.015625
0 0.2515625 0.68125 0.015625 0.0125
0 0.2765625 0.721875 0.015625 0.015625
0 0.159375 0.6625 0.021875 0.021875
0 0.125 0.66875 0.0125 0.0125
0 0.184375 0.675 0.0125 0.0125
0 0.0359375 0.6953125 0.028125 0.034375
