0 0.05234375 0.5828125 0.1046875 0.1125
0 0.0875 0.8265625 0.115625 0.134375
0 0.8 0.4421875 0.11875 0.115625
0 0.6390625 0.6640625 0.134375 0.115625
0 0.01328125 0.53125 0.0265625 0.071875
0 0.4671875 0.3765625 0.109375 0.109375
0 0.290625 0.5890625 0.11875 0.1
0 0.9421875 0.6859375 0.078125 0.084375
0 0.7609375 0.803125 0.06875 0.06875
0 0.9703125 0.621875 0.059375 0.08125
0 0.159375 0.4765625 0.04375 0.03125
0 0.7875 0.6109375 0.134375 0.14375
0 0.1875 0.9796875 0.115625 0.040625
0 0.871875 0.96796875 0.078125 0.0640625
