0 0.0984375 0.8390625 0.08125 0.09375
0 0.3828125 0.8140625 0.090625 0.10625
0 0.321875 0.9515625 0.0875 0.0875
0 0.4046875 0.940625 0.08125 0.078125
0 0.1671875 0.8859375 0.0875 0.078125
0 0.978125 0.3546875 0.0375 0.03125
0 0.0625 0.0828125 0.0875 0.103125
0 0.2515625 0.99296875 0.08125 0.0140625
0 0.234375 0.98359375 0.071875 0.0328125
0 0.8546875 0.3046875 0.046875 0.034375
0 0.85625 0.3796875 0.034375 0.03125
0 0.228125 0.8078125 0.084375 0.071875
0 0.9015625 0.390625 0.03125 0.028125
0 0.975 0.4578125 0.034375 0.028125
0 0.3484375 0.4 0.071875 0.0875
0 0.3953125 0.4046875 0.075 0.0875
0 0.9328125 0.40625 0.03125 0.034375
0 0.984375 0.1875 0.028125 0.03125
0 0.95625 0.1703125 0.028125 0.03125
