0 0.8015625 0.3140625 0.04375 0.034375
0 0.01328125 0.3609375 0.0265625 0.04375
0 0.3953125 0.2453125 0.053125 0.040625
0 0.15 0.115625 0.046875 0.040625
0 0.4640625 0.2859375 0.04375 0.04375
0 0.7890625 0.025 0.053125 0.05
0 0.665625 0.15625 0.040625 0.040625
0 0.63125 0.0078125 0.046875 0.015625
0 0.234375 0.0640625 0.04375 0.040625
0 0.1171875 0.06875 0.0375 0.028125
0 0.1109375 0.0484375 0.040625 0.0375
0 0.171875 0.4328125 0.03125 0.034375
0 0.490625 0.0390625 0.05 0.04375
0 0.8125 0.24375 0.0375 0.03125
0 0.075 0.015625 0.053125 0.03125
0 0.0421875 0.084375 0.040625 0.025
0 0.290625 0.0125 0.053125 0.025
0 0.603125 0.2390625 0.03125 0.025
0 0.7734375 0.0359375 0.04375 0.046875
0 0.3984375 0.1171875 0.034375 0.0375
0 0.5015625 0.2015625 0.040625 0.034375
0 0.6640625 0.2640625 0.040625 0.034375
0 0.7609375 0.25 0.04375 0.040625
0 0.796875 0.146875 0.040625 0.0375
0 0.8265625 0.1515625 0.025 0.034375
0 0.521875 0.0578125 0.0375 0.034375
0 0.5078125 0.0296875 0.03125 0.028125
0 0.4203125 0.0234375 0.046875 0.0375
0 0.45 0.0828125 0.04375 0.04375
0 0.234375 0.2203125 0.0375 0.0375
