0 0.96640625 0.8390625 0.0671875 0.09375
0 0.6609375 0.4046875 0.08125 0.090625
0 0.740625 0.3859375 0.096875 0.1125
0 0.4609375 0.2296875 0.1125 0.10625
0 0.228125 0.225 0.103125 0.1
0 0.7125 0.96796875 0.075 0.0640625
0 0.259375 0.05546875 0.109375 0.1109375
0 0.540625 0.9 0.0625 0.084375
0 0.99921875 0.8859375 0.0015625 0.078125
0 0.9375 0.0828125 0.0875 0.103125
0 0.6171875 0.9 0.071875 0.075
0 0.509375 0.3109375 0.090625 0.103125
0 0.175 0.471875 0.028125 0.021875
0 0.1828125 0.490625 0.025 0.021875
0 0.1609375 0.4796875 0.021875 0.021875
0 0.2375 0.45 0.025 0.021875
0 0.2578125 0.44375 0.01875 0.021875
