0 0.2625 0.0203125 0.046875 0.040625
0 0.58125 0.075 0.04375 0.04375
0 0.7046875 0.3609375 0.04375 0.04375
0 0.465625 0.278125 0.046875 0.05
0 0.85 0.115625 0.046875 0.040625
0 0.6640625 0.065625 0.040625 0.040625
0 0.425 0.26875 0.034375 0.046875
0 0.934375 0.0640625 0.04375 0.040625
0 0.8171875 0.06875 0.0375 0.028125
0 0.8109375 0.0484375 0.040625 0.0375
0 0.3796875 0.1640625 0.040625 0.0375
0 0.871875 0.4328125 0.03125 0.034375
0 0.775 0.015625 0.053125 0.03125
0 0.7421875 0.084375 0.040625 0.025
0 0.98203125 0.0125 0.0359375 0.025
0 0.625 0.08125 0.0375 0.04375
0 0.934375 0.2203125 0.0375 0.0375
0 0.140625 0.06875 0.015625 0.01875
0 0.159375 0.0671875 0.015625 0.01875
0 0.1453125 0.0234375 0.021875 0.01875
0 0.0390625 0.028125 0.021875 0.025
