0 0.246875 0.359375 0.05625 0.059375
0 0.7984375 0.553125 0.046875 0.046875
0 0.3953125 0.978125 0.053125 0.040625
0 0.15 0.8484375 0.046875 0.040625
0 0.4640625 0.9984375 0.04375 0.003125
0 0.7890625 0.7546875 0.053125 0.05625
0 0.665625 0.8890625 0.040625 0.040625
0 0.39375 0.5984375 0.05 0.05
0 0.63125 0.7296875 0.046875 0.0375
0 0.234375 0.796875 0.04375 0.040625
0 0.3390625 0.528125 0.04375 0.05625
0 0.1171875 0.8015625 0.0375 0.028125
0 0.1109375 0.78125 0.040625 0.0375
0 0.490625 0.771875 0.05 0.04375
0 0.8125 0.9765625 0.0375 0.03125
0 0.075 0.74375 0.053125 0.040625
0 0.0421875 0.8171875 0.040625 0.025
0 0.290625 0.7359375 0.053125 0.04375
0 0.546875 0.3859375 0.04375 0.040625
0 0.603125 0.971875 0.03125 0.025
0 0.146875 0.3765625 0.040625 0.034375
0 0.3921875 0.5140625 0.04375 0.05
0 0.7734375 0.76875 0.04375 0.046875
0 0.3984375 0.85 0.034375 0.0375
0 0.5015625 0.934375 0.040625 0.034375
0 0.6640625 0.98984375 0.040625 0.0203125
0 0.7609375 0.98125 0.04375 0.0375
0 0.796875 0.8796875 0.040625 0.0375
0 0.8265625 0.884375 0.025 0.034375
0 0.9328125 0.6515625 0.015625 0.015625
0 0.93125 0.63125 0.009375 0.015625
0 0.9515625 0.68125 0.015625 0.0125
0 0.9765625 0.721875 0.015625 0.015625
0 0.859375 0.6625 0.021875 0.021875
0 0.825 0.66875 0.0125 0.0125
0 0.884375 0.675 0.0125 0.0125
0 0.521875 0.790625 0.0375 0.034375
0 0.5078125 0.7625 0.03125 0.028125
0 0.4203125 0.75625 0.046875 0.0375
0 0.45 0.815625 0.04375 0.04375
0 0.6203125 0.5265625 0.028125 0.025
0 0.625 0.4671875 0.040625 0.034375
0 0.4296875 0.3546875 0.0375 0.034375
0 0.115625 0.66875 0.04375 0.04375
0 0.08125 0.665625 0.040625 0.04375
0 0.234375 0.953125 0.0375 0.0375
0 0.0296875 0.4296875 0.034375 0.034375
0 0.3859375 0.709375 0.034375 0.034375
0 0.7359375 0.6953125 0.028125 0.034375
