0 0.946875 0.359375 0.05625 0.059375
0 0.2625 0.7515625 0.046875 0.04375
0 0.58125 0.8078125 0.04375 0.04375
0 0.465625 0.99296875 0.046875 0.0140625
0 0.85 0.8484375 0.046875 0.040625
0 0.2546875 0.684375 0.046875 0.04375
0 0.6640625 0.7984375 0.040625 0.040625
0 0.425 0.9890625 0.034375 0.021875
0 0.934375 0.796875 0.04375 0.040625
0 0.8171875 0.8015625 0.0375 0.028125
0 0.8109375 0.78125 0.040625 0.0375
0 0.3796875 0.896875 0.040625 0.0375
0 0.1609375 0.6140625 0.025 0.025
0 0.775 0.74375 0.053125 0.040625
0 0.7421875 0.8171875 0.040625 0.025
0 0.98203125 0.7359375 0.0359375 0.04375
0 0.2984375 0.7125 0.04375 0.0375
0 0.846875 0.3765625 0.040625 0.034375
0 0.1015625 0.5578125 0.025 0.021875
0 0.815625 0.66875 0.04375 0.04375
0 0.78125 0.665625 0.040625 0.04375
0 0.625 0.8140625 0.0375 0.04375
0 0.934375 0.953125 0.0375 0.0375
0 0.140625 0.8015625 0.015625 0.01875
0 0.159375 0.8 0.015625 0.01875
0 0.1453125 0.75625 0.021875 0.01875
0 0.0390625 0.7609375 0.021875 0.025
0 0.00625 0.71875 0.0125 0.034375
0 0.009375 0.6546875 0.015625 0.021875
0 0.1859375 0.6234375 0.021875 0.01875
0 0.0609375 0.553125 0.021875 0.025
0 0.1078125 0.4078125 0.025 0.021875
0 0.6375 0.5109375 0.034375 0.028125
0 0.7296875 0.4296875 0.034375 0.034375
0 0.403125 0.6484375 0.0375 0.040625
0 0.45625 0.6328125 0.05 0.04375
