0 0.353125 0.1484375 0.075 0.08125
0 0.421875 0.0796875 0.08125 0.075
0 0.921875 0.9578125 0.146875 0.084375
0 0.3296875 0.0921875 0.06875 0.059375
0 0.521875 0.821875 0.109375 0.13125
0 0.415625 0.0171875 0.08125 0.034375
0 0.1734375 0.0421875 0.05625 0.065625
0 0.2296875 0.98125 0.19375 0.034375
0 0.525 0.5109375 0.075 0.078125
0 0.70625 0.4734375 0.08125 0.08125
0 0.2859375 0.7671875 0.096875 0.1125
0 0.5171875 0.4015625 0.06875 0.0875
0 0.06875 0.815625 0.125 0.109375
0 0.090625 0.115625 0.0625 0.059375
0 0.609375 0.0515625 0.046875 0.053125
0 0.8125 0.0484375 0.05 0.053125
