0 0.4 0.0828125 0.24375 0.165625
0 0.1 0.296875 0.159375 0.171875
0 0.059375 0.98203125 0.11875 0.0359375
0 0.6453125 0.265625 0.128125 0.11875
0 0.1703125 0.984375 0.071875 0.03125
0 0.915625 0.9375 0.071875 0.06875
0 0.4671875 0.8875 0.065625 0.078125
0 0.7453125 0.925 0.0875 0.071875
0 0.253125 0.99140625 0.059375 0.0171875
0 0.3734375 0.3203125 0.096875 0.10625
0 0.2296875 0.3171875 0.115625 0.1125
0 0.965625 0.9671875 0.06875 0.065625
0 0.9421875 0.671875 0.075 0.109375
0 0.96640625 0.5859375 0.0671875 0.09375
0 0.846875 0.353125 0.059375 0.065625
0 0.7875 0.3 0.0625 0.0625
0 0.340625 0.8078125 0.071875 0.0875
0 0.1359375 0.68125 0.084375 0.115625
0 0.0671875 0.759375 0.075 0.0875
0 0.046875 0.653125 0.09375 0.125
0 0.8671875 0.140625 0.065625 0.065625
0 0.7875 0.7296875 0.090625 0.1
0 0.4015625 0.9046875 0.065625 0.06875
0 0.609375 0.9484375 0.1375 0.103125
