0 0.8953125 0.76875 0.109375 0.078125
0 0.8828125 0.703125 0.090625 0.10625
0 0.6359375 0.709375 0.078125 0.075
0 0.5015625 0.684375 0.078125 0.059375
0 0.534375 0.678125 0.0625 0.0625
0 0.4109375 0.6359375 0.075 0.0875
0 0.4875 0.6359375 0.08125 0.08125
0 0.4453125 0.4328125 0.065625 0.059375
0 0.496875 0.4015625 0.084375 0.071875
0 0.1703125 0.1734375 0.028125 0.0375
0 0.13125 0.1640625 0.025 0.01875
0 0.14375 0.15625 0.015625 0.028125
0 0.209375 0.15625 0.0375 0.04375
0 0.2265625 0.1171875 0.040625 0.028125
0 0.3 0.0828125 0.0375 0.0375
0 0.3203125 0.1671875 0.04375 0.034375
0 0.259375 0.16875 0.025 0.021875
0 0.2171875 0.1984375 0.028125 0.025
0 0.6515625 0.303125 0.05 0.059375
