0 0.44375 0.1953125 0.140625 0.14375
0 0.6421875 0.23125 0.171875 0.18125
0 0.515625 0.2375 0.14375 0.16875
0 0.10625 0.31875 0.078125 0.075
0 0.125 0.471875 0.059375 0.065625
0 0.3 0.4 0.075 0.06875
0 0.2 0.2796875 0.0625 0.0625
0 0.75 0.0765625 0.053125 0.0625
0 0.046875 0.30625 0.071875 0.071875
0 0.040625 0.6375 0.04375 0.05
0 0.340625 0.3375 0.06875 0.06875
0 0.8046875 0.06875 0.05 0.075
0 0.040625 0.1875 0.071875 0.06875
0 0.0984375 0.2265625 0.084375 0.084375
0 0.203125 0.1078125 0.090625 0.084375
0 0.065625 0.428125 0.071875 0.078125
0 0.2984375 0.584375 0.046875 0.053125
0 0.2828125 0.2171875 0.0625 0.0625
