0 0.05625 0.96328125 0.1125 0.0734375
0 0.646875 0.3515625 0.15 0.15
0 0.9359375 0.234375 0.1125 0.109375
0 0.70625 0.425 0.125 0.115625
0 0.3296875 0.3609375 0.11875 0.121875
0 0.359375 0.9828125 0.065625 0.034375
0 0.7984375 0.578125 0.109375 0.134375
0 0.025 0.1328125 0.05 0.115625
0 0.6140625 0.98046875 0.115625 0.0390625
0 0.2375 0.8546875 0.053125 0.059375
0 0.828125 0.046875 0.0625 0.065625
0 0.95859375 0.534375 0.0828125 0.1
0 0.821875 0.78125 0.11875 0.128125
0 0.70625 0.890625 0.1375 0.103125
0 0.2828125 0.896875 0.06875 0.053125
0 0.6546875 0.15625 0.109375 0.10625
0 0.4609375 0.790625 0.084375 0.075
0 0.45625 0.884375 0.0875 0.075
0 0.3890625 0.703125 0.059375 0.059375
0 0.0421875 0.6453125 0.053125 0.06875
0 0.4109375 0.3609375 0.09375 0.109375
0 0.071875 0.0859375 0.084375 0.090625
