0 0.1890625 0.5703125 0.075 0.084375
0 0.0859375 0.490625 0.084375 0.0875
0 0.03203125 0.88125 0.0640625 0.078125
0 0.1453125 0.1640625 0.084375 0.096875
0 0.15625 0.496875 0.071875 0.075
0 0.940625 0.4671875 0.084375 0.0875
0 0.09375 0.5421875 0.0875 0.075
0 0.5765625 0.778125 0.078125 0.059375
0 0.509375 0.8265625 0.075 0.06875
0 0.7390625 0.7109375 0.046875 0.059375
0 0.4828125 0.2609375 0.0625 0.071875
0 0.6046875 0.1296875 0.075 0.053125
0 0.2671875 0.503125 0.075 0.075
0 0.578125 0.834375 0.071875 0.059375
0 0.5125 0.2796875 0.071875 0.071875
0 0.1328125 0.01953125 0.053125 0.0390625
