0 0.4453125 0.3359375 0.109375 0.125
0 0.5328125 0.315625 0.125 0.134375
0 0.8953125 0.7734375 0.121875 0.11875
0 0.1375 0.3796875 0.103125 0.096875
0 0.675 0.3125 0.103125 0.11875
0 0.98203125 0.5046875 0.0359375 0.128125
0 0.465625 0.5296875 0.08125 0.084375
0 0.7765625 0.7953125 0.1 0.11875
0 0.121875 0.703125 0.0625 0.075
0 0.9421875 0.503125 0.08125 0.109375
0 0.5796875 0.2546875 0.0875 0.0625
0 0.8625 0.828125 0.0875 0.046875
0 0.975 0.5859375 0.05 0.096875
0 0.434375 0.4140625 0.05625 0.084375
0 0.484375 0.8515625 0.084375 0.06875
0 0.984375 0.6421875 0.03125 0.084375
