0 0.56875 0.08125 0.078125 0.071875
0 0.621875 0.09375 0.075 0.08125
0 0.4078125 0.7375 0.1 0.109375
0 0.2828125 0.1515625 0.06875 0.0625
0 0.83125 0.309375 0.075 0.103125
0 0.984375 0.209375 0.03125 0.075
0 0.7890625 0.2453125 0.065625 0.0625
0 0.3703125 0.1078125 0.065625 0.05625
0 0.5234375 0.7375 0.065625 0.0875
0 0.7890625 0.2453125 0.065625 0.0625
0 0.121875 0.97578125 0.06875 0.0484375
0 0.8859375 0.1171875 0.04375 0.0625
0 0.834375 0.928125 0.059375 0.065625
0 0.9671875 0.865625 0.0625 0.059375
0 0.965625 0.3796875 0.0375 0.046875
0 0.9171875 0.5 0.0625 0.065625
0 0.5296875 0.3375 0.075 0.071875
0 0.41875 0.2625 0.046875 0.05
