0 0.5046875 0.4171875 0.08125 0.084375
0 0.97109375 0.31875 0.0578125 0.075
0 0.98515625 0.471875 0.0296875 0.065625
0 0.6171875 0.3546875 0.15625 0.15
0 0.553125 0.5171875 0.05625 0.090625
0 0.059375 0.290625 0.11875 0.153125
0 0.2734375 0.4 0.1 0.1
0 0.6125 0.5421875 0.0625 0.065625
0 0.921875 0.30625 0.071875 0.071875
0 0.915625 0.6375 0.04375 0.05
0 0.1703125 0.28125 0.071875 0.125
0 0.0265625 0.94765625 0.05 0.1046875
0 0.915625 0.1875 0.071875 0.06875
0 0.4671875 0.1375 0.065625 0.078125
0 0.7453125 0.175 0.0875 0.071875
0 0.253125 0.26875 0.059375 0.071875
0 0.965625 0.2265625 0.06875 0.084375
0 0.340625 0.0578125 0.071875 0.0875
0 0.0671875 0.0265625 0.075 0.053125
0 0.7734375 0.2984375 0.071875 0.075
0 0.940625 0.428125 0.071875 0.078125
0 0.06875 0.4921875 0.1 0.0875
0 0.7875 0.01484375 0.090625 0.0296875
0 0.4015625 0.1546875 0.065625 0.06875
0 0.609375 0.2125 0.1375 0.13125
0 0.4375 0.41875 0.08125 0.090625
