0 0.7515625 0.7484375 0.084375 0.08125
0 0.728125 0.97890625 0.0625 0.0421875
0 0.959375 0.490625 0.08125 0.0875
0 0.7515625 0.575 0.078125 0.084375
0 0.890625 0.88125 0.096875 0.078125
0 0.609375 0.4015625 0.078125 0.0875
0 0.9890625 0.1640625 0.021875 0.096875
0 0.99765625 0.496875 0.0046875 0.075
0 0.428125 0.809375 0.065625 0.065625
0 0.9625 0.5421875 0.075 0.075
0 0.721875 0.0515625 0.071875 0.071875
0 0.746875 0.6421875 0.08125 0.078125
0 0.784375 0.0828125 0.0875 0.084375
0 0.990625 0.01953125 0.01875 0.0390625
0 0.746875 0.64375 0.08125 0.071875
0 0.771875 0.0875 0.065625 0.065625
0 0.8390625 0.85 0.05 0.053125
