0 0.44375 0.93671875 0.140625 0.1265625
0 0.6421875 0.9453125 0.171875 0.109375
0 0.515625 0.9515625 0.14375 0.096875
0 0.2 0.99921875 0.0625 0.0015625
0 0.6234375 0.0390625 0.21875 0.075
0 0.75 0.8265625 0.053125 0.0625
0 0.8046875 0.81875 0.05 0.075
0 0.43125 0.5390625 0.053125 0.05625
0 0.040625 0.9375 0.071875 0.06875
0 0.25625 0.5 0.059375 0.071875
0 0.0984375 0.9671875 0.084375 0.065625
0 0.203125 0.8578125 0.090625 0.084375
0 0.0671875 0.671875 0.075 0.109375
0 0.1140625 0.5859375 0.1125 0.09375
0 0.3375 0.6953125 0.075 0.0875
0 0.2 0.6046875 0.078125 0.096875
0 0.00078125 0.353125 0.0015625 0.065625
0 0.6984375 0.3625 0.0625 0.065625
0 0.515625 0.6390625 0.06875 0.084375
0 0.575 0.6015625 0.084375 0.059375
0 0.6578125 0.64375 0.071875 0.075
0 0.0125 0.140625 0.025 0.065625
0 0.2828125 0.9671875 0.0625 0.0625
0 0.4109375 0.55 0.0375 0.0375
