0 0.0171875 0.3484375 0.034375 0.090625
0 0.034375 0.2859375 0.06875 0.0875
0 0.1921875 0.25625 0.103125 0.103125
0 0.2046875 0.503125 0.109375 0.1
0 0.415625 0.00234375 0.06875 0.0046875
0 0.634375 0.025 0.0625 0.05
0 0.4046875 0.584375 0.075 0.078125
0 0.515625 0.81875 0.1 0.11875
0 0.5953125 0.8296875 0.03125 0.028125
0 0.5109375 0.4484375 0.046875 0.046875
0 0.2953125 0.1796875 0.059375 0.05625
0 0.1390625 0.265625 0.05 0.05
0 0.321875 0.2484375 0.04375 0.034375
0 0.79375 0.009375 0.06875 0.01875
0 0.7640625 0.00703125 0.0625 0.0140625
0 0.8765625 0.9515625 0.046875 0.040625
0 0.7375 0.8484375 0.034375 0.03125
0 0.309375 0.0578125 0.025 0.021875
