0 0.1890625 0.79375 0.03125 0.028125
0 0.803125 0.1421875 0.16875 0.1375
0 0.01484375 0.8046875 0.0296875 0.028125
0 0.2234375 0.5234375 0.021875 0.01875
0 0.0203125 0.55625 0.025 0.028125
0 0.190625 0.721875 0.028125 0.021875
0 0.140625 0.5328125 0.025 0.028125
0 0.046875 0.5578125 0.021875 0.025
0 0.04375 0.6375 0.021875 0.021875
0 0.0046875 0.6796875 0.009375 0.028125
0 0.1390625 0.625 0.025 0.021875
0 0.103125 0.6328125 0.025 0.01875
0 0.1015625 0.6015625 0.03125 0.021875
0 0.1125 0.5828125 0.025 0.01875
0 0.1125 0.5109375 0.025 0.021875
0 0.05625 0.5328125 0.021875 0.01875
0 0.20625 0.5515625 0.025 0.021875
0 0.253125 0.534375 0.028125 0.025
0 0.2734375 0.671875 0.028125 0.025
0 0.2609375 0.609375 0.021875 0.01875
0 0.13125 0.7 0.01875 0.015625
0 0.2640625 0.7421875 0.009375 0.0125
0 0.225 0.7328125 0.0125 0.0125
0 0.315625 0.765625 0.009375 0.009375
0 0.2703125 0.7625 0.009375 0.015625
0 0.3828125 0.784375 0.0125 0.009375
0 0.3765625 0.76875 0.0125 0.009375
0 0.365625 0.75625 0.015625 0.0125
0 0.3734375 0.7015625 0.0125 0.0125
0 0.509375 0.7046875 0.009375 0.009375
0 0.5234375 0.70625 0.0125 0.0125
0 0.5390625 0.7125 0.0125 0.0125
0 0.5328125 0.684375 0.009375 0.009375
0 0.540625 0.6671875 0.0125 0.009375
0 0.19375 0.8140625 0.028125 0.021875
0 0.16875 0.7921875 0.015625 0.01875
0 0.1359375 0.80625 0.015625 0.015625
0 0.846875 0.684375 0.01875 0.015625
0 0.884375 0.6546875 0.028125 0.021875
0 0.8578125 0.7 0.015625 0.01875
0 0.875 0.6921875 0.01875 0.0125
