0 0.6203125 0.98359375 0.040625 0.0328125
0 0.2828125 0.8828125 0.03125 0.028125
0 0.771875 0.7421875 0.028125 0.028125
0 0.3609375 0.871875 0.03125 0.03125
0 0.5859375 0.8015625 0.034375 0.03125
0 0.3296875 0.921875 0.028125 0.028125
0 0.5140625 0.821875 0.021875 0.01875
0 0.58125 0.9046875 0.028125 0.025
0 0.025 0.7421875 0.015625 0.015625
0 0.6890625 0.825 0.025 0.021875
0 0.0796875 0.98125 0.01875 0.015625
0 0.6890625 0.8484375 0.01875 0.01875
0 0.4953125 0.8921875 0.015625 0.015625
0 0.66875 0.8359375 0.015625 0.0125
0 0.6359375 0.771875 0.01875 0.015625
0 0.7265625 0.6890625 0.01875 0.01875
0 0.7734375 0.9140625 0.021875 0.021875
0 0.853125 0.9890625 0.01875 0.015625
0 0.8359375 0.75625 0.01875 0.01875
0 0.2703125 0.9015625 0.025 0.025
0 0.35625 0.9234375 0.021875 0.025
0 0.0546875 0.7546875 0.021875 0.021875
0 0.646875 0.8703125 0.021875 0.01875
0 0.51875 0.925 0.021875 0.028125
