0 0.5453125 0.065625 0.134375 0.10625
0 0.6328125 0.034375 0.096875 0.06875
0 0.946875 0.2078125 0.0875 0.0875
0 0.8546875 0.2296875 0.103125 0.090625
0 0.0359375 0.01953125 0.06875 0.0390625
0 0.496875 0.359375 0.08125 0.0875
0 0.2796875 0.2203125 0.0375 0.03125
0 0.2734375 0.2234375 0.03125 0.028125
0 0.403125 0.1671875 0.03125 0.025
0 0.3109375 0.0828125 0.028125 0.015625
0 0.296875 0.13125 0.015625 0.01875
0 0.2640625 0.1046875 0.015625 0.015625
0 0.5 0.140625 0.021875 0.01875
0 0.7359375 0.159375 0.03125 0.03125
0 0.765625 0.0609375 0.0375 0.034375
0 0.6203125 0.0953125 0.01875 0.021875
0 0.8328125 0.115625 0.059375 0.065625
0 0.9734375 0.0125 0.01875 0.025
