0 0.1203125 0.0796875 0.08125 0.084375
0 0.065625 0.4421875 0.08125 0.06875
0 0.1125 0.540625 0.075 0.078125
0 0.071875 0.759375 0.065625 0.0625
0 0.3375 0.04140625 0.078125 0.0828125
0 0.0109375 0.4578125 0.021875 0.06875
0 0.371875 0.3265625 0.075 0.078125
0 0.25625 0.5828125 0.065625 0.065625
0 0.2015625 0.60625 0.05625 0.065625
0 0.596875 0.690625 0.046875 0.0375
0 0.5921875 0.80625 0.046875 0.04375
0 0.55625 0.6421875 0.046875 0.04375
0 0.428125 0.3140625 0.05625 0.065625
0 0.29375 0.3625 0.0625 0.065625
0 0.228125 0.7609375 0.046875 0.04375
0 0.9234375 0.79375 0.03125 0.028125
0 0.4609375 0.3828125 0.065625 0.059375
0 0.5203125 0.5328125 0.046875 0.04375
0 0.646875 0.64375 0.05625 0.046875
0 0.478125 0.56875 0.046875 0.0375
0 0.484375 0.0421875 0.06875 0.06875
0 0.7484375 0.8046875 0.03125 0.028125
0 0.25625 0.4921875 0.065625 0.065625
0 0.5421875 0.803125 0.0375 0.0375
0 0.9578125 0.5234375 0.021875 0.01875
0 0.7546875 0.55625 0.025 0.028125
0 0.4453125 0.43125 0.046875 0.0375
0 0.925 0.721875 0.028125 0.021875
0 0.275 0.734375 0.05 0.040625
0 0.3140625 0.7703125 0.05 0.03125
0 0.515625 0.8359375 0.034375 0.03125
0 0.56875 0.53125 0.04375 0.046875
0 0.2046875 0.8796875 0.028125 0.03125
0 0.025 0.059375 0.046875 0.06875
0 0.103125 0.8125 0.053125 0.04375
0 0.36875 0.84375 0.034375 0.04375
0 0.875 0.5328125 0.025 0.028125
0 0.6359375 0.384375 0.059375 0.046875
0 0.171875 0.1765625 0.071875 0.078125
0 0.2296875 0.18125 0.053125 0.05625
0 0.4015625 0.02734375 0.075 0.0546875
0 0.0078125 0.878125 0.0125 0.015625
0 0.003125 0.91875 0.00625 0.0125
0 0.0546875 0.8609375 0.03125 0.03125
0 0.0890625 0.86875 0.015625 0.015625
0 0.78125 0.5578125 0.021875 0.025
0 0.778125 0.6375 0.021875 0.021875
0 0.7296875 0.6796875 0.028125 0.028125
0 0.8734375 0.625 0.025 0.021875
0 0.8375 0.6328125 0.025 0.01875
0 0.8359375 0.6015625 0.03125 0.021875
0 0.846875 0.5828125 0.025 0.01875
0 0.846875 0.5109375 0.025 0.021875
0 0.790625 0.5328125 0.021875 0.01875
0 0.640625 0.5296875 0.046875 0.05
0 0.521875 0.4234375 0.05625 0.059375
0 0.940625 0.5515625 0.025 0.021875
0 0.98671875 0.534375 0.0265625 0.025
0 0.996875 0.671875 0.00625 0.025
0 0.9921875 0.609375 0.015625 0.01875
0 0.865625 0.7 0.01875 0.015625
0 0.996875 0.7421875 0.00625 0.0125
0 0.959375 0.7328125 0.0125 0.0125
0 0.928125 0.8140625 0.028125 0.021875
0 0.903125 0.7921875 0.015625 0.01875
0 0.8703125 0.80625 0.015625 0.015625
