0 0.071875 0.059375 0.065625 0.0625
0 0.596875 0.0046875 0.046875 0.009375
0 0.5921875 0.10625 0.046875 0.04375
0 0.228125 0.0609375 0.046875 0.04375
0 0.9234375 0.09375 0.03125 0.028125
0 0.7484375 0.1046875 0.03125 0.028125
0 0.5421875 0.103125 0.0375 0.0375
0 0.925 0.021875 0.028125 0.021875
0 0.275 0.034375 0.05 0.040625
0 0.3140625 0.0703125 0.05 0.03125
0 0.515625 0.1359375 0.034375 0.03125
0 0.2046875 0.1796875 0.028125 0.03125
0 0.103125 0.1125 0.053125 0.04375
0 0.36875 0.14375 0.034375 0.04375
0 0.0078125 0.178125 0.0125 0.015625
0 0.003125 0.21875 0.00625 0.0125
0 0.0546875 0.1609375 0.03125 0.03125
0 0.0890625 0.16875 0.015625 0.015625
0 0.865625 0.00390625 0.01875 0.0078125
0 0.996875 0.0421875 0.00625 0.0125
0 0.959375 0.0328125 0.0125 0.0125
0 0.928125 0.1140625 0.028125 0.021875
0 0.903125 0.0921875 0.015625 0.01875
0 0.8703125 0.10625 0.015625 0.015625
