0 0.5046875 0.69375 0.08125 0.078125
0 0.8625 0.6734375 0.075 0.075
0 0.2328125 0.6015625 0.075 0.078125
0 0.259375 0.7875 0.06875 0.0625
0 0.3796875 0.3515625 0.075 0.075
0 0.2296875 0.2875 0.06875 0.06875
0 0.2296875 0.1578125 0.059375 0.05625
0 0.4 0.659375 0.078125 0.0875
0 0.3625 0.03046875 0.071875 0.0609375
0 0.121875 0.465625 0.05 0.053125
0 0.3546875 0.9421875 0.059375 0.059375
0 0.5375 0.8125 0.05 0.0625
0 0.16875 0.6203125 0.05 0.0625
0 0.196875 0.86875 0.0625 0.04375
0 0.95 0.6328125 0.0625 0.065625
0 0.15 0.8375 0.040625 0.0375
0 0.6140625 0.640625 0.034375 0.046875
0 0.3046875 0.9328125 0.034375 0.0375
0 0.41875 0.325 0.059375 0.065625
