0 0.36875 0.146875 0.1875 0.153125
0 0.5453125 0.765625 0.134375 0.10625
0 0.6328125 0.71875 0.096875 0.1
0 0.984375 0.65625 0.03125 0.090625
0 0.5078125 0.6328125 0.128125 0.1
0 0.946875 0.9078125 0.0875 0.0875
0 0.7140625 0.10625 0.15 0.15
0 0.1796875 0.3578125 0.128125 0.128125
0 0.8546875 0.9296875 0.103125 0.090625
0 0.8640625 0.6390625 0.10625 0.096875
0 0.7734375 0.4140625 0.128125 0.11875
0 0.99921875 0.39375 0.0015625 0.1
0 0.0359375 0.7078125 0.06875 0.0625
0 0.8296875 0.0796875 0.06875 0.078125
0 0.1875 0.5828125 0.065625 0.053125
0 0.2796875 0.9203125 0.0375 0.03125
0 0.2734375 0.9234375 0.03125 0.028125
0 0.859375 0.0390625 0.11875 0.078125
0 0.13125 0.0671875 0.128125 0.075
0 0.6296875 0.275 0.103125 0.1125
0 0.415625 0.3171875 0.08125 0.071875
0 0.290625 0.45 0.090625 0.071875
0 0.403125 0.8671875 0.03125 0.025
0 0.3109375 0.7828125 0.028125 0.015625
0 0.296875 0.83125 0.015625 0.01875
0 0.2640625 0.8046875 0.015625 0.015625
0 0.5 0.840625 0.021875 0.01875
0 0.7359375 0.859375 0.03125 0.03125
0 0.765625 0.7609375 0.0375 0.034375
0 0.6203125 0.7953125 0.01875 0.021875
0 0.8328125 0.815625 0.059375 0.065625
0 0.9734375 0.7125 0.01875 0.025
