0 0.2 0.3859375 0.128125 0.146875
0 0.1203125 0.7796875 0.08125 0.084375
0 0.1125 0.65 0.084375 0.090625
0 0.509375 0.634375 0.09375 0.0875
0 0.3375 0.740625 0.078125 0.084375
0 0.3453125 0.584375 0.078125 0.078125
0 0.371875 0.99375 0.075 0.0125
0 0.428125 0.990625 0.05625 0.01875
0 0.484375 0.7421875 0.06875 0.06875
0 0.3375 0.3609375 0.05625 0.046875
0 0.025 0.759375 0.046875 0.06875
0 0.171875 0.8765625 0.071875 0.078125
0 0.2296875 0.88125 0.053125 0.05625
0 0.4015625 0.715625 0.075 0.078125
0 0.384375 0.6421875 0.06875 0.06875
0 0.2796875 0.5921875 0.075 0.0875
