0 0.3515625 0.9 0.1625 0.153125
0 0.028125 0.80625 0.05625 0.15
0 0.9328125 0.3859375 0.128125 0.146875
0 0.6 0.828125 0.121875 0.128125
0 0.853125 0.7796875 0.08125 0.084375
0 0.8453125 0.65 0.084375 0.090625
0 0.384375 0.4546875 0.08125 0.096875
0 0.4 0.0375 0.121875 0.075
0 0.5625 0.334375 0.0875 0.0875
0 0.5953125 0.2421875 0.0625 0.071875
0 0.69375 0.8484375 0.075 0.090625
0 0.5296875 0.5828125 0.1375 0.153125
0 0.571875 0.9046875 0.11875 0.096875
0 0.665625 0.2984375 0.075 0.059375
0 0.18125 0.321875 0.090625 0.071875
0 0.040625 0.4890625 0.08125 0.103125
0 0.096875 0.7796875 0.06875 0.078125
0 0.7578125 0.759375 0.046875 0.06875
0 0.1265625 0.71875 0.11875 0.11875
0 0.9046875 0.8765625 0.071875 0.078125
0 0.9625 0.88125 0.053125 0.05625
0 0.590625 0.5375 0.059375 0.065625
0 0.021875 0.4078125 0.04375 0.04375
0 0.9875 0.5921875 0.025 0.0875
