0 0.9109375 0.03125 0.05625 0.053125
0 0.8359375 0.2140625 0.05625 0.053125
0 0.8625 0.171875 0.059375 0.05
0 0.471875 0.2390625 0.04375 0.04375
0 0.8296875 0.3046875 0.053125 0.05
0 0.7640625 0.1234375 0.0625 0.059375
0 0.5109375 0.0265625 0.040625 0.053125
0 0.6328125 0.253125 0.04375 0.04375
0 0.4046875 0.0828125 0.04375 0.046875
0 0.4125 0.2234375 0.040625 0.053125
0 0.396875 0.203125 0.040625 0.059375
0 0.628125 0.175 0.059375 0.046875
0 0.9828125 0.0546875 0.034375 0.040625
0 0.6921875 0.1734375 0.028125 0.028125
0 0.0234375 0.0390625 0.021875 0.021875
0 0.103125 0.1140625 0.01875 0.015625
0 0.4828125 0.2234375 0.0375 0.040625
