0 0.221875 0.99140625 0.071875 0.0171875
0 0.1640625 0.890625 0.075 0.06875
0 0.3609375 0.09375 0.084375 0.08125
0 0.40625 0.7609375 0.06875 0.075
0 0.3484375 0.509375 0.08125 0.06875
0 0.6859375 0.146875 0.08125 0.0875
0 0.54375 0.2515625 0.071875 0.078125
0 0.4515625 0.4984375 0.065625 0.06875
0 0.2578125 0.6171875 0.071875 0.071875
0 0.53125 0.8484375 0.065625 0.065625
0 0.5109375 0.5515625 0.071875 0.053125
0 0.3875 0.5734375 0.05625 0.04375
0 0.9953125 0.1359375 0.009375 0.078125
0 0.990625 0.928125 0.01875 0.053125
0 0.675 0.4125 0.06875 0.0625
0 0.8 0.4796875 0.05625 0.046875
0 0.8265625 0.0015625 0.0625 0.003125
0 0.6328125 0.171875 0.071875 0.0625
0 0.89375 0.453125 0.053125 0.05625
0 0.6296875 0.175 0.065625 0.05625
0 0.73125 0.3796875 0.0625 0.065625
0 0.334375 0.775 0.065625 0.09375
0 0.578125 0.4828125 0.05 0.05625
0 0.4078125 0.9359375 0.046875 0.04375
