0 0.284375 0.565625 0.0875 0.103125
0 0.97734375 0.2609375 0.0453125 0.078125
0 0.9390625 0.359375 0.096875 0.0875
0 0.43125 0.58125 0.08125 0.0875
0 0.5078125 0.45625 0.06875 0.084375
0 0.459375 0.428125 0.075 0.08125
0 0.4734375 0.384375 0.071875 0.059375
0 0.2578125 0.0640625 0.04375 0.059375
0 0.3125 0.065625 0.05625 0.059375
0 0.9265625 0.43125 0.065625 0.09375
0 0.5671875 0.1984375 0.046875 0.04375
0 0.1640625 0.0078125 0.05 0.015625
0 0.5578125 0.434375 0.05625 0.053125
0 0.703125 0.546875 0.071875 0.053125
0 0.00546875 0.375 0.0109375 0.0625
0 0.3484375 0.6234375 0.0625 0.059375
0 0.0484375 0.7859375 0.096875 0.078125
