0 0.2265625 0.03671875 0.078125 0.0734375
0 0.51875 0.1734375 0.065625 0.0625
0 0.2875 0.0640625 0.084375 0.084375
0 0.6921875 0.1671875 0.06875 0.06875
0 0.26875 0.340625 0.065625 0.065625
0 0.659375 0.2171875 0.06875 0.0625
0 0.1359375 0.178125 0.059375 0.053125
0 0.665625 0.0609375 0.078125 0.0625
0 0.4265625 0.1328125 0.059375 0.05625
0 0.334375 0.246875 0.075 0.059375
0 0.0796875 0.684375 0.06875 0.0625
0 0.1578125 0.753125 0.065625 0.06875
0 0.078125 0.74375 0.065625 0.059375
0 0.5609375 0.1953125 0.06875 0.059375
