0 0.7234375 0.9484375 0.1125 0.103125
0 0.7890625 0.321875 0.14375 0.178125
0 0.7359375 0.19375 0.15 0.15
0 0.821875 0.9625 0.1125 0.075
0 0.1453125 0.99921875 0.09375 0.0015625
0 0.6203125 0.6546875 0.13125 0.13125
0 0.1953125 0.9625 0.0875 0.075
0 0.85 0.04375 0.25625 0.0875
0 0.05 0.6359375 0.09375 0.08125
0 0.103125 0.95703125 0.109375 0.0859375
0 0.0859375 0.178125 0.16875 0.35625
0 0.4234375 0.040625 0.146875 0.08125
0 0.221875 0.99609375 0.06875 0.0078125
0 0.3859375 0.74375 0.08125 0.08125
0 0.98203125 0.1734375 0.0359375 0.121875
0 0.025 0.5796875 0.046875 0.09375
0 0.496875 0.1640625 0.121875 0.140625
0 0.040625 0.725 0.08125 0.11875
0 0.609375 0.19375 0.121875 0.134375
0 0.69375 0.025 0.11875 0.05
0 0.0375 0.725 0.075 0.11875
0 0.709375 0.40625 0.103125 0.1
