0 0.28125 0.353125 0.09375 0.0875
0 0.2265625 0.7828125 0.078125 0.08125
0 0.3234375 0.5484375 0.078125 0.08125
0 0.715625 0.3578125 0.075 0.071875
0 0.51875 0.9234375 0.065625 0.0625
0 0.8921875 0.5984375 0.065625 0.0625
0 0.6296875 0.00546875 0.065625 0.0109375
0 0.2875 0.8140625 0.084375 0.084375
0 0.6921875 0.9171875 0.06875 0.06875
0 0.91875 0.534375 0.071875 0.071875
0 0.515625 0.10625 0.075 0.08125
0 0.659375 0.9671875 0.06875 0.0625
0 0.1546875 0.1359375 0.078125 0.078125
0 0.1359375 0.928125 0.059375 0.053125
0 0.7046875 0.4171875 0.071875 0.065625
0 0.796875 0.09375 0.06875 0.06875
0 0.828125 0.3484375 0.059375 0.053125
0 0.775 0.334375 0.06875 0.084375
0 0.2390625 0.55 0.06875 0.084375
0 0.665625 0.8109375 0.078125 0.0625
0 0.02265625 0.453125 0.0453125 0.05625
0 0.4265625 0.8828125 0.059375 0.05625
0 0.4625 0.121875 0.053125 0.059375
0 0.921875 0.2234375 0.05 0.05
0 0.73125 0.03515625 0.084375 0.0703125
0 0.390625 0.0890625 0.05625 0.059375
0 0.465625 0.1234375 0.059375 0.065625
0 0.334375 0.98359375 0.075 0.0328125
0 0.7296875 0.45 0.05 0.053125
0 0.5609375 0.9453125 0.06875 0.059375
