0 0.9421875 0.70625 0.084375 0.084375
0 0.965625 0.05 0.06875 0.06875
0 0.7578125 0.6796875 0.075 0.06875
0 0.8640625 0.625 0.05625 0.059375
0 0.1125 0.9875 0.01875 0.01875
0 0.1234375 0.99375 0.0125 0.0125
0 0.83125 0.3328125 0.040625 0.040625
0 0.8046875 0.803125 0.034375 0.040625
0 0.5953125 0.7921875 0.03125 0.028125
0 0.315625 0.959375 0.015625 0.01875
0 0.6359375 0.8921875 0.01875 0.025
0 0.65625 0.8859375 0.021875 0.021875
0 0.990625 0.746875 0.01875 0.075
0 0.5671875 0.946875 0.028125 0.021875
0 0.6828125 0.95 0.028125 0.03125
0 0.8703125 0.8890625 0.028125 0.028125
0 0.6046875 0.915625 0.025 0.021875
0 0.790625 0.8671875 0.034375 0.025
0 0.6875 0.90625 0.03125 0.03125
0 0.6125 0.9734375 0.03125 0.028125
0 0.6 0.9546875 0.028125 0.028125
0 0.5625 0.9921875 0.015625 0.015625
0 0.884375 0.8640625 0.046875 0.04375
0 0.909375 0.8234375 0.0375 0.03125
0 0.4796875 0.8765625 0.015625 0.01875
0 0.503125 0.875 0.021875 0.01875
0 0.4703125 0.925 0.028125 0.015625
0 0.2234375 0.990625 0.015625 0.015625
0 0.2265625 0.9640625 0.009375 0.015625
0 0.2546875 0.9609375 0.01875 0.015625
0 0.1796875 0.99140625 0.0125 0.0171875
0 0.184375 0.9640625 0.0125 0.0125
0 0.1875 0.94375 0.0125 0.015625
0 0.2515625 0.8703125 0.01875 0.015625
0 0.1703125 0.9046875 0.015625 0.015625
0 0.0796875 0.8859375 0.025 0.025
0 0.0765625 0.859375 0.021875 0.025
0 0.00234375 0.9890625 0.0046875 0.01875
0 0.0265625 0.99609375 0.01875 0.0078125
0 0.109375 0.85625 0.01875 0.021875
0 0.51875 0.7859375 0.021875 0.01875
0 0.6453125 0.928125 0.025 0.028125
0 0.840625 0.7953125 0.053125 0.059375
0 0.6125 0.8015625 0.025 0.021875
0 0.334375 0.9265625 0.025 0.01875
0 0.7453125 0.2953125 0.059375 0.05625
0 0.8859375 0.29375 0.046875 0.059375
0 0.7609375 0.45625 0.05 0.04375
0 0.7328125 0.553125 0.01875 0.028125
0 0.7671875 0.5578125 0.028125 0.025
