0 0.95625 0.3328125 0.0875 0.109375
0 0.1765625 0.5015625 0.04375 0.040625
0 0.3375 0.5390625 0.046875 0.040625
0 0.0984375 0.534375 0.05625 0.05
0 0.3609375 0.2703125 0.04375 0.0375
0 0.034375 0.2828125 0.05625 0.05
0 0.6328125 0.321875 0.03125 0.028125
0 0.190625 0.1625 0.040625 0.046875
0 0.5546875 0.390625 0.028125 0.028125
0 0.2421875 0.4109375 0.0375 0.040625
0 0.2265625 0.2765625 0.04375 0.04375
0 0.5609375 0.296875 0.0375 0.0375
0 0.31875 0.359375 0.0375 0.04375
0 0.203125 0.440625 0.034375 0.034375
0 0.2765625 0.4078125 0.0375 0.040625
0 0.05625 0.2390625 0.0375 0.040625
0 0.496875 0.309375 0.0375 0.034375
0 0.0828125 0.5421875 0.05 0.04375
0 0.2765625 0.3875 0.040625 0.040625
0 0.5921875 0.303125 0.03125 0.028125
0 0.4390625 0.2375 0.040625 0.04375
0 0.759375 0.240625 0.015625 0.015625
0 0.8140625 0.26875 0.0125 0.015625
0 0.8421875 0.2734375 0.015625 0.015625
0 0.8171875 0.1890625 0.01875 0.021875
0 0.84375 0.175 0.015625 0.015625
0 0.9078125 0.1984375 0.01875 0.015625
0 0.7859375 0.1359375 0.0125 0.0125
0 0.803125 0.1265625 0.01875 0.015625
0 0.8609375 0.0609375 0.0125 0.015625
0 0.4 0.2015625 0.046875 0.040625
