0 0.7984375 0.721875 0.14375 0.16875
0 0.634375 0.8265625 0.14375 0.146875
0 0.6625 0.7953125 0.15625 0.15
0 0.1265625 0.6078125 0.10625 0.1125
0 0.0609375 0.24375 0.096875 0.103125
0 0.4375 0.91875 0.096875 0.121875
0 0.6796875 0.246875 0.103125 0.109375
0 0.625 0.6921875 0.14375 0.1375
0 0.5765625 0.2234375 0.1 0.096875
0 0.259375 0.01953125 0.10625 0.0390625
0 0.6171875 0.3296875 0.1125 0.103125
0 0.75 0.8875 0.159375 0.15
0 0.25 0.3234375 0.075 0.071875
0 0.91953125 0.95 0.1609375 0.1
0 0.4625 0.00390625 0.090625 0.0078125
