0 0.15625 0.575 0.153125 0.184375
0 0.259375 0.653125 0.165625 0.18125
0 0.4828125 0.478125 0.1375 0.146875
0 0.9578125 0.5859375 0.084375 0.11875
0 0.6171875 0.3296875 0.15625 0.1875
0 0.6453125 0.66875 0.15625 0.184375
0 0.0984375 0.03671875 0.14375 0.0734375
0 0.003125 0.09375 0.00625 0.146875
0 0.0203125 0.06875 0.040625 0.1375
0 0.3921875 0.021875 0.1625 0.04375
0 0.75625 0.3453125 0.128125 0.171875
0 0.04453125 0.8 0.0890625 0.15
0 0.4375 0.678125 0.14375 0.1625
0 0.03671875 0.5796875 0.0734375 0.1
0 0.06484375 0.1546875 0.1296875 0.15
0 0.221875 0.2625 0.165625 0.190625
