0 0.6296875 0.5859375 0.153125 0.171875
0 0.7515625 0.7375 0.084375 0.08125
0 0.5359375 0.528125 0.125 0.11875
0 0.5875 0.8078125 0.078125 0.078125
0 0.0375 0.7125 0.075 0.0875
0 0.540625 0.85 0.084375 0.0875
0 0.2640625 0.7203125 0.05625 0.05625
0 0.2203125 0.7609375 0.084375 0.0875
0 0.14375 0.6953125 0.065625 0.059375
0 0.2828125 0.5078125 0.08125 0.090625
0 0.08125 0.5703125 0.1125 0.11875
0 0.1703125 0.5671875 0.10625 0.109375
0 0.39375 0.496875 0.078125 0.06875
0 0.321875 0.6671875 0.075 0.0625
0 0.596875 0.465625 0.059375 0.05625
0 0.6671875 0.490625 0.053125 0.0375
