0 0.6171875 0.521875 0.14375 0.146875
0 0.4578125 0.02265625 0.134375 0.0453125
0 0.9421875 0.8859375 0.115625 0.134375
0 0.8140625 0.859375 0.13125 0.128125
0 0.3078125 0.240625 0.121875 0.128125
0 0.0953125 0.3328125 0.115625 0.109375
0 0.4671875 0.5125 0.128125 0.15
0 0.2640625 0.621875 0.084375 0.125
0 0.3421875 0.6421875 0.0875 0.08125
0 0.3078125 0.8734375 0.090625 0.08125
0 0.846875 0.04375 0.20625 0.0875
0 0.41875 0.184375 0.08125 0.1125
0 0.259375 0.2953125 0.109375 0.09375
0 0.5140625 0.196875 0.09375 0.1125
0 0.909375 0.4015625 0.15625 0.14375
0 0.0328125 0.1984375 0.01875 0.015625
