0 0.04375 0.88125 0.0875 0.159375
0 0.9375 0.98515625 0.125 0.0296875
0 0.0078125 0.5296875 0.015625 0.125
0 0.2734375 0.8015625 0.13125 0.165625
0 0.684375 0.89375 0.1125 0.10625
0 0.02734375 0.95390625 0.0546875 0.0921875
0 0.4 0.903125 0.115625 0.10625
0 0.2953125 0.4546875 0.109375 0.1
0 0.02109375 0.6703125 0.0421875 0.10625
0 0.775 0.7546875 0.134375 0.121875
0 0.6234375 0.2484375 0.14375 0.13125
0 0.31875 0.8921875 0.084375 0.09375
0 0.084375 0.4703125 0.0625 0.053125
0 0.05625 0.415625 0.078125 0.071875
0 0.2578125 0.515625 0.06875 0.071875
0 0.309375 0.54375 0.0625 0.06875
