0 0.190625 0.4890625 0.046875 0.04375
0 0.26875 0.2546875 0.040625 0.04375
0 0.146875 0.534375 0.028125 0.040625
0 0.303125 0.5078125 0.040625 0.0375
0 0.0734375 0.0328125 0.040625 0.040625
0 0.2625 0.49375 0.0375 0.040625
0 0.5046875 0.146875 0.053125 0.04375
0 0.2265625 0.25 0.046875 0.05
0 0.6484375 0.3921875 0.04375 0.0375
0 0.60625 0.5203125 0.034375 0.034375
0 0.3265625 0.5796875 0.040625 0.0375
0 0.45 0.4296875 0.0375 0.034375
0 0.6140625 0.5671875 0.03125 0.028125
0 0.546875 0.4859375 0.028125 0.028125
0 0.30625 0.3578125 0.03125 0.0375
0 0.4796875 0.4203125 0.034375 0.040625
0 0.00234375 0.525 0.0046875 0.034375
0 0.5953125 0.446875 0.034375 0.03125
0 0.428125 0.4546875 0.03125 0.028125
0 0.4453125 0.5171875 0.034375 0.0375
0 0.3765625 0.428125 0.03125 0.03125
0 0.5125 0.28125 0.021875 0.01875
0 0.4890625 0.23125 0.03125 0.03125
0 0.09375 0.5828125 0.040625 0.0375
0 0.44375 0.203125 0.034375 0.03125
0 0.2109375 0.05625 0.03125 0.021875
0 0.359375 0.109375 0.034375 0.034375
0 0.2703125 0.5109375 0.028125 0.0375
0 0.10625 0.3796875 0.034375 0.0375
0 0.10625 0.2625 0.03125 0.040625
0 0.0734375 0.1921875 0.0375 0.034375
0 0.5453125 0.278125 0.0375 0.021875
