0 0.85625 0.575 0.153125 0.184375
0 0.93828125 0.653125 0.1234375 0.18125
0 0.5671875 0.5953125 0.1375 0.15625
0 0.2875 0.728125 0.10625 0.109375
0 0.38125 0.653125 0.175 0.184375
0 0.7984375 0.03671875 0.14375 0.0734375
0 0.634375 0.09375 0.14375 0.146875
0 0.6625 0.06875 0.15625 0.1375
0 0.728125 0.8 0.121875 0.15
0 0.4375 0.1859375 0.096875 0.121875
0 0.625 0.0140625 0.14375 0.028125
0 0.7265625 0.5796875 0.09375 0.1
0 0.75 0.1546875 0.159375 0.15
0 0.91953125 0.2625 0.1609375 0.190625
0 0.2796875 0.96171875 0.1375 0.0765625
0 0.121875 0.3234375 0.1 0.096875
