0 0.99140625 0.375 0.0171875 0.140625
0 0.7265625 0.8109375 0.146875 0.14375
0 0.2859375 0.3015625 0.140625 0.128125
0 0.7078125 0.3546875 0.125 0.146875
0 0.8140625 0.3984375 0.128125 0.128125
0 0.3203125 0.759375 0.096875 0.078125
0 0.5453125 0.6609375 0.09375 0.0875
0 0.2484375 0.371875 0.09375 0.071875
0 0.5203125 0.3375 0.096875 0.084375
0 0.575 0.02109375 0.103125 0.0421875
0 0.4703125 0.4015625 0.0875 0.06875
0 0.890625 0.771875 0.075 0.06875
0 0.35 0.2703125 0.08125 0.078125
0 0.4328125 0.3953125 0.05625 0.05625
0 0.2875 0.4046875 0.071875 0.0625
0 0.3921875 0.5734375 0.096875 0.090625
0 0.940625 0.2421875 0.11875 0.109375
