0 0.2890625 0.8796875 0.1 0.09375
0 0.534375 0.16875 0.09375 0.0875
0 0.478125 0.490625 0.0875 0.0875
0 0.0875 0.565625 0.090625 0.0875
0 0.1546875 0.6046875 0.08125 0.0875
0 0.5953125 0.690625 0.08125 0.071875
0 0.553125 0.5140625 0.071875 0.084375
0 0.0859375 0.4796875 0.096875 0.090625
0 0.190625 0.5390625 0.08125 0.084375
0 0.1953125 0.7515625 0.06875 0.065625
0 0.928125 0.2390625 0.021875 0.025
0 0.8375 0.1453125 0.01875 0.028125
0 0.9578125 0.134375 0.028125 0.021875
0 0.8921875 0.146875 0.025 0.021875
0 0.953125 0.2296875 0.03125 0.025
0 0.3640625 0.8296875 0.05 0.034375
0 0.8296875 0.2859375 0.015625 0.015625
0 0.765625 0.0421875 0.01875 0.015625
0 0.878125 0.0625 0.01875 0.01875
0 0.51875 0.225 0.075 0.065625
0 0.246875 0.140625 0.040625 0.040625
