0 0.64375 0.9484375 0.0875 0.0875
0 0.203125 0.01953125 0.084375 0.0390625
0 0.95859375 0.565625 0.0828125 0.0875
0 0.99453125 0.6046875 0.0109375 0.0875
0 0.2453125 0.0609375 0.090625 0.084375
0 0.6984375 0.8890625 0.084375 0.078125
0 0.571875 0.97109375 0.065625 0.0578125
0 0.1140625 0.5421875 0.053125 0.065625
0 0.95625 0.4796875 0.0875 0.090625
0 0.478125 0.96796875 0.071875 0.0640625
0 0.5828125 0.759375 0.065625 0.09375
0 0.5125 0.7515625 0.09375 0.1
0 0.7328125 0.0296875 0.0625 0.059375
0 0.4125 0.971875 0.075 0.05625
0 0.2984375 0.63125 0.046875 0.046875
0 0.4125 0.97109375 0.075 0.0578125
0 0.6296875 0.98359375 0.090625 0.0328125
