0 0.9046875 0.6109375 0.084375 0.084375
0 0.109375 0.671875 0.0875 0.071875
0 0.98515625 0.9359375 0.0296875 0.08125
0 0.9859375 0.0609375 0.028125 0.075
0 0.97578125 0.734375 0.0484375 0.084375
0 0.146875 0.9734375 0.078125 0.053125
0 0.5421875 0.71875 0.0875 0.115625
0 0.6375 0.5203125 0.06875 0.065625
0 0.7984375 0.5375 0.075 0.075
0 0.596875 0.784375 0.075 0.053125
0 0.6015625 0.465625 0.065625 0.059375
0 0.4875 0.4625 0.06875 0.06875
0 0.6671875 0.909375 0.046875 0.04375
0 0.1140625 0.896875 0.0875 0.08125
0 0.56875 0.5171875 0.059375 0.046875
0 0.9703125 0.0140625 0.059375 0.028125
0 0.6125 0.7375 0.1125 0.084375
0 0.5703125 0.1984375 0.05625 0.053125
0 0.8296875 0.4515625 0.071875 0.075
0 0.790625 0.471875 0.059375 0.0625
0 0.85625 0.55 0.071875 0.078125
