0 0.0859375 0.915625 0.028125 0.028125
0 0.025 0.9125 0.03125 0.0375
0 0.9328125 0.3609375 0.03125 0.03125
0 0.1328125 0.99296875 0.021875 0.0140625
0 0.14375 0.971875 0.028125 0.034375
0 0.371875 0.60625 0.028125 0.021875
0 0.3953125 0.603125 0.025 0.03125
0 0.071875 0.9015625 0.025 0.025
0 0.43125 0.896875 0.03125 0.028125
0 0.0375 0.79375 0.025 0.021875
0 0.2640625 0.68125 0.025 0.028125
0 0.046875 0.453125 0.021875 0.01875
0 0.0671875 0.465625 0.01875 0.021875
0 0.1359375 0.4265625 0.03125 0.025
0 0.1453125 0.490625 0.021875 0.015625
0 0.265625 0.3921875 0.03125 0.025
0 0.3390625 0.35 0.028125 0.028125
0 0.278125 0.3625 0.03125 0.021875
0 0.23125 0.34375 0.021875 0.01875
0 0.2359375 0.5546875 0.021875 0.021875
0 0.4765625 0.4078125 0.03125 0.028125
0 0.5453125 0.334375 0.025 0.025
0 0.5890625 0.265625 0.01875 0.01875
0 0.6546875 0.234375 0.025 0.021875
0 0.69375 0.0109375 0.021875 0.021875
0 0.65 0.1109375 0.021875 0.021875
0 0.8125 0.4484375 0.021875 0.01875
0 0.828125 0.4515625 0.01875 0.021875
0 0.83125 0.38125 0.021875 0.021875
0 0.8921875 0.2609375 0.028125 0.021875
0 0.884375 0.309375 0.025 0.025
0 0.8796875 0.3375 0.021875 0.021875
0 0.8625 0.375 0.021875 0.021875
0 0.8609375 0.628125 0.028125 0.025
0 0.8890625 0.6015625 0.025 0.025
0 0.9125 0.59375 0.021875 0.025
0 0.59375 0.81875 0.025 0.025
0 0.86875 0.459375 0.025 0.025
0 0.334375 0.934375 0.01875 0.01875
0 0.9515625 0.3078125 0.01875 0.025
0 0.240625 0.2203125 0.028125 0.021875
0 0.3140625 0.228125 0.025 0.025
0 0.2671875 0.2375 0.021875 0.01875
0 0.2703125 0.2203125 0.025 0.025
0 0.29375 0.2125 0.021875 0.025
0 0.0625 0.5109375 0.01875 0.025
