0 0.97421875 0.35625 0.0515625 0.109375
0 0.7046875 0.02421875 0.121875 0.0484375
0 0.7953125 0.1046875 0.096875 0.109375
0 0.2484375 0.7484375 0.096875 0.0875
0 0.490625 0.0125 0.09375 0.025
0 0.3671875 0.04296875 0.09375 0.0859375
0 0.02578125 0.9359375 0.0515625 0.08125
0 0.0234375 0.0609375 0.046875 0.075
0 0.1734375 0.640625 0.084375 0.06875
0 0.2828125 0.3375 0.071875 0.084375
0 0.01953125 0.734375 0.0390625 0.084375
0 0.9734375 0.00703125 0.053125 0.0140625
0 0.1140625 0.6796875 0.078125 0.065625
0 0.084375 0.559375 0.065625 0.075
0 0.1140625 0.5046875 0.09375 0.084375
0 0.0640625 0.90625 0.0625 0.0625
0 0.0015625 0.0140625 0.003125 0.028125
0 0.8765625 0.534375 0.0875 0.090625
0 0.1421875 0.5484375 0.059375 0.06875
