0 0.20625 0.6375 0.0625 0.059375
0 0.3328125 0.95625 0.05625 0.053125
0 0.9515625 0.2734375 0.0625 0.065625
0 0.34375 0.0875 0.065625 0.084375
0 0.034375 0.525 0.053125 0.05
0 0.2359375 0.878125 0.05625 0.05
0 0.603125 0.8515625 0.0375 0.04375
0 0.475 0.59375 0.065625 0.06875
0 0.6921875 0.465625 0.059375 0.0625
0 0.9171875 0.8640625 0.065625 0.065625
0 0.5546875 0.5984375 0.04375 0.05625
0 0.0796875 0.5765625 0.05625 0.05625
0 0.8296875 0.578125 0.059375 0.06875
0 0.88125 0.5984375 0.05 0.05
0 0.70625 0.6203125 0.065625 0.065625
0 0.465625 0.4453125 0.059375 0.053125
0 0.115625 0.5546875 0.04375 0.0375
0 0.328125 0.409375 0.05625 0.05
0 0.025 0.3109375 0.028125 0.028125
0 0.0125 0.2453125 0.025 0.03125
0 0.6484375 0.8296875 0.046875 0.053125
0 0.4546875 0.4390625 0.040625 0.0375
0 0.41875 0.5828125 0.05625 0.065625
0 0.053125 0.2328125 0.025 0.025
0 0.10625 0.1828125 0.01875 0.01875
0 0.1890625 0.2484375 0.015625 0.015625
0 0.2796875 0.9734375 0.05625 0.053125
0 0.7640625 0.0203125 0.0375 0.0375
