0 0.446875 0.75625 0.08125 0.078125
0 0.0765625 0.2734375 0.0625 0.065625
0 0.3640625 0.4609375 0.05625 0.078125
0 0.2984375 0.4890625 0.06875 0.053125
0 0.603125 0.746875 0.09375 0.0875
0 0.0421875 0.8640625 0.065625 0.065625
0 0.1734375 0.225 0.05625 0.046875
0 0.015625 0.5984375 0.03125 0.05
0 0.55 0.4171875 0.053125 0.046875
0 0.7078125 0.1421875 0.025 0.028125
0 0.865625 0.1390625 0.03125 0.03125
0 0.9875 0.2140625 0.025 0.034375
0 0.675 0.11875 0.028125 0.03125
0 0.25 0.8375 0.075 0.084375
0 0.8171875 0.121875 0.03125 0.040625
0 0.8046875 0.4109375 0.025 0.028125
0 0.9 0.4 0.034375 0.025
0 0.925 0.39375 0.021875 0.03125
0 0.9796875 0.3828125 0.028125 0.025
0 0.9859375 0.3578125 0.025 0.01875
0 0.975 0.328125 0.021875 0.01875
0 0.709375 0.8625 0.046875 0.053125
0 0.7484375 0.8703125 0.040625 0.0625
0 0.3859375 0.3359375 0.025 0.034375
0 0.6859375 0.721875 0.05 0.059375
