0 0.496875 0.840625 0.090625 0.084375
0 0.346875 0.1765625 0.090625 0.084375
0 0.7484375 0.6796875 0.10625 0.1
0 0.2875 0.4171875 0.084375 0.078125
0 0.70625 0.4171875 0.090625 0.096875
0 0.9484375 0.28125 0.090625 0.090625
0 0.5984375 0.0421875 0.084375 0.08125
0 0.3625 0.4328125 0.075 0.065625
0 0.228125 0.8359375 0.084375 0.084375
0 0.834375 0.3640625 0.065625 0.065625
0 0.6078125 0.6140625 0.09375 0.065625
0 0.328125 0.8953125 0.053125 0.0625
0 0.075 0.8015625 0.046875 0.071875
0 0.359375 0.596875 0.071875 0.075
0 0.9015625 0.559375 0.08125 0.08125
0 0.68125 0.1203125 0.078125 0.084375
0 0.559375 0.3625 0.09375 0.084375
