0 0.38125 0.7640625 0.084375 0.08125
0 0.675 0.5328125 0.071875 0.05625
0 0.796875 0.6625 0.10625 0.090625
0 0.7875 0.353125 0.0875 0.084375
0 0.3453125 0.05 0.065625 0.078125
0 0.4609375 0.7359375 0.065625 0.075
0 0.2609375 0.2921875 0.065625 0.06875
0 0.1453125 0.4140625 0.05625 0.0625
0 0.36875 0.8109375 0.078125 0.05625
0 0.2171875 0.75 0.059375 0.05625
0 0.56875 0.4953125 0.071875 0.075
0 0.4640625 0.98984375 0.071875 0.0203125
0 0.25625 0.490625 0.06875 0.0625
0 0.734375 0.3015625 0.0625 0.065625
0 0.6515625 0.98203125 0.065625 0.0359375
0 0.6140625 0.1484375 0.078125 0.078125
0 0.95 0.8015625 0.046875 0.071875
0 0.80625 0.8890625 0.059375 0.08125
0 0.51875 0.4609375 0.04375 0.10625
0 0.3453125 0.3703125 0.05 0.04375
0 0.8390625 0.3578125 0.05 0.05625
0 0.284375 0.840625 0.05 0.05
0 0.315625 0.7890625 0.065625 0.053125
0 0.728125 0.97578125 0.078125 0.0484375
0 0.5203125 0.1875 0.065625 0.05625
