0 0.425 0.0203125 0.03125 0.0375
0 0.4859375 0.015625 0.028125 0.03125
0 0.66875 0.0515625 0.0375 0.034375
0 0.4578125 0.0546875 0.0375 0.028125
0 0.6984375 0.1375 0.028125 0.025
0 0.7296875 0.028125 0.021875 0.01875
0 0.76875 0.00859375 0.025 0.0171875
0 0.840625 0.078125 0.021875 0.021875
0 0.9140625 0.15625 0.021875 0.021875
0 0.609375 0.071875 0.025 0.01875
0 0.59375 0.040625 0.01875 0.015625
0 0.359375 0.21875 0.01875 0.015625
0 0.3765625 0.2109375 0.01875 0.01875
0 0.4265625 0.171875 0.01875 0.01875
0 0.3984375 0.1625 0.01875 0.021875
0 0.3796875 0.1609375 0.021875 0.025
0 0.2921875 0.1421875 0.025 0.025
0 0.2609375 0.0921875 0.01875 0.021875
0 0.134375 0.0375 0.015625 0.015625
