0 0.803125 0.7515625 0.0625 0.065625
0 0.16875 0.8875 0.065625 0.06875
0 0.0203125 0.6328125 0.040625 0.075
0 0.6359375 0.8609375 0.053125 0.059375
0 0.8390625 0.8359375 0.05625 0.0625
0 0.875 0.878125 0.059375 0.05625
0 0.21875 0.7421875 0.071875 0.08125
0 0.8375 0.4375 0.05625 0.05625
0 0.553125 0.8125 0.059375 0.059375
0 0.5640625 0.7046875 0.0625 0.0625
0 0.453125 0.278125 0.065625 0.06875
0 0.6359375 0.278125 0.065625 0.06875
0 0.3125 0.68125 0.06875 0.071875
0 0.5828125 0.8609375 0.05 0.053125
0 0.328125 0.9703125 0.059375 0.059375
0 0.8953125 0.440625 0.046875 0.040625
0 0.371875 0.678125 0.05625 0.065625
0 0.0546875 0.16875 0.05 0.05625
0 0.1015625 0.1921875 0.05 0.04375
0 0.76875 0.3953125 0.04375 0.040625
0 0.296875 0.58125 0.05 0.04375
0 0.121875 0.7671875 0.053125 0.040625
0 0.4328125 0.371875 0.046875 0.05
0 0.93125 0.39375 0.046875 0.040625
