0 0.425 0.8953125 0.03125 0.0375
0 0.23125 0.7609375 0.025 0.025
0 0.4859375 0.8890625 0.028125 0.034375
0 0.66875 0.9265625 0.0375 0.034375
0 0.678125 0.8328125 0.0375 0.028125
0 0.4578125 0.9296875 0.0375 0.028125
0 0.8546875 0.7859375 0.025 0.025
0 0.7296875 0.903125 0.021875 0.01875
0 0.7703125 0.8609375 0.025 0.021875
0 0.7515625 0.86875 0.01875 0.01875
0 0.76875 0.88125 0.025 0.021875
0 0.840625 0.953125 0.021875 0.021875
0 0.609375 0.946875 0.025 0.01875
0 0.59375 0.915625 0.01875 0.015625
0 0.615625 0.8515625 0.021875 0.021875
0 0.2609375 0.9671875 0.01875 0.021875
0 0.1828125 0.803125 0.01875 0.01875
0 0.134375 0.9125 0.015625 0.015625
0 0.05 0.8453125 0.015625 0.015625
0 0.021875 0.8703125 0.015625 0.0125
