0 0.534375 0.5796875 0.115625 0.125
0 0.753125 0.6 0.109375 0.121875
0 0.609375 0.4734375 0.13125 0.11875
0 0.3125 0.6609375 0.096875 0.115625
0 0.540625 0.9703125 0.0875 0.059375
0 0.02109375 0.2609375 0.0421875 0.10625
0 0.9734375 0.8390625 0.053125 0.096875
0 0.3859375 0.2359375 0.0875 0.096875
0 0.9625 0.621875 0.075 0.1125
0 0.253125 0.553125 0.109375 0.1
0 0.1828125 0.6140625 0.1125 0.1
0 0.64375 0.60625 0.103125 0.1
0 0.090625 0.6765625 0.090625 0.084375
0 0.4546875 0.165625 0.071875 0.078125
0 0.9 0.8578125 0.078125 0.08125
0 0.04609375 0.0609375 0.0921875 0.0875
0 0.1546875 0.209375 0.0875 0.090625
0 0.059375 0.2765625 0.096875 0.090625
0 0.296875 0.25625 0.096875 0.090625
0 0.7828125 0.9140625 0.078125 0.078125
0 0.7046875 0.728125 0.10625 0.1125
0 0.65 0.709375 0.1 0.1
0 0.7515625 0.7484375 0.084375 0.10625
0 0.0703125 0.515625 0.0875 0.09375
0 0.253125 0.10625 0.084375 0.078125
