0 0.10625 0.1484375 0.084375 0.0875
0 0.5671875 0.00625 0.075 0.0125
0 0.0390625 0.14375 0.071875 0.0875
0 0.215625 0.5625 0.059375 0.053125
0 0.2703125 0.6578125 0.059375 0.059375
0 0.02421875 0.53125 0.0484375 0.06875
0 0.521875 0.4140625 0.05 0.053125
0 0.4734375 0.0703125 0.05625 0.053125
0 0.7265625 0.5671875 0.053125 0.05625
0 0.14375 0.534375 0.06875 0.071875
0 0.7421875 0.63125 0.05625 0.05
0 0.4578125 0.4375 0.05625 0.053125
0 0.43125 0.4734375 0.059375 0.05
0 0.7140625 0.453125 0.05 0.04375
0 0.803125 0.3703125 0.075 0.06875
0 0.1765625 0.5640625 0.03125 0.040625
0 0.5328125 0.1203125 0.0625 0.053125
0 0.5796875 0.196875 0.0375 0.028125
0 0.3484375 0.4296875 0.053125 0.065625
0 0.6578125 0.49375 0.04375 0.03125
0 0.5109375 0.540625 0.046875 0.040625
