0 0.7984375 0.1203125 0.034375 0.03125
0 0.7640625 0.2 0.034375 0.03125
0 0.99609375 0.1828125 0.0078125 0.046875
0 0.7390625 0.240625 0.028125 0.028125
0 0.8640625 0.14375 0.034375 0.028125
0 0.6796875 0.0390625 0.025 0.01875
0 0.5859375 0.0546875 0.028125 0.021875
0 0.015625 0.0984375 0.0125 0.0125
0 0.03125 0.1015625 0.015625 0.015625
0 0.98828125 0.2890625 0.0234375 0.034375
0 0.665625 0.059375 0.01875 0.01875
0 0.60625 0.053125 0.009375 0.009375
0 0.065625 0.0984375 0.009375 0.009375
0 0.1953125 0.065625 0.009375 0.009375
