0 0.359375 0.1625 0.06875 0.065625
0 0.31875 0.19375 0.05 0.046875
0 0.421875 0.0359375 0.06875 0.05625
0 0.23125 0.240625 0.05625 0.053125
0 0.6234375 0.7640625 0.109375 0.1125
0 0.065625 0.865625 0.071875 0.071875
0 0.134375 0.8015625 0.06875 0.078125
0 0.2640625 0.8609375 0.075 0.065625
0 0.3390625 0.54375 0.059375 0.075
0 0.4765625 0.746875 0.103125 0.10625
0 0.5578125 0.6984375 0.078125 0.084375
0 0.3265625 0.70625 0.05625 0.05625
0 0.3046875 0.3390625 0.06875 0.06875
0 0.578125 0.065625 0.05625 0.05625
0 0.8703125 0.2859375 0.096875 0.08125
0 0.95 0.19375 0.09375 0.1
0 0.56875 0.375 0.0625 0.0625
0 0.403125 0.4421875 0.075 0.06875
0 0.91875 0.721875 0.090625 0.1
0 0.7765625 0.9140625 0.096875 0.103125
0 0.0015625 0.1609375 0.003125 0.034375
