0 0.359375 0.9125 0.06875 0.065625
0 0.3015625 0.6640625 0.053125 0.065625
0 0.31875 0.94375 0.05 0.046875
0 0.421875 0.7859375 0.06875 0.05625
0 0.23125 0.98203125 0.05625 0.0359375
0 0.096875 0.5796875 0.0375 0.04375
0 0.0328125 0.4390625 0.046875 0.05
0 0.3609375 0.4609375 0.04375 0.05
0 0.3078125 0.51875 0.046875 0.046875
0 0.3421875 0.5421875 0.053125 0.05625
0 0.5359375 0.6984375 0.05 0.05625
0 0.4828125 0.678125 0.05625 0.071875
0 0.5890625 0.70625 0.059375 0.0625
0 0.578125 0.815625 0.05625 0.05625
0 0.8703125 0.99765625 0.096875 0.0046875
0 0.95 0.94375 0.09375 0.1
0 0.0015625 0.9109375 0.003125 0.034375
