0 0.3546875 0.1 0.053125 0.05
0 0.5046875 0.31875 0.04375 0.0375
0 0.4578125 0.028125 0.046875 0.0375
0 0.0484375 0.1203125 0.034375 0.03125
0 0.015625 0.2 0.03125 0.03125
0 0.26875 0.1828125 0.053125 0.046875
0 0.0015625 0.240625 0.003125 0.028125
0 0.496875 0.1421875 0.046875 0.040625
0 0.1140625 0.14375 0.034375 0.028125
0 0.9234375 0.1421875 0.075 0.046875
0 0.4484375 0.1953125 0.034375 0.034375
0 0.828125 0.29375 0.03125 0.028125
0 0.4953125 0.3375 0.0375 0.0375
0 0.4765625 0.184375 0.0375 0.0375
0 0.453125 0.1265625 0.04375 0.034375
0 0.30625 0.2109375 0.046875 0.040625
0 0.246875 0.2890625 0.040625 0.034375
0 0.2828125 0.2859375 0.034375 0.0375
0 0.7484375 0.096875 0.034375 0.028125
0 0.825 0.3203125 0.025 0.021875
