0 0.6265625 0.02109375 0.08125 0.0421875
0 0.0421875 0.2953125 0.065625 0.06875
0 0.6375 0.98984375 0.090625 0.0203125
0 0.3078125 0.6375 0.053125 0.065625
0 0.940625 0.865625 0.071875 0.071875
0 0.9875 0.8015625 0.025 0.078125
0 0.478125 0.4359375 0.053125 0.0625
0 0.546875 0.4109375 0.065625 0.0625
0 0.2734375 0.0890625 0.053125 0.05
0 0.459375 0.134375 0.059375 0.053125
0 0.1421875 0.228125 0.040625 0.034375
0 0.69375 0.890625 0.06875 0.065625
0 0.8078125 0.740625 0.065625 0.075
0 0.2234375 0.7328125 0.05 0.05
0 0.0453125 0.8703125 0.05 0.04375
0 0.153125 0.9 0.05625 0.05
0 0.0203125 0.6578125 0.040625 0.046875
0 0.2140625 0.6421875 0.046875 0.040625
0 0.1984375 0.6171875 0.040625 0.0375
0 0.0296875 0.3203125 0.059375 0.053125
0 0.4109375 0.2046875 0.04375 0.046875
0 0.81875 0.06875 0.053125 0.05625
0 0.8578125 0.1609375 0.040625 0.034375
