0 0.7921875 0.99765625 0.065625 0.0046875
0 0.4140625 0.865625 0.01875 0.01875
0 0.39375 0.88125 0.01875 0.015625
0 0.403125 0.890625 0.0125 0.01875
0 0.3953125 0.953125 0.025 0.021875
0 0.4234375 0.9109375 0.01875 0.015625
0 0.2578125 0.8796875 0.015625 0.01875
0 0.2703125 0.878125 0.015625 0.015625
0 0.3453125 0.9234375 0.01875 0.01875
0 0.325 0.865625 0.015625 0.0125
0 0.3140625 0.8953125 0.015625 0.015625
0 0.084375 0.909375 0.015625 0.0125
0 0.0328125 0.99375 0.0125 0.0125
0 0.1296875 0.8703125 0.0125 0.0125
0 0.0703125 0.88125 0.01875 0.015625
0 0.090625 0.8640625 0.009375 0.0125
0 0.10625 0.8953125 0.0125 0.015625
0 0.0390625 0.921875 0.009375 0.009375
0 0.0328125 0.9109375 0.0125 0.009375
