0 0.2359375 0.415625 0.040625 0.034375
0 0.24375 0.3953125 0.053125 0.040625
0 0.140625 0.3375 0.04375 0.04375
0 0.2421875 0.490625 0.034375 0.04375
0 0.8453125 0.99375 0.059375 0.0125
0 0.2125 0.575 0.05 0.046875
0 0.9125 0.559375 0.046875 0.040625
0 0.9109375 0.5171875 0.05 0.040625
0 0.9765625 0.521875 0.046875 0.05
0 0.1265625 0.6234375 0.0375 0.034375
0 0.1796875 0.5921875 0.034375 0.040625
0 0.25 0.9890625 0.040625 0.021875
0 0.2296875 0.8671875 0.04375 0.040625
0 0.59375 0.721875 0.053125 0.05625
0 0.384375 0.759375 0.05625 0.04375
0 0.9296875 0.925 0.03125 0.04375
0 0.903125 0.84375 0.05 0.046875
0 0.9765625 0.6203125 0.04375 0.046875
0 0.9609375 0.584375 0.059375 0.046875
0 0.6609375 0.659375 0.059375 0.046875
0 0.125 0.68125 0.034375 0.04375
0 0.0421875 0.6140625 0.0375 0.03125
0 0.3453125 0.4953125 0.03125 0.03125
0 0.3203125 0.8296875 0.034375 0.040625
0 0.7 0.5046875 0.034375 0.03125
0 0.5828125 0.3703125 0.0375 0.040625
0 0.1421875 0.215625 0.025 0.034375
0 0.1796875 0.1765625 0.040625 0.03125
0 0.1625 0.234375 0.034375 0.0375
0 0.2015625 0.246875 0.03125 0.028125
