0 0.71875 0.65 0.0875 0.096875
0 0.14375 0.796875 0.084375 0.08125
0 0.8265625 0.63125 0.0875 0.08125
0 0.721875 0.8296875 0.075 0.075
0 0.4859375 0.5171875 0.09375 0.09375
0 0.8140625 0.8625 0.071875 0.065625
0 0.1265625 0.546875 0.05625 0.059375
0 0.6296875 0.8609375 0.071875 0.059375
0 0.071875 0.565625 0.040625 0.0375
0 0.5828125 0.8890625 0.059375 0.053125
0 0.6359375 0.9015625 0.075 0.0625
0 0.1015625 0.978125 0.053125 0.04375
0 0.5546875 0.4640625 0.05625 0.065625
0 0.4953125 0.6984375 0.0625 0.0625
0 0.390625 0.7 0.04375 0.040625
0 0.1515625 0.965625 0.046875 0.046875
0 0.7609375 0.2890625 0.046875 0.04375
