0 0.671875 0.4265625 0.059375 0.06875
0 0.99765625 0.3375 0.0046875 0.04375
0 0.125 0.6140625 0.075 0.05625
0 0.459375 0.3984375 0.03125 0.03125
0 0.49375 0.390625 0.05 0.04375
0 0.9921875 0.6234375 0.015625 0.034375
0 0.9921875 0.68125 0.015625 0.04375
0 0.91875 0.6140625 0.0375 0.03125
0 0.73125 0.9515625 0.034375 0.0375
0 0.5828125 0.7375 0.04375 0.04375
0 0.8609375 0.2484375 0.034375 0.0375
0 0.815625 0.1984375 0.034375 0.034375
0 0.6890625 0.2359375 0.040625 0.04375
0 0.7203125 0.15 0.03125 0.034375
0 0.7953125 0.1046875 0.0375 0.034375
0 0.7359375 0.08125 0.03125 0.03125
0 0.7640625 0.0890625 0.034375 0.028125
0 0.725 0.384375 0.046875 0.040625
0 0.790625 0.4609375 0.05 0.046875
0 0.621875 0.4234375 0.03125 0.04375
0 0.35625 0.1859375 0.040625 0.034375
0 0.2828125 0.325 0.04375 0.04375
0 0.321875 0.3015625 0.04375 0.040625
0 0.346875 0.4453125 0.046875 0.040625
0 0.5296875 0.7515625 0.046875 0.046875
0 0.190625 0.959375 0.04375 0.04375
0 0.190625 0.8828125 0.0375 0.0375
0 0.146875 0.840625 0.0375 0.03125
0 0.0578125 0.9125 0.040625 0.04375
0 0.3546875 0.9015625 0.04375 0.040625
0 0.059375 0.6609375 0.05625 0.05625
