0 0.9296875 0.10703125 0.140625 0.2140625
0 0.89296875 0.221875 0.2140625 0.240625
0 0.4171875 0.06015625 0.19375 0.1203125
0 0.2796875 0.05859375 0.134375 0.1171875
0 0.196875 0.98984375 0.125 0.0203125
0 0.84375 0.846875 0.15 0.171875
0 0.4984375 0.965625 0.159375 0.06875
0 0.3828125 0.1765625 0.190625 0.175
0 0.63125 0.896875 0.159375 0.159375
0 0.084375 0.096875 0.10625 0.09375
0 0.125 0.5640625 0.125 0.115625
0 0.1859375 0.2890625 0.075 0.065625
0 0.328125 0.4328125 0.1 0.090625
0 0.04375 0.340625 0.0875 0.1
