0 0.8453125 0.2609375 0.059375 0.046875
0 0.1375 0.3328125 0.046875 0.046875
0 0.40625 0.7359375 0.0625 0.05625
0 0.446875 0.7671875 0.059375 0.059375
0 0.509375 0.653125 0.053125 0.065625
0 0.340625 0.5359375 0.053125 0.053125
0 0.58125 0.4171875 0.05 0.059375
0 0.4890625 0.2859375 0.05 0.059375
0 0.521875 0.3359375 0.05 0.05625
0 0.6578125 0.2796875 0.053125 0.046875
0 0.7859375 0.2796875 0.040625 0.040625
0 0.2640625 0.3890625 0.04375 0.05
0 0.0890625 0.6140625 0.05625 0.053125
0 0.034375 0.634375 0.0625 0.065625
0 0.0921875 0.36875 0.04375 0.04375
0 0.059375 0.3125 0.040625 0.0375
0 0.25 0.25 0.040625 0.04375
0 0.3953125 0.3078125 0.05 0.053125
0 0.2296875 0.1171875 0.04375 0.040625
0 0.7625 0.55 0.05625 0.06875
0 0.96875 0.3171875 0.059375 0.05
0 0.384375 0.015625 0.05625 0.03125
0 0.9296875 0.175 0.03125 0.04375
0 0.903125 0.09375 0.05 0.046875
0 0.3203125 0.0796875 0.034375 0.040625
