0 0.9953125 0.3328125 0.009375 0.046875
0 0.965625 0.6140625 0.05625 0.053125
0 0.9109375 0.634375 0.0625 0.065625
0 0.7875 0.5125 0.0625 0.05625
0 0.7140625 0.5703125 0.04375 0.04375
0 0.96875 0.36875 0.04375 0.04375
0 0.9359375 0.3125 0.040625 0.0375
0 0.73125 0.2015625 0.034375 0.0375
0 0.5828125 0.0046875 0.04375 0.009375
0 0.5296875 0.0125 0.046875 0.025
0 0.0921875 0.3484375 0.046875 0.046875
0 0.0765625 0.45 0.04375 0.059375
0 0.190625 0.209375 0.04375 0.04375
0 0.190625 0.1328125 0.0375 0.0375
0 0.146875 0.090625 0.0375 0.03125
0 0.0578125 0.1625 0.040625 0.04375
0 0.3546875 0.1515625 0.04375 0.040625
