0 0.05 0.05078125 0.1 0.1015625
0 0.21875 0.8515625 0.2875 0.290625
0 0.5234375 0.1015625 0.234375 0.203125
0 0.3515625 0.215625 0.184375 0.16875
0 0.3890625 0.01328125 0.309375 0.0265625
0 0.9171875 0.0671875 0.034375 0.028125
0 0.7734375 0.1359375 0.028125 0.025
0 0.9109375 0.15 0.03125 0.021875
0 0.7203125 0.1171875 0.03125 0.025
0 0.853125 0.0546875 0.021875 0.021875
0 0.7484375 0.1890625 0.021875 0.03125
0 0.740625 0.1609375 0.025 0.025
0 0.7640625 0.1109375 0.05 0.03125
0 0.02265625 0.409375 0.0453125 0.203125
0 0.975 0.1625 0.021875 0.021875
