0 0.875 0.2171875 0.1 0.115625
0 0.5171875 0.31875 0.090625 0.0875
0 0.909375 0.68125 0.103125 0.1
0 0.6484375 0.403125 0.096875 0.090625
0 0.9625 0.5703125 0.071875 0.103125
0 0.609375 0.8015625 0.06875 0.071875
0 0.3921875 0.6453125 0.06875 0.065625
0 0.528125 0.55625 0.071875 0.071875
0 0.690625 0.7640625 0.025 0.025
0 0.4921875 0.865625 0.0375 0.03125
0 0.3875 0.7578125 0.059375 0.0625
0 0.9125 0.4671875 0.040625 0.046875
0 0.2171875 0.8015625 0.034375 0.028125
0 0.4640625 0.9203125 0.034375 0.028125
0 0.5046875 0.7578125 0.084375 0.096875
0 0.36875 0.8421875 0.028125 0.028125
0 0.990625 0.8703125 0.015625 0.028125
0 0.9875 0.79375 0.025 0.040625
0 0.3296875 0.6953125 0.025 0.028125
0 0.7703125 0.8015625 0.025 0.021875
0 0.0734375 0.8703125 0.028125 0.025
0 0.3984375 0.840625 0.028125 0.028125
0 0.6515625 0.8125 0.021875 0.021875
0 0.2109375 0.884375 0.03125 0.021875
0 0.0203125 0.8515625 0.03125 0.025
0 0.153125 0.7890625 0.021875 0.021875
0 0.3515625 0.6953125 0.025 0.028125
0 0.3453125 0.675 0.01875 0.025
0 0.784375 0.7015625 0.025 0.025
0 0.8796875 0.765625 0.03125 0.025
0 0.8234375 0.8671875 0.01875 0.021875
0 0.5765625 0.865625 0.028125 0.021875
0 0.6828125 0.89375 0.015625 0.01875
0 0.0484375 0.9234375 0.021875 0.03125
0 0.040625 0.8953125 0.025 0.025
0 0.0640625 0.8453125 0.05 0.03125
0 0.2546875 0.56875 0.1 0.084375
0 0.275 0.896875 0.021875 0.021875
0 0.33125 0.8453125 0.028125 0.025
0 0.3484375 0.8921875 0.01875 0.021875
0 0.4609375 0.99609375 0.015625 0.0078125
0 0.9265625 0.834375 0.021875 0.021875
0 0.9234375 0.85625 0.01875 0.01875
0 0.7015625 0.775 0.015625 0.015625
0 0.828125 0.6625 0.021875 0.01875
0 0.8203125 0.534375 0.021875 0.021875
0 0.8484375 0.88125 0.0125 0.015625
0 0.7796875 0.00546875 0.0875 0.0109375
0 0.7171875 0.8046875 0.0125 0.0125
0 0.86875 0.528125 0.01875 0.01875
