0 0.98828125 0.796875 0.0234375 0.08125
0 0.746875 0.534375 0.075 0.06875
0 0.7078125 0.4140625 0.078125 0.071875
0 0.5359375 0.7234375 0.065625 0.065625
0 0.66875 0.5953125 0.075 0.075
0 0.7921875 0.2828125 0.065625 0.075
0 0.2640625 0.665625 0.059375 0.053125
0 0.98671875 0.546875 0.0265625 0.059375
0 0.41875 0.8234375 0.05 0.046875
0 0.5796875 0.6359375 0.075 0.065625
0 0.946875 0.565625 0.040625 0.0375
0 0.4109375 0.7515625 0.05625 0.05
0 0.4140625 0.115625 0.01875 0.01875
0 0.975 0.978125 0.05 0.04375
0 0.840625 0.7953125 0.065625 0.0625
0 0.8296875 0.3515625 0.0625 0.0625
0 0.39375 0.13125 0.01875 0.015625
0 0.403125 0.140625 0.0125 0.01875
0 0.3953125 0.203125 0.025 0.021875
0 0.4234375 0.1609375 0.01875 0.015625
0 0.2578125 0.1296875 0.015625 0.01875
0 0.2703125 0.128125 0.015625 0.015625
0 0.3453125 0.1734375 0.01875 0.01875
0 0.325 0.115625 0.015625 0.0125
0 0.3140625 0.1453125 0.015625 0.015625
0 0.2421875 0.2703125 0.015625 0.015625
0 0.275 0.2640625 0.01875 0.01875
0 0.121875 0.3046875 0.028125 0.015625
0 0.0796875 0.265625 0.015625 0.009375
0 0.084375 0.159375 0.015625 0.0125
0 0.0328125 0.24375 0.0125 0.0125
0 0.1296875 0.1203125 0.0125 0.0125
0 0.0703125 0.13125 0.01875 0.015625
0 0.590625 0.728125 0.05625 0.053125
0 0.55625 0.7875 0.065625 0.05625
0 0.4 0.678125 0.059375 0.046875
0 0.81875 0.6546875 0.053125 0.046875
0 0.090625 0.1140625 0.009375 0.0125
0 0.10625 0.1453125 0.0125 0.015625
0 0.0390625 0.171875 0.009375 0.009375
0 0.0328125 0.1609375 0.0125 0.009375
