0 0.05 0.7140625 0.1 0.24375
0 0.5234375 0.80625 0.234375 0.2625
0 0.55625 0.425 0.159375 0.14375
0 0.3515625 0.9328125 0.184375 0.134375
0 0.3890625 0.6203125 0.309375 0.28125
0 0.475 0.0453125 0.090625 0.0875
0 0.9171875 0.8015625 0.034375 0.028125
0 0.7734375 0.8703125 0.028125 0.025
0 0.9109375 0.884375 0.03125 0.021875
0 0.7203125 0.8515625 0.03125 0.025
0 0.853125 0.7890625 0.021875 0.021875
0 0.7484375 0.9234375 0.021875 0.03125
0 0.740625 0.8953125 0.025 0.025
0 0.7640625 0.8453125 0.05 0.03125
0 0.95234375 0.56875 0.0953125 0.084375
0 0.2078125 0.01015625 0.11875 0.0203125
0 0.975 0.896875 0.021875 0.021875
