0 0.6203125 0.0578125 0.08125 0.06875
0 0.34375 0.03984375 0.08125 0.0796875
0 0.98984375 0.26875 0.0203125 0.090625
0 0.665625 0.1109375 0.084375 0.075
0 0.5921875 0.0125 0.090625 0.025
0 0.43125 0.403125 0.05625 0.053125
0 0.3984375 0.36875 0.046875 0.046875
0 0.5546875 0.390625 0.046875 0.04375
0 0.5671875 0.4984375 0.053125 0.05
0 0.790625 0.2984375 0.065625 0.06875
0 0.5875 0.1 0.075 0.071875
0 0.653125 0.01484375 0.06875 0.0296875
0 0.825 0.034375 0.0625 0.06875
0 0.440625 0.0984375 0.071875 0.075
0 0.6734375 0.375 0.06875 0.0625
