0 0.8625 0.85625 0.096875 0.1
0 0.3453125 0.6046875 0.096875 0.109375
0 0.025 0.7546875 0.05 0.071875
0 0.00625 0.625 0.0125 0.06875
0 0.7921875 0.865625 0.084375 0.096875
0 0.096875 0.59375 0.05625 0.059375
0 0.146875 0.5171875 0.05625 0.05625
0 0.1296875 0.2953125 0.06875 0.06875
0 0.7546875 0.4953125 0.0875 0.0875
0 0.02421875 0.3234375 0.0484375 0.065625
0 0.4859375 0.646875 0.05625 0.053125
0 0.44375 0.684375 0.04375 0.04375
0 0.5671875 0.765625 0.040625 0.040625
0 0.3953125 0.609375 0.06875 0.08125
0 0.496875 0.7453125 0.046875 0.046875
0 0.9796875 0.97265625 0.0375 0.0546875
0 0.8671875 0.9625 0.034375 0.065625
