0 0.425 0.540625 0.05625 0.053125
0 0.3421875 0.7234375 0.053125 0.05
0 0.15625 0.31875 0.0625 0.059375
0 0.2 0.6078125 0.065625 0.0625
0 0.08125 0.7125 0.03125 0.034375
0 0.353125 0.5953125 0.046875 0.05
0 0.3734375 0.7171875 0.040625 0.040625
0 0.428125 0.740625 0.034375 0.025
0 0.46875 0.734375 0.034375 0.025
0 0.2 0.678125 0.05625 0.04375
0 0.00390625 0.696875 0.0078125 0.025
0 0.096875 0.575 0.0375 0.03125
0 0.1609375 0.659375 0.034375 0.03125
0 0.1578125 0.7140625 0.03125 0.028125
0 0.14375 0.765625 0.03125 0.028125
