0 0.26875 0.9453125 0.059375 0.065625
0 0.3375 0.5171875 0.046875 0.04375
0 0.00234375 0.6953125 0.0046875 0.053125
0 0.171875 0.8734375 0.0625 0.053125
0 0.184375 0.8453125 0.046875 0.040625
0 0.2296875 0.97734375 0.046875 0.0453125
0 0.7609375 0.7171875 0.05625 0.05
0 0.0328125 0.2796875 0.0375 0.03125
0 0.9171875 0.9234375 0.040625 0.0375
0 0.95625 0.9046875 0.046875 0.04375
0 0.665625 0.8828125 0.0375 0.0375
0 0.090625 0.34375 0.03125 0.028125
0 0.0859375 0.7078125 0.040625 0.040625
0 0.0828125 0.6015625 0.0375 0.040625
0 0.2984375 0.934375 0.040625 0.05
0 0.603125 0.825 0.046875 0.05625
0 0.6359375 0.7125 0.040625 0.05
0 0.9046875 0.35625 0.0375 0.040625
0 0.775 0.5453125 0.0375 0.034375
