0 0.371875 0.784375 0.040625 0.04375
0 0.3546875 0.73125 0.05625 0.046875
0 0.0890625 0.3984375 0.05 0.04375
0 0.05 0.4515625 0.046875 0.04375
0 0.0828125 0.459375 0.034375 0.05
0 0.0546875 0.396875 0.040625 0.04375
0 0.2140625 0.5796875 0.046875 0.04375
0 0.2421875 0.61875 0.046875 0.040625
0 0.3484375 0.4703125 0.04375 0.0375
0 0.434375 0.53125 0.040625 0.040625
0 0.40625 0.784375 0.034375 0.040625
0 0.9984375 0.5734375 0.003125 0.0375
0 0.38125 0.99140625 0.034375 0.0171875
0 0.14375 0.821875 0.04375 0.0375
