0 0.6453125 0.7015625 0.06875 0.0625
0 0.26875 0.1953125 0.059375 0.065625
0 0.171875 0.1234375 0.0625 0.053125
0 0.184375 0.0953125 0.046875 0.040625
0 0.2296875 0.2296875 0.046875 0.05
0 0.2890625 0.3921875 0.053125 0.04375
0 0.00546875 0.6 0.0109375 0.05
0 0.2890625 0.6234375 0.046875 0.04375
0 0.9171875 0.1734375 0.040625 0.0375
0 0.95625 0.1546875 0.046875 0.04375
0 0.665625 0.1328125 0.0375 0.0375
0 0.6421875 0.3765625 0.053125 0.046875
0 0.4796875 0.5359375 0.05 0.04375
0 0.8890625 0.5359375 0.05 0.05
0 0.9 0.4265625 0.040625 0.046875
0 0.9828125 0.415625 0.03125 0.040625
0 0.971875 0.71875 0.04375 0.05
0 0.325 0.9125 0.05625 0.05625
0 0.09375 0.828125 0.05 0.05625
0 0.2984375 0.184375 0.040625 0.05
0 0.603125 0.075 0.046875 0.05625
