0 0.7828125 0.0890625 0.053125 0.046875
0 0.05625 0.2703125 0.05 0.05
0 0.8390625 0.3 0.05625 0.05625
0 0.359375 0.0390625 0.053125 0.065625
0 0.7671875 0.1140625 0.040625 0.0375
0 0.10625 0.5015625 0.0375 0.03125
0 0.565625 0.7015625 0.0375 0.040625
0 0.559375 0.8265625 0.04375 0.04375
0 0.5671875 0.9734375 0.046875 0.05
0 0.8640625 0.6 0.046875 0.05
0 0.6859375 0.171875 0.034375 0.040625
0 0.515625 0.0234375 0.040625 0.040625
0 0.36875 0.3234375 0.034375 0.028125
0 0.16875 0.096875 0.040625 0.034375
0 0.7828125 0.8453125 0.040625 0.046875
0 0.9703125 0.828125 0.05 0.05625
0 0.334375 0.8046875 0.05 0.05
0 0.2390625 0.9546875 0.046875 0.04375
0 0.5921875 0.6375 0.040625 0.040625
0 0.5546875 0.6421875 0.034375 0.0375
0 0.615625 0.675 0.03125 0.046875
0 0.78125 0.7234375 0.0375 0.05
0 0.73125 0.4265625 0.0375 0.040625
