0 0.59375 0.2921875 0.04375 0.040625
0 0.7765625 0.1328125 0.0375 0.040625
0 0.6015625 0.0265625 0.03125 0.03125
0 0.453125 0.234375 0.04375 0.040625
0 0.515625 0.25625 0.0375 0.034375
0 0.846875 0.00390625 0.0375 0.0078125
0 0.3546875 0.271875 0.046875 0.034375
0 0.903125 0.0578125 0.034375 0.03125
0 0.9375 0.1953125 0.028125 0.03125
0 0.7625 0.2359375 0.05 0.034375
0 0.8703125 0.05625 0.028125 0.03125
0 0.9515625 0.1078125 0.034375 0.034375
0 0.85625 0.0734375 0.025 0.025
0 0.8875 0.0796875 0.028125 0.028125
0 0.9828125 0.1296875 0.025 0.028125
0 0.88125 0.15625 0.025 0.025
0 0.8015625 0.18125 0.034375 0.0375
