0 0.628125 0.9578125 0.115625 0.084375
0 0.675 0.578125 0.1125 0.11875
0 0.8203125 0.9234375 0.1 0.1
0 0.2078125 0.6328125 0.096875 0.090625
0 0.825 0.434375 0.109375 0.11875
0 0.9296875 0.4296875 0.115625 0.1
0 0.715625 0.903125 0.109375 0.121875
0 0.996875 0.7421875 0.00625 0.096875
0 0.8625 0.115625 0.11875 0.125
0 0.3015625 0.0234375 0.128125 0.046875
0 0.7625 0.190625 0.121875 0.146875
0 0.4546875 0.7234375 0.125 0.115625
0 0.3875 0.059375 0.09375 0.10625
0 0.775 0.4671875 0.075 0.078125
0 0.325 0.1953125 0.121875 0.128125
0 0.0109375 0.2046875 0.021875 0.0375
0 0.0359375 0.246875 0.034375 0.03125
0 0.046875 0.5578125 0.0375 0.03125
0 0.2421875 0.646875 0.06875 0.078125
