0 0.2640625 0.96796875 0.096875 0.0640625
0 0.4359375 0.5375 0.146875 0.14375
0 0.0015625 0.86875 0.003125 0.08125
0 0.1 0.7921875 0.071875 0.065625
0 0.00703125 0.6046875 0.0140625 0.075
0 0.125 0.99453125 0.084375 0.0109375
0 0.265625 0.53125 0.078125 0.1
0 0.01796875 0.8015625 0.0359375 0.0625
0 0.540625 0.8546875 0.059375 0.084375
0 0.196875 0.6859375 0.115625 0.128125
0 0.075 0.9171875 0.05 0.05625
0 0.02265625 0.6875 0.0453125 0.065625
0 0.796875 0.846875 0.01875 0.015625
0 0.021875 0.9078125 0.0375 0.040625
0 0.503125 0.0421875 0.190625 0.08125
0 0.1 0.7109375 0.0875 0.084375
0 0.8046875 0.86875 0.01875 0.015625
0 0.8078125 0.8328125 0.01875 0.015625
0 0.821875 0.853125 0.015625 0.015625
0 0.99296875 0.7359375 0.0140625 0.021875
0 0.5296875 0.26875 0.121875 0.11875
0 0.4203125 0.2 0.10625 0.10625
0 0.00390625 0.64375 0.0078125 0.053125
0 0.559375 0.9875 0.034375 0.025
0 0.375 0.8609375 0.05625 0.059375
0 0.315625 0.8875 0.025 0.025
0 0.3640625 0.81875 0.021875 0.025
0 0.246875 0.040625 0.0625 0.075
