0 0.9828125 0.1140625 0.034375 0.10625
0 0.996875 0.4828125 0.00625 0.08125
0 0.7140625 0.0171875 0.078125 0.034375
0 0.6390625 0.040625 0.084375 0.06875
0 0.290625 0.03203125 0.08125 0.0640625
0 0.875 0.1484375 0.084375 0.06875
0 0.78125 0.384375 0.059375 0.053125
0 0.146875 0.1296875 0.05 0.075
0 0.2953125 0.1109375 0.084375 0.06875
0 0.396875 0.00859375 0.1125 0.0171875
0 0.215625 0.278125 0.05 0.046875
0 0.48125 0.284375 0.075 0.065625
0 0.825 0.0421875 0.05 0.05625
0 0.8375 0.31875 0.05625 0.05
0 0.771875 0.0328125 0.0375 0.040625
0 0.1890625 0.2515625 0.034375 0.040625
