0 0.2640625 0.1140625 0.096875 0.10625
0 0.2875 0.4828125 0.0875 0.08125
0 0.0015625 0.0171875 0.003125 0.034375
0 0.546875 0.2890625 0.09375 0.1
0 0.3609375 0.3 0.071875 0.065625
0 0.3640625 0.1828125 0.075 0.078125
0 0.125 0.1484375 0.084375 0.06875
0 0.03125 0.384375 0.059375 0.053125
0 0.540625 0.0109375 0.059375 0.021875
0 0.4046875 0.2390625 0.059375 0.0625
0 0.3140625 0.38125 0.053125 0.04375
0 0.075 0.0421875 0.05 0.05625
0 0.0875 0.31875 0.05625 0.05
0 0.021875 0.0328125 0.0375 0.040625
0 0.2828125 0.3109375 0.05625 0.05625
0 0.559375 0.11875 0.034375 0.0375
0 0.375 0.0078125 0.05625 0.015625
0 0.315625 0.0125 0.025 0.025
