0 0.4296875 0.38125 0.084375 0.1
0 0.321875 0.984375 0.08125 0.03125
0 0.1703125 0.384375 0.090625 0.115625
0 0.553125 0.7546875 0.078125 0.078125
0 0.221875 0.4359375 0.05625 0.06875
0 0.5703125 0.59375 0.059375 0.065625
0 0.49375 0.5453125 0.084375 0.090625
0 0.3921875 0.553125 0.071875 0.06875
0 0.4234375 0.715625 0.075 0.06875
0 0.1578125 0.534375 0.084375 0.08125
0 0.1203125 0.25 0.075 0.071875
0 0.2 0.0421875 0.109375 0.084375
0 0.64375 0.709375 0.05 0.071875
0 0.759375 0.2625 0.1 0.10625
0 0.8265625 0.3984375 0.075 0.08125
0 0.69375 0.5078125 0.0875 0.078125
