0 0.390625 0.884375 0.078125 0.090625
0 0.6625 0.96171875 0.071875 0.0765625
0 0.046875 0.846875 0.01875 0.015625
0 0.271875 0.7890625 0.028125 0.028125
0 0.6984375 0.9734375 0.0375 0.05
0 0.0546875 0.86875 0.01875 0.015625
0 0.0578125 0.8328125 0.01875 0.015625
0 0.071875 0.853125 0.015625 0.015625
0 0.26875 0.759375 0.025 0.021875
0 0.25 0.7359375 0.028125 0.021875
0 0.35 0.715625 0.01875 0.01875
0 0.934375 0.7828125 0.128125 0.109375
0 0.9625 0.70625 0.071875 0.0625
0 0.3953125 0.771875 0.040625 0.0375
0 0.3140625 0.8328125 0.028125 0.025
0 0.290625 0.8203125 0.021875 0.021875
0 0.3125 0.815625 0.028125 0.025
0 0.903125 0.4546875 0.109375 0.096875
0 0.659375 0.665625 0.0625 0.053125
0 0.659375 0.709375 0.03125 0.0375
0 0.6421875 0.54375 0.090625 0.040625
0 0.690625 0.3078125 0.065625 0.0875
