0 0.3734375 0.7390625 0.23125 0.184375
0 0.15625 0.50625 0.121875 0.115625
0 0.9828125 0.96796875 0.034375 0.0640625
0 0.7140625 0.86875 0.078125 0.08125
0 0.6390625 0.915625 0.084375 0.06875
0 0.290625 0.9 0.08125 0.078125
0 0.85 0.7921875 0.071875 0.065625
0 0.7265625 0.6046875 0.075 0.075
0 0.875 0.99453125 0.084375 0.0109375
0 0.146875 0.98359375 0.05 0.0328125
0 0.2953125 0.97578125 0.084375 0.0484375
0 0.98828125 0.53125 0.0234375 0.1
0 0.7578125 0.8015625 0.05625 0.0625
0 0.396875 0.840625 0.1125 0.103125
0 0.5234375 0.609375 0.08125 0.09375
0 0.94453125 0.6859375 0.1109375 0.128125
0 0.825 0.9171875 0.05 0.05625
0 0.75625 0.6875 0.078125 0.065625
0 0.771875 0.9078125 0.0375 0.040625
0 0.5890625 0.7515625 0.075 0.078125
0 0.85 0.7109375 0.0875 0.084375
0 0.725 0.64375 0.065625 0.053125
0 0.58125 0.5671875 0.084375 0.078125
0 0.5265625 0.521875 0.078125 0.071875
0 0.6875 0.421875 0.075 0.078125
0 0.090625 0.74375 0.078125 0.071875
0 0.334375 0.55625 0.1 0.08125
0 0.3 0.1609375 0.1125 0.103125
0 0.9828125 0.040625 0.034375 0.075
