0 0.96953125 0.7609375 0.0609375 0.06875
0 0.3609375 0.01953125 0.075 0.0390625
0 0.5359375 0.540625 0.05625 0.053125
0 0.525 0.025 0.06875 0.05
0 0.375 0.2859375 0.0625 0.05
0 0.4078125 0.36875 0.05625 0.05
0 0.9140625 0.3453125 0.05625 0.05
0 0.6234375 0.0328125 0.05625 0.05
0 0.253125 0.103125 0.05625 0.04375
0 0.5015625 0.4671875 0.046875 0.04375
0 0.5828125 0.00078125 0.05625 0.0015625
0 0.725 0.3125 0.046875 0.05
0 0.1390625 0.1375 0.053125 0.05
0 0.4359375 0.146875 0.046875 0.0375
0 0.0859375 0.1890625 0.040625 0.03125
0 0.8640625 0.4828125 0.028125 0.034375
0 0.628125 0.4203125 0.053125 0.040625
0 0.1953125 0.121875 0.05625 0.053125
0 0.86875 0.021875 0.0375 0.0375
0 0.3734375 0.040625 0.075 0.046875
0 0.08125 0.2546875 0.03125 0.021875
0 0.1359375 0.16875 0.053125 0.021875
0 0.5 0.30625 0.059375 0.0375
0 0.478125 0.475 0.025 0.046875
0 0.809375 0.4734375 0.053125 0.04375
0 0.940625 0.33125 0.05 0.046875
0 0.853125 0.3328125 0.046875 0.03125
0 0.5578125 0.0203125 0.04375 0.040625
