0 0.128125 0.9265625 0.078125 0.078125
0 0.3234375 0.790625 0.078125 0.075
0 0.0140625 0.6015625 0.028125 0.06875
0 0.4859375 0.7359375 0.0625 0.05625
0 0.75 0.553125 0.059375 0.046875
0 0.25 0.778125 0.071875 0.0625
0 0.4609375 0.25625 0.06875 0.046875
0 0.525 0.3390625 0.059375 0.065625
0 0.8171875 0.346875 0.065625 0.065625
0 0.8984375 0.3875 0.040625 0.03125
0 0.6578125 0.3171875 0.046875 0.0375
0 0.5578125 0.0921875 0.06875 0.05625
0 0.0234375 0.1484375 0.046875 0.065625
0 0.096875 0.00234375 0.040625 0.0046875
