0 0.6984375 0.7140625 0.0875 0.0875
0 0.878125 0.9265625 0.078125 0.078125
0 0.221875 0.7609375 0.065625 0.06875
0 0.746875 0.6015625 0.0625 0.06875
0 0.565625 0.015625 0.06875 0.03125
0 0.46875 0.0265625 0.065625 0.053125
0 0.1640625 0.3453125 0.05625 0.05
0 0.98203125 0.778125 0.0359375 0.0625
0 0.603125 0.0359375 0.05625 0.065625
0 0.475 0.71875 0.04375 0.040625
0 0.1140625 0.4828125 0.028125 0.034375
0 0.11875 0.021875 0.0375 0.0375
0 0.325 0.5328125 0.065625 0.05
0 0.059375 0.4734375 0.053125 0.04375
0 0.190625 0.33125 0.05 0.046875
0 0.103125 0.3328125 0.046875 0.03125
0 0.3953125 0.71875 0.065625 0.05625
0 0.6453125 0.6328125 0.053125 0.0625
0 0.7609375 0.1484375 0.071875 0.065625
0 0.846875 0.00234375 0.040625 0.0046875
