0 0.259375 0.11875 0.0875 0.0625
0 0.19375 0.1984375 0.075 0.071875
0 0.53125 0.2890625 0.078125 0.0625
0 0.3171875 0.253125 0.071875 0.065625
0 0.7515625 0.0359375 0.065625 0.06875
0 0.240625 0.525 0.065625 0.06875
0 0.3453125 0.4109375 0.0625 0.065625
0 0.3921875 0.6328125 0.0625 0.065625
0 0.8359375 0.1625 0.0625 0.059375
0 0.8046875 0.2984375 0.05625 0.053125
0 0.228125 0.003125 0.034375 0.00625
0 0.1359375 0.4953125 0.05 0.059375
0 0.7 0.3109375 0.04375 0.053125
0 0.465625 0.6671875 0.059375 0.053125
0 0.6984375 0.865625 0.0375 0.040625
0 0.9625 0.64375 0.05625 0.046875
0 0.7515625 0.7421875 0.034375 0.06875
0 0.8609375 0.8828125 0.040625 0.040625
0 0.0203125 0.3203125 0.040625 0.040625
0 0.25 0.44375 0.046875 0.065625
0 0.2890625 0.2828125 0.025 0.028125
0 0.796875 0.196875 0.0625 0.046875
0 0.86875 0.5234375 0.05625 0.0625
0 0.9296875 0.1046875 0.059375 0.053125
0 0.9828125 0.125 0.034375 0.0375
