0 0.9828125 0.98125 0.034375 0.0375
0 0.4765625 0.8984375 0.04375 0.04375
0 0.99921875 0.5953125 0.0015625 0.05625
0 0.4140625 0.99375 0.04375 0.0125
0 0.2609375 0.8640625 0.04375 0.046875
0 0.6703125 0.9203125 0.034375 0.034375
0 0.3671875 0.8046875 0.04375 0.04375
0 0.978125 0.85 0.034375 0.0625
0 0.0234375 0.734375 0.034375 0.028125
0 0.6328125 0.75625 0.03125 0.0375
0 0.575 0.91875 0.034375 0.028125
0 0.128125 0.971875 0.040625 0.03125
0 0.51875 0.840625 0.04375 0.040625
0 0.628125 0.9546875 0.0375 0.03125
0 0.0484375 0.703125 0.03125 0.03125
0 0.1296875 0.7421875 0.028125 0.03125
0 0.2890625 0.8828125 0.03125 0.03125
0 0.4984375 0.853125 0.04375 0.025
0 0.6046875 0.9234375 0.03125 0.040625
0 0.725 0.934375 0.034375 0.046875
0 0.509375 0.96875 0.04375 0.034375
0 0.7109375 0.7296875 0.053125 0.040625
0 0.4046875 0.7953125 0.015625 0.0375
0 0.3421875 0.8125 0.01875 0.034375
0 0.521875 0.6484375 0.034375 0.025
0 0.7671875 0.5359375 0.0375 0.015625
