0 0.259375 0.98125 0.0875 0.0375
0 0.7515625 0.9109375 0.065625 0.06875
0 0.45 0.8171875 0.06875 0.075
0 0.5203125 0.6375 0.05 0.05
0 0.28125 0.5953125 0.065625 0.05625
0 0.7078125 0.7046875 0.0625 0.05625
0 0.8578125 0.5734375 0.05 0.040625
0 0.228125 0.85 0.034375 0.0625
0 0.584375 0.7203125 0.053125 0.0375
0 0.3203125 0.7203125 0.046875 0.040625
0 0.778125 0.653125 0.046875 0.0625
0 0.01796875 0.5359375 0.0359375 0.015625
0 0.6578125 0.5296875 0.046875 0.025
0 0.690625 0.8296875 0.025 0.034375
0 0.9296875 0.9765625 0.059375 0.046875
0 0.9828125 0.990625 0.034375 0.01875
0 0.7875 0.7640625 0.04375 0.03125
0 0.8921875 0.703125 0.046875 0.03125
0 0.8890625 0.7546875 0.025 0.021875
0 0.6375 0.7265625 0.028125 0.028125
0 0.8171875 0.5515625 0.028125 0.025
0 0.8 0.534375 0.021875 0.021875
