0 0.9828125 0.11875 0.034375 0.0625
0 0.94375 0.1984375 0.075 0.071875
0 0.97890625 0.525 0.0421875 0.06875
0 0.4765625 0.0234375 0.04375 0.04375
0 0.4828125 0.2265625 0.040625 0.0375
0 0.4140625 0.13125 0.04375 0.0375
0 0.2609375 0.00625 0.04375 0.0125
0 0.6703125 0.0453125 0.034375 0.034375
0 0.171875 0.146875 0.03125 0.03125
0 0.978125 0.003125 0.034375 0.00625
0 0.8859375 0.4953125 0.05 0.059375
0 0.5953125 0.503125 0.040625 0.0375
0 0.615625 0.365625 0.025 0.028125
0 0.575 0.04375 0.034375 0.028125
0 0.128125 0.096875 0.040625 0.03125
0 0.078125 0.1703125 0.034375 0.028125
0 0.628125 0.0796875 0.0375 0.03125
0 0.690625 0.3703125 0.0375 0.0375
0 0.04375 0.178125 0.0375 0.03125
0 0.1546875 0.171875 0.028125 0.025
0 0.2890625 0.01171875 0.03125 0.0234375
0 0.321875 0.165625 0.01875 0.025
0 0.525 0.16875 0.025 0.03125
0 0.5359375 0.19375 0.0375 0.034375
0 0.5171875 0.2421875 0.028125 0.028125
0 0.6671875 0.4078125 0.028125 0.034375
0 0.7703125 0.3203125 0.040625 0.040625
0 0.6046875 0.0484375 0.03125 0.040625
0 0.98828125 0.44375 0.0234375 0.065625
0 0.725 0.059375 0.034375 0.046875
0 0.509375 0.09375 0.04375 0.034375
