0 0.0171875 0.9109375 0.034375 0.06875
0 0.421875 0.95 0.046875 0.053125
0 0.70625 0.9828125 0.0625 0.034375
0 0.70625 0.8859375 0.065625 0.05
0 0.7421875 0.796875 0.05625 0.040625
0 0.1078125 0.5734375 0.05 0.040625
0 0.5125 0.8046875 0.053125 0.05
0 0.36875 0.6578125 0.046875 0.05
0 0.440625 0.778125 0.059375 0.0375
0 0.028125 0.653125 0.046875 0.0625
0 0.6921875 0.8 0.040625 0.034375
0 0.4578125 0.821875 0.053125 0.040625
0 0.3859375 0.7828125 0.046875 0.0375
0 0.1796875 0.9765625 0.059375 0.046875
0 0.2453125 0.990625 0.059375 0.01875
0 0.0375 0.7640625 0.04375 0.03125
0 0.1421875 0.703125 0.046875 0.03125
0 0.1390625 0.7546875 0.025 0.021875
0 0.0671875 0.5515625 0.028125 0.025
0 0.05 0.534375 0.021875 0.021875
