0 0.709375 0.5984375 0.075 0.06875
0 0.534375 0.553125 0.065625 0.065625
0 0.0328125 0.9734375 0.059375 0.053125
0 0.915625 0.825 0.059375 0.0625
0 0.9671875 0.8625 0.065625 0.065625
0 0.2421875 0.878125 0.059375 0.0625
0 0.584375 0.65625 0.05625 0.059375
0 0.1828125 0.6171875 0.05625 0.059375
0 0.303125 0.8671875 0.0625 0.0625
0 0.309375 0.8046875 0.065625 0.0625
0 0.753125 0.821875 0.065625 0.053125
0 0.6765625 0.97890625 0.05625 0.0421875
0 0.2359375 0.6140625 0.04375 0.0375
0 0.715625 0.85 0.053125 0.040625
0 0.775 0.865625 0.05 0.034375
