0 0.5640625 0.5828125 0.059375 0.053125
0 0.4046875 0.165625 0.05625 0.053125
0 0.1625 0.13125 0.05 0.046875
0 0.0734375 0.5015625 0.05 0.053125
0 0.00546875 0.3421875 0.0109375 0.053125
0 0.1390625 0.4328125 0.059375 0.05
0 0.525 0.096875 0.046875 0.04375
0 0.36875 0.328125 0.046875 0.04375
0 0.453125 0.475 0.04375 0.053125
0 0.2328125 0.2515625 0.053125 0.04375
0 0.2078125 0.196875 0.0375 0.046875
0 0.3703125 0.4078125 0.046875 0.04375
0 0.890625 0.0265625 0.0375 0.028125
0 0.6484375 0.003125 0.040625 0.00625
0 0.2421875 0.21875 0.05625 0.05
0 0.2796875 0.353125 0.0375 0.0375
0 0.8359375 0.0890625 0.028125 0.025
0 0.278125 0.1203125 0.04375 0.04375
0 0.5890625 0.540625 0.04375 0.021875
0 0.240625 0.3640625 0.04375 0.04375
0 0.1265625 0.5015625 0.01875 0.046875
0 0.85 0.1015625 0.025 0.025
0 0.8875 0.0921875 0.015625 0.015625
0 0.4859375 0.1171875 0.03125 0.01875
0 0.5953125 0.025 0.040625 0.021875
0 0.45 0.2859375 0.03125 0.03125
0 0.715625 0.2390625 0.021875 0.021875
0 0.746875 0.24375 0.028125 0.021875
0 0.890625 0.2640625 0.0125 0.015625
0 0.8203125 0.259375 0.028125 0.021875
0 0.1921875 0.2484375 0.034375 0.040625
