0 0.1765625 0.1765625 0.059375 0.053125
0 0.9125 0.13125 0.05 0.046875
0 0.8234375 0.5015625 0.05 0.053125
0 0.734375 0.3421875 0.053125 0.053125
0 0.3375 0.0125 0.053125 0.025
0 0.8890625 0.4328125 0.059375 0.05
0 0.71875 0.284375 0.05625 0.053125
0 0.1234375 0.459375 0.05 0.05
0 0.978125 0.2515625 0.04375 0.04375
0 0.9578125 0.196875 0.0375 0.046875
0 0.1234375 0.359375 0.053125 0.05
0 0.98203125 0.21875 0.0359375 0.05
0 0.4546875 0.0625 0.0375 0.0375
0 0.1515625 0.4015625 0.034375 0.021875
0 0.209375 0.4609375 0.015625 0.015625
0 0.2671875 0.2546875 0.0375 0.034375
0 0.315625 0.2828125 0.025 0.025
0 0.2984375 0.2515625 0.028125 0.03125
0 0.425 0.0265625 0.046875 0.040625
0 0.984375 0.3640625 0.03125 0.04375
0 0.8765625 0.5015625 0.01875 0.046875
0 0.203125 0.0671875 0.05 0.028125
0 0.6875 0.1328125 0.040625 0.028125
0 0.64375 0.196875 0.05 0.05
0 0.9421875 0.2484375 0.034375 0.040625
