0 0.7828125 0.1015625 0.059375 0.059375
0 0.58125 0.3859375 0.053125 0.05
0 0.425 0.065625 0.040625 0.040625
0 0.1046875 0.1078125 0.03125 0.028125
0 0.98125 0.0171875 0.0375 0.034375
0 0.8859375 0.3359375 0.05625 0.053125
0 0.99609375 0.4640625 0.0078125 0.046875
0 0.6296875 0.3734375 0.046875 0.053125
0 0.3578125 0.3546875 0.046875 0.046875
0 0.303125 0.375 0.04375 0.0375
0 0.90625 0.6359375 0.046875 0.05
0 0.41875 0.43125 0.04375 0.0375
0 0.81875 0.65 0.05625 0.05
0 0.2125 0.3125 0.021875 0.021875
0 0.3546875 0.3890625 0.053125 0.034375
0 0.39375 0.4203125 0.0375 0.034375
0 0.4703125 0.446875 0.040625 0.0375
0 0.4984375 0.3578125 0.040625 0.034375
0 0.525 0.4453125 0.0375 0.0375
0 0.54375 0.465625 0.034375 0.034375
0 0.4296875 0.365625 0.034375 0.03125
0 0.440625 0.39375 0.040625 0.01875
0 0.44375 0.378125 0.040625 0.025
0 0.7953125 0.7078125 0.05 0.04375
0 0.840625 0.671875 0.05625 0.046875
