0 0.9125 0.99140625 0.05 0.0171875
0 0.559375 0.790625 0.05625 0.053125
0 0.3375 0.8765625 0.053125 0.046875
0 0.759375 0.5171875 0.040625 0.053125
0 0.9625 0.628125 0.059375 0.046875
0 0.4546875 0.9375 0.0375 0.0375
0 0.803125 0.8078125 0.034375 0.028125
0 0.4671875 0.6234375 0.040625 0.040625
0 0.5203125 0.6515625 0.046875 0.034375
0 0.425 0.9015625 0.046875 0.040625
0 0.8515625 0.7765625 0.05 0.03125
0 0.903125 0.59375 0.05 0.034375
0 0.575 0.8265625 0.025 0.03125
0 0.203125 0.9421875 0.05 0.028125
0 0.6875 0.996875 0.040625 0.00625
