0 0.265625 0.171875 0.078125 0.075
0 0.328125 0.0796875 0.075 0.075
0 0.4734375 0.15 0.059375 0.046875
0 0.2171875 0.01015625 0.065625 0.0203125
0 0.5359375 0.134375 0.05625 0.0375
0 0.71875 0.1375 0.08125 0.06875
0 0.06875 0.790625 0.05625 0.040625
0 0.2921875 0.6875 0.046875 0.05
0 0.2890625 0.55625 0.034375 0.053125
0 0.9453125 0.00546875 0.025 0.0109375
0 0.2921875 0.01875 0.05 0.0375
0 0.0609375 0.7515625 0.053125 0.05
0 0.1484375 0.4671875 0.04375 0.040625
0 0.8421875 0.2453125 0.040625 0.04375
0 0.459375 0.125 0.065625 0.05
0 0.8671875 0.046875 0.040625 0.034375
0 0.065625 0.2140625 0.0375 0.05
0 0.025 0.00390625 0.05 0.0078125
