0 0.90625 0.0875 0.053125 0.053125
0 0.4484375 0.246875 0.034375 0.04375
0 0.6046875 0.6359375 0.0375 0.0375
0 0.821875 0.3796875 0.0375 0.040625
0 0.49375 0.1703125 0.0375 0.03125
0 0.5765625 0.340625 0.0375 0.034375
0 0.6546875 0.425 0.040625 0.040625
0 0.865625 0.4671875 0.0375 0.040625
0 0.7203125 0.321875 0.053125 0.04375
0 0.6671875 0.253125 0.034375 0.03125
0 0.853125 0.2890625 0.0375 0.03125
0 0.5015625 0.49375 0.0375 0.04375
0 0.98359375 0.11875 0.0328125 0.025
0 0.8296875 0.0421875 0.03125 0.03125
0 0.8921875 0.5109375 0.034375 0.034375
0 0.5328125 0.4546875 0.040625 0.03125
0 0.878125 0.8703125 0.034375 0.04375
0 0.63125 0.3171875 0.025 0.021875
0 0.7421875 0.2921875 0.05625 0.046875
0 0.7765625 0.31875 0.040625 0.034375
0 0.428125 0.1375 0.04375 0.03125
0 0.4734375 0.1359375 0.028125 0.03125
0 0.5328125 0.121875 0.03125 0.03125
