0 0.634375 0.4109375 0.0375 0.034375
0 0.45625 0.3375 0.040625 0.0375
0 0.5375 0.54375 0.0375 0.040625
0 0.7875 0.109375 0.04375 0.040625
0 0.7203125 0.39375 0.04375 0.0375
0 0.003125 0.64375 0.00625 0.03125
0 0.1640625 0.2171875 0.046875 0.04375
0 0.00546875 0.5875 0.0109375 0.03125
0 0.478125 0.0609375 0.040625 0.034375
0 0.01015625 0.4109375 0.0203125 0.040625
0 0.1 0.2328125 0.028125 0.028125
0 0.2 0.090625 0.040625 0.03125
0 0.1203125 0.0390625 0.040625 0.040625
0 0.5796875 0.7171875 0.025 0.028125
0 0.2125 0.0421875 0.04375 0.040625
0 0.5359375 0.3546875 0.03125 0.028125
0 0.6453125 0.490625 0.04375 0.028125
0 0.6890625 0.3890625 0.025 0.025
0 0.8390625 0.2625 0.01875 0.01875
0 0.1453125 0.01015625 0.040625 0.0203125
0 0.0921875 0.01796875 0.028125 0.0359375
0 0.1546875 0.25625 0.0375 0.034375
