0 0.15625 0.0875 0.053125 0.053125
0 0.071875 0.3796875 0.0375 0.040625
0 0.65 0.3484375 0.04375 0.046875
0 0.2875 0.3328125 0.05 0.05
0 0.5796875 0.50625 0.046875 0.04375
0 0.7421875 0.64375 0.028125 0.03125
0 0.115625 0.4671875 0.0375 0.040625
0 0.5546875 0.003125 0.0375 0.00625
0 0.9140625 0.2171875 0.046875 0.04375
0 0.74375 0.5875 0.034375 0.03125
0 0.746875 0.4109375 0.046875 0.040625
0 0.85 0.2328125 0.028125 0.028125
0 0.95 0.090625 0.040625 0.03125
0 0.8703125 0.0390625 0.040625 0.040625
0 0.3140625 0.2078125 0.0375 0.03125
0 0.103125 0.2890625 0.0375 0.03125
0 0.9625 0.0421875 0.04375 0.040625
0 0.6078125 0.3234375 0.03125 0.025
0 0.2390625 0.11875 0.04375 0.025
0 0.0796875 0.0421875 0.03125 0.03125
0 0.1421875 0.5109375 0.034375 0.034375
0 0.703125 0.0625 0.040625 0.034375
0 0.40625 0.246875 0.03125 0.040625
0 0.525 0.5125 0.04375 0.04375
0 0.8953125 0.01015625 0.040625 0.0203125
0 0.8421875 0.01796875 0.028125 0.0359375
0 0.9046875 0.25625 0.0375 0.034375
0 0.6703125 0.2203125 0.04375 0.034375
0 0.434375 0.1828125 0.03125 0.04375
0 0.4625 0.1921875 0.040625 0.0375
0 0.4375 0.2734375 0.0375 0.034375
0 0.325 0.365625 0.04375 0.05
0 0.128125 0.8703125 0.034375 0.04375
0 0.01015625 0.2921875 0.0203125 0.046875
0 0.0265625 0.31875 0.040625 0.034375
