0 0.15625 0.9625 0.053125 0.053125
0 0.68125 0.840625 0.04375 0.0375
0 0.8328125 0.76875 0.046875 0.04375
0 0.5015625 0.7015625 0.046875 0.046875
0 0.5546875 0.8640625 0.0375 0.034375
0 0.95 0.965625 0.040625 0.03125
0 0.8703125 0.9140625 0.040625 0.040625
0 0.9625 0.9171875 0.04375 0.040625
0 0.2390625 0.990625 0.04375 0.01875
0 0.0796875 0.9171875 0.03125 0.03125
0 0.703125 0.9375 0.040625 0.034375
0 0.8953125 0.8734375 0.040625 0.04375
0 0.8421875 0.8921875 0.028125 0.0375
0 0.7203125 0.8203125 0.040625 0.04375
0 0.6859375 0.80625 0.053125 0.04375
0 0.65625 0.73125 0.0375 0.046875
0 0.4890625 0.7484375 0.04375 0.034375
