0 0.8203125 0.084375 0.071875 0.065625
0 0.95 0.3234375 0.0625 0.0625
0 0.9390625 0.53125 0.05625 0.059375
0 0.2578125 0.1734375 0.06875 0.05625
0 0.2484375 0.4171875 0.053125 0.05
0 0.2140625 0.6328125 0.05625 0.059375
0 0.6765625 0.4609375 0.05 0.04375
0 0.8578125 0.4109375 0.0375 0.034375
0 0.459375 0.4390625 0.05 0.0625
0 0.2109375 0.02265625 0.05625 0.0453125
0 0.7203125 0.309375 0.0625 0.059375
0 0.7203125 0.3953125 0.046875 0.065625
0 0.4109375 0.0171875 0.06875 0.034375
0 0.375 0.2234375 0.053125 0.053125
0 0.1703125 0.053125 0.05 0.05
0 0.3921875 0.0734375 0.059375 0.03125
0 0.35625 0.125 0.0625 0.0375
0 0.01875 0.0609375 0.021875 0.0375
0 0.259375 0.2046875 0.0625 0.04375
0 0.1671875 0.0203125 0.04375 0.040625
0 0.4640625 0.253125 0.034375 0.0375
0 0.4328125 0.253125 0.034375 0.03125
0 0.34375 0.3421875 0.04375 0.053125
0 0.303125 0.4359375 0.04375 0.034375
0 0.565625 0.6359375 0.03125 0.028125
0 0.4328125 0.53125 0.0375 0.046875
0 0.8453125 0.440625 0.03125 0.03125
0 0.9640625 0.521875 0.05625 0.040625
0 0.815625 0.328125 0.01875 0.025
0 0.821875 0.446875 0.021875 0.025
0 0.6765625 0.29375 0.0375 0.059375
0 0.125 0.3140625 0.04375 0.046875
0 0.02265625 0.31875 0.0453125 0.0625
0 0.0703125 0.3078125 0.034375 0.04375
0 0.6359375 0.58125 0.021875 0.046875
0 0.5296875 0.6140625 0.01875 0.028125
0 0.5265625 0.4984375 0.053125 0.040625
0 0.996875 0.05625 0.00625 0.034375
0 0.3171875 0.1375 0.021875 0.0375
