0 0.0703125 0.084375 0.071875 0.065625
0 0.2 0.3234375 0.0625 0.0625
0 0.1890625 0.53125 0.05625 0.059375
0 0.31875 0.009375 0.05625 0.01875
0 0.30625 0.08125 0.05625 0.053125
0 0.415625 0.109375 0.0375 0.040625
0 0.9265625 0.1390625 0.025 0.025
0 0.1078125 0.4109375 0.0375 0.034375
0 0.3390625 0.5734375 0.046875 0.03125
0 0.00078125 0.309375 0.0015625 0.059375
0 0.6171875 0.4609375 0.03125 0.025
0 0.93125 0.321875 0.025 0.028125
0 0.446875 0.4515625 0.03125 0.01875
0 0.0953125 0.440625 0.03125 0.03125
0 0.2140625 0.521875 0.05625 0.040625
0 0.065625 0.328125 0.01875 0.025
0 0.071875 0.446875 0.021875 0.025
0 0.859375 0.190625 0.028125 0.021875
0 0.8375 0.2 0.021875 0.021875
0 0.95 0.3359375 0.025 0.025
0 0.990625 0.1 0.015625 0.028125
0 0.7078125 0.259375 0.01875 0.021875
0 0.5078125 0.275 0.015625 0.03125
0 0.528125 0.2796875 0.025 0.03125
0 0.4484375 0.5546875 0.05 0.0375
0 0.275 0.56875 0.04375 0.021875
0 0.5875 0.3765625 0.034375 0.028125
0 0.3015625 0.2703125 0.0375 0.04375
0 0.2765625 0.253125 0.0375 0.040625
0 0.2625 0.05625 0.0375 0.034375
