0 0.98671875 0.1734375 0.0265625 0.05625
0 0.5078125 0.0234375 0.04375 0.046875
0 0.9859375 0.4171875 0.028125 0.05
0 0.6890625 0.0703125 0.05 0.046875
0 0.9640625 0.6328125 0.05625 0.059375
0 0.6703125 0.2 0.04375 0.0375
0 0.428125 0.2078125 0.0375 0.03125
0 0.9609375 0.02265625 0.05625 0.0453125
0 0.9203125 0.053125 0.05 0.05
0 0.35 0.16875 0.025 0.021875
0 0.76875 0.0609375 0.021875 0.0375
0 0.9890625 0.2046875 0.021875 0.04375
0 0.9171875 0.0203125 0.04375 0.040625
0 0.6359375 0.2859375 0.0375 0.03125
0 0.6078125 0.2453125 0.040625 0.040625
0 0.64375 0.2328125 0.025 0.040625
0 0.875 0.3140625 0.04375 0.046875
0 0.771875 0.31875 0.046875 0.0625
0 0.8203125 0.3078125 0.034375 0.04375
0 0.575 0.25 0.028125 0.034375
0 0.3953125 0.025 0.021875 0.021875
0 0.5203125 0.0671875 0.034375 0.028125
0 0.578125 0.1640625 0.025 0.025
0 0.4875 0.021875 0.0125 0.03125
