0 0.98828125 0.425 0.0234375 0.05625
0 0.6078125 0.221875 0.06875 0.05625
0 0.115625 0.1921875 0.053125 0.05625
0 0.5375 0.2328125 0.06875 0.059375
0 0.3953125 0.075 0.053125 0.053125
0 0.31875 0.61875 0.03125 0.046875
0 0.3515625 0.6125 0.05 0.05
0 0.471875 0.040625 0.053125 0.05625
0 0.0640625 0.325 0.046875 0.040625
0 0.203125 0.0328125 0.05 0.053125
0 0.6296875 0.5125 0.040625 0.059375
0 0.25625 0.3546875 0.025 0.025
0 0.26875 0.3296875 0.05 0.05
0 0.846875 0.2625 0.059375 0.059375
0 0.4578125 0.4296875 0.053125 0.0625
0 0.421875 0.4515625 0.05625 0.05
0 0.321875 0.303125 0.04375 0.03125
0 0.465625 0.1171875 0.05625 0.05
0 0.05 0.3546875 0.040625 0.025
0 0.4921875 0.43125 0.0375 0.04375
0 0.5171875 0.0578125 0.04375 0.05
0 0.80625 0.246875 0.0375 0.05625
