0 0.8171875 0.846875 0.05625 0.053125
0 0.078125 0.64375 0.046875 0.04375
0 0.99765625 0.9578125 0.0046875 0.046875
0 0.671875 0.9875 0.040625 0.025
0 0.9578125 0.746875 0.0375 0.034375
0 0.290625 0.85625 0.03125 0.03125
0 0.4625 0.965625 0.053125 0.0375
0 0.7671875 0.7640625 0.0375 0.03125
0 0.2 0.634375 0.028125 0.01875
0 0.1671875 0.6796875 0.034375 0.028125
0 0.2625 0.8328125 0.025 0.03125
0 0.353125 0.7328125 0.053125 0.05
0 0.578125 0.99453125 0.034375 0.0109375
0 0.465625 0.853125 0.021875 0.04375
0 0.403125 0.846875 0.028125 0.028125
0 0.4578125 0.68125 0.034375 0.025
0 0.875 0.715625 0.01875 0.021875
0 0.89375 0.7203125 0.01875 0.01875
0 0.9046875 0.7109375 0.01875 0.01875
