0 0.1015625 0.9453125 0.046875 0.046875
0 0.2 0.5765625 0.046875 0.04375
0 0.0875 0.85625 0.05 0.04375
0 0.5078125 0.771875 0.05 0.034375
0 0.4125 0.9296875 0.04375 0.040625
0 0.921875 0.95 0.03125 0.028125
0 0.0203125 0.98671875 0.040625 0.0265625
0 0.528125 0.878125 0.040625 0.0375
0 0.26875 0.884375 0.034375 0.04375
0 0.440625 0.60625 0.034375 0.034375
0 0.071875 0.7 0.028125 0.021875
0 0.246875 0.665625 0.03125 0.025
0 0.4765625 0.65625 0.025 0.021875
0 0.6984375 0.9703125 0.015625 0.01875
0 0.5625 0.8125 0.034375 0.01875
0 0.1734375 0.5421875 0.03125 0.034375
0 0.21875 0.8796875 0.040625 0.034375
0 0.121875 0.8859375 0.034375 0.021875
