0 0.0671875 0.846875 0.05625 0.053125
0 0.2734375 0.9578125 0.05625 0.046875
0 0.2078125 0.746875 0.0375 0.034375
0 0.75 0.9203125 0.025 0.025
0 0.3046875 0.91875 0.046875 0.05
0 0.01796875 0.7640625 0.0359375 0.03125
0 0.925 0.9171875 0.028125 0.025
0 0.125 0.715625 0.01875 0.021875
0 0.14375 0.7203125 0.01875 0.01875
0 0.1546875 0.7109375 0.01875 0.01875
0 0.7734375 0.9265625 0.01875 0.015625
0 0.9078125 0.9625 0.021875 0.021875
0 0.990625 0.953125 0.015625 0.015625
0 0.703125 0.7859375 0.025 0.025
0 0.6703125 0.8078125 0.021875 0.01875
0 0.678125 0.7828125 0.021875 0.015625
0 0.9234375 0.99765625 0.015625 0.0046875
