0 0.8515625 0.9453125 0.046875 0.046875
0 0.95 0.5765625 0.046875 0.04375
0 0.00078125 0.65 0.0015625 0.05
0 0.2828125 0.78125 0.046875 0.05
0 0.8375 0.85625 0.05 0.04375
0 0.4375 0.7 0.053125 0.05
0 0.5546875 0.9484375 0.05 0.034375
0 0.3125 0.66875 0.046875 0.04375
0 0.7703125 0.98671875 0.040625 0.0265625
0 0.63125 0.6234375 0.04375 0.04375
0 0.0625 0.9953125 0.053125 0.009375
0 0.403125 0.9140625 0.0375 0.040625
0 0.4421875 0.9078125 0.040625 0.04375
0 0.1109375 0.7796875 0.046875 0.05
0 0.603125 0.8515625 0.040625 0.046875
0 0.2765625 0.9890625 0.028125 0.021875
0 0.025 0.675 0.05 0.05
0 0.209375 0.8921875 0.028125 0.0375
0 0.821875 0.7 0.028125 0.021875
0 0.990625 0.665625 0.01875 0.025
0 0.00625 0.9859375 0.0125 0.028125
0 0.659375 0.9734375 0.028125 0.040625
0 0.2984375 0.99453125 0.021875 0.0109375
0 0.9234375 0.5421875 0.03125 0.034375
0 0.96875 0.8796875 0.040625 0.034375
0 0.871875 0.8859375 0.034375 0.021875
0 0.7265625 0.9625 0.0375 0.0375
0 0.475 0.88125 0.046875 0.028125
0 0.4 0.8609375 0.03125 0.025
0 0.625 0.646875 0.0375 0.01875
0 0.6609375 0.625 0.021875 0.01875
0 0.3984375 0.7140625 0.028125 0.028125
0 0.071875 0.675 0.040625 0.05
