0 0.865625 0.1828125 0.04375 0.040625
0 0.7625 0.340625 0.046875 0.04375
0 0.5234375 0.0625 0.040625 0.04375
0 0.3921875 0.3109375 0.053125 0.040625
0 0.7359375 0.4578125 0.0375 0.0375
0 0.0375 0.1984375 0.009375 0.021875
0 0.0546875 0.1984375 0.028125 0.028125
0 0.578125 0.0265625 0.03125 0.0375
0 0.428125 0.18125 0.0375 0.025
0 0.4359375 0.1625 0.0375 0.04375
0 0.7015625 0.31875 0.0375 0.0375
0 0.8921875 0.503125 0.021875 0.040625
0 0.909375 0.5078125 0.025 0.0375
0 0.2375 0.0953125 0.015625 0.01875
0 0.246875 0.084375 0.028125 0.028125
0 0.0078125 0.36875 0.015625 0.021875
0 0.096875 0.3140625 0.03125 0.021875
0 0.1953125 0.2765625 0.01875 0.021875
0 0.3171875 0.2859375 0.025 0.03125
0 0.3921875 0.334375 0.03125 0.0125
0 0.790625 0.3828125 0.028125 0.03125
0 0.753125 0.4046875 0.0375 0.03125
0 0.7328125 0.271875 0.025 0.03125
