0 0.828125 0.64375 0.046875 0.04375
0 0.5234375 0.9375 0.040625 0.04375
0 0.4296875 0.8140625 0.046875 0.0375
0 0.6125 0.6984375 0.04375 0.040625
0 0.578125 0.9015625 0.03125 0.0375
0 0.5375 0.6 0.034375 0.028125
0 0.1 0.840625 0.025 0.021875
0 0.1125 0.8171875 0.028125 0.028125
0 0.2375 0.9703125 0.015625 0.01875
0 0.246875 0.959375 0.028125 0.028125
0 0.61875 0.6578125 0.040625 0.034375
0 0.6421875 0.8359375 0.028125 0.025
0 0.728125 0.634375 0.03125 0.03125
0 0.95 0.634375 0.028125 0.01875
0 0.9171875 0.6796875 0.034375 0.028125
