0 0.4796875 0.5140625 0.05 0.05625
0 0.7125 0.4578125 0.053125 0.05
0 0.99765625 0.0828125 0.0046875 0.046875
0 0.115625 0.1828125 0.04375 0.040625
0 0.671875 0.121875 0.040625 0.04375
0 0.8640625 0.509375 0.046875 0.04375
0 0.01796875 0.340625 0.0359375 0.04375
0 0.39375 0.590625 0.04375 0.05
0 0.8140625 0.4453125 0.04375 0.04375
0 0.00234375 0.4578125 0.0046875 0.0375
0 0.703125 0.55 0.04375 0.04375
0 0.4625 0.6609375 0.046875 0.040625
0 0.771875 0.709375 0.046875 0.034375
0 0.590625 0.3328125 0.040625 0.034375
0 0.3578125 0.1703125 0.034375 0.028125
0 0.1421875 0.503125 0.021875 0.040625
0 0.159375 0.5078125 0.025 0.0375
0 0.5296875 0.4671875 0.053125 0.05
0 0.7640625 0.5296875 0.04375 0.040625
0 0.3234375 0.4890625 0.04375 0.0375
0 0.4625 0.090625 0.053125 0.0375
0 0.7453125 0.2234375 0.059375 0.04375
0 0.040625 0.3828125 0.028125 0.03125
0 0.0109375 0.4046875 0.021875 0.03125
0 0.3453125 0.5125 0.05 0.05
0 0.4296875 0.6546875 0.028125 0.021875
0 0.8171875 0.6671875 0.021875 0.0375
0 0.784375 0.678125 0.05 0.040625
0 0.578125 0.1390625 0.034375 0.05
0 0.959375 0.453125 0.04375 0.040625
