0 0.2734375 0.0828125 0.05625 0.046875
0 0.1140625 0.509375 0.046875 0.04375
0 0.4640625 0.5203125 0.059375 0.046875
0 0.0640625 0.4453125 0.04375 0.04375
0 0.02265625 0.709375 0.0453125 0.034375
0 0.75 0.0453125 0.025 0.025
0 0.5828125 0.3609375 0.025 0.025
0 0.353125 0.5671875 0.0375 0.0375
0 0.01796875 0.5296875 0.0359375 0.040625
0 0.3046875 0.04375 0.046875 0.05
0 0.0125 0.2234375 0.025 0.04375
0 0.925 0.0421875 0.028125 0.025
0 0.74375 0.1875 0.021875 0.021875
0 0.3171875 0.20625 0.0375 0.04375
0 0.0671875 0.6671875 0.021875 0.0375
0 0.034375 0.678125 0.05 0.040625
0 0.209375 0.453125 0.04375 0.040625
0 0.396875 0.571875 0.034375 0.040625
0 0.509375 0.40625 0.028125 0.025
0 0.7734375 0.0515625 0.01875 0.015625
0 0.9078125 0.0875 0.021875 0.021875
0 0.990625 0.078125 0.015625 0.015625
0 0.7625 0.140625 0.021875 0.025
0 0.809375 0.1359375 0.025 0.025
0 0.76875 0.1890625 0.021875 0.01875
0 0.9234375 0.13125 0.015625 0.021875
0 0.9671875 0.1703125 0.021875 0.01875
0 0.9109375 0.1671875 0.01875 0.021875
0 0.9828125 0.1984375 0.0125 0.015625
0 0.990625 0.171875 0.015625 0.01875
0 0.753125 0.284375 0.021875 0.021875
0 0.815625 0.3859375 0.025 0.021875
0 0.796875 0.3796875 0.01875 0.01875
0 0.8671875 0.3484375 0.025 0.01875
0 0.9421875 0.3578125 0.015625 0.015625
0 0.990625 0.3625 0.015625 0.015625
