0 0.54375 0.1046875 0.05625 0.053125
0 0.5015625 0.0640625 0.05625 0.05625
0 0.7296875 0.1640625 0.053125 0.05
0 0.4890625 0.1921875 0.053125 0.05
0 0.4828125 0.29375 0.04375 0.0375
0 0.4484375 0.15625 0.053125 0.046875
0 0.8125 0.1421875 0.053125 0.053125
0 0.721875 0.234375 0.0375 0.034375
0 0.9125 0.2828125 0.0375 0.04375
0 0.24375 0.2546875 0.040625 0.0375
0 0.58125 0.3 0.046875 0.05
0 0.55 0.3265625 0.046875 0.046875
0 0.2828125 0.275 0.040625 0.0375
0 0.97890625 0.2421875 0.0421875 0.034375
0 0.959375 0.01796875 0.028125 0.0359375
0 0.778125 0.19375 0.0375 0.03125
0 0.740625 0.11875 0.04375 0.04375
0 0.26875 0.071875 0.040625 0.021875
0 0.371875 0.2296875 0.04375 0.03125
0 0.490625 0.09375 0.053125 0.0375
0 0.4484375 0.2890625 0.028125 0.034375
0 0.590625 0.3328125 0.021875 0.025
0 0.690625 0.1859375 0.0375 0.021875
0 0.7875 0.221875 0.028125 0.034375
0 0.440625 0.059375 0.05 0.028125
