0 0.3859375 0.846875 0.046875 0.04375
0 0.8984375 0.8109375 0.065625 0.065625
0 0.5734375 0.8625 0.0625 0.05625
0 0.4609375 0.97890625 0.053125 0.0421875
0 0.8640625 0.9421875 0.05625 0.059375
0 0.959375 0.7390625 0.04375 0.040625
0 0.7703125 0.803125 0.05 0.05625
0 0.5109375 0.8640625 0.046875 0.04375
0 0.909375 0.9125 0.046875 0.05625
0 0.95625 0.8109375 0.05 0.053125
0 0.028125 0.99296875 0.01875 0.0140625
0 0.203125 0.921875 0.015625 0.0125
0 0.1953125 0.946875 0.0125 0.015625
0 0.20625 0.9453125 0.0125 0.0125
0 0.134375 0.9234375 0.015625 0.015625
0 0.1421875 0.9328125 0.015625 0.009375
0 0.096875 0.93125 0.021875 0.015625
0 0.8625 0.990625 0.04375 0.01875
0 0.61875 0.865625 0.040625 0.053125
0 0.4703125 0.578125 0.0375 0.034375
0 0.596875 0.64375 0.021875 0.021875
0 0.5359375 0.98203125 0.034375 0.0359375
0 0.6296875 0.971875 0.04375 0.05
0 0.6765625 0.8859375 0.046875 0.04375
