0 0.5640625 0.9703125 0.05625 0.053125
0 0.515625 0.759375 0.05 0.04375
0 0.428125 0.6953125 0.05 0.059375
0 0.1578125 0.51875 0.040625 0.03125
0 0.48125 0.990625 0.046875 0.01875
0 0.2890625 0.6859375 0.0375 0.034375
0 0.228125 0.565625 0.053125 0.040625
0 0.5828125 0.9140625 0.059375 0.040625
0 0.2640625 0.690625 0.01875 0.03125
0 0.2921875 0.85625 0.05 0.06875
0 0.546875 0.7734375 0.0375 0.028125
0 0.46875 0.94375 0.0375 0.03125
0 0.8984375 0.909375 0.015625 0.0125
0 0.9171875 0.9078125 0.015625 0.01875
