0 0.98203125 0.434375 0.0359375 0.053125
0 0.4421875 0.4125 0.05 0.04375
0 0.5734375 0.0078125 0.0625 0.015625
0 0.4609375 0.1046875 0.053125 0.04375
0 0.5078125 0.2640625 0.046875 0.040625
0 0.8640625 0.0671875 0.05625 0.059375
0 0.325 0.2421875 0.04375 0.046875
0 0.33125 0.29375 0.028125 0.034375
0 0.5109375 0.00546875 0.046875 0.0109375
0 0.7859375 0.153125 0.04375 0.053125
0 0.846875 0.684375 0.040625 0.04375
0 0.821875 0.640625 0.040625 0.04375
0 0.8109375 0.23125 0.040625 0.053125
0 0.909375 0.0375 0.046875 0.05625
0 0.5015625 0.859375 0.034375 0.028125
0 0.734375 0.4484375 0.04375 0.05
0 0.765625 0.2234375 0.0375 0.046875
0 0.421875 0.2125 0.03125 0.028125
0 0.9703125 0.2828125 0.046875 0.046875
0 0.028125 0.11875 0.01875 0.015625
0 0.1 0.1953125 0.0125 0.0125
0 0.203125 0.046875 0.015625 0.0125
0 0.1953125 0.071875 0.0125 0.015625
0 0.20625 0.0703125 0.0125 0.0125
0 0.134375 0.0484375 0.015625 0.015625
0 0.1421875 0.0578125 0.015625 0.009375
0 0.096875 0.05625 0.021875 0.015625
0 0.1078125 0.134375 0.015625 0.01875
0 0.1125 0.15625 0.009375 0.0125
0 0.0390625 0.1828125 0.0125 0.0125
0 0.18125 0.2875 0.025 0.0375
0 0.090625 0.1671875 0.015625 0.0125
0 0.5296875 0.58125 0.040625 0.046875
0 0.4609375 0.6453125 0.040625 0.04375
0 0.8625 0.125 0.04375 0.0375
0 0.54375 0.2078125 0.03125 0.034375
0 0.61875 0.00859375 0.040625 0.0171875
0 0.5421875 0.8421875 0.03125 0.028125
0 0.3828125 0.90625 0.0375 0.03125
0 0.859375 0.621875 0.046875 0.028125
0 0.7890625 0.2515625 0.015625 0.021875
0 0.5359375 0.1078125 0.034375 0.0375
0 0.6296875 0.096875 0.04375 0.05
0 0.6765625 0.01640625 0.046875 0.0328125
