0 0.059375 0.41875 0.071875 0.065625
0 0.5640625 0.0953125 0.05625 0.053125
0 0.0265625 0.9 0.053125 0.05625
0 0.140625 0.45 0.0625 0.05625
0 0.084375 0.7515625 0.05 0.046875
0 0.559375 0.559375 0.05625 0.05625
0 0.4203125 0.5140625 0.040625 0.040625
0 0.7828125 0.2625 0.05625 0.059375
0 0.253125 0.4015625 0.05 0.040625
0 0.04375 0.475 0.04375 0.03125
0 0.5890625 0.3734375 0.05625 0.04375
0 0.2234375 0.4390625 0.046875 0.0375
0 0.4640625 0.459375 0.03125 0.034375
0 0.48125 0.1234375 0.046875 0.034375
0 0.3265625 0.4984375 0.06875 0.05625
0 0.5828125 0.0390625 0.059375 0.040625
0 0.95625 0.228125 0.025 0.021875
0 0.9640625 0.209375 0.021875 0.025
0 0.0078125 0.453125 0.015625 0.040625
0 0.365625 0.6546875 0.0375 0.0375
0 0.2921875 0.0078125 0.05 0.015625
0 0.46875 0.06875 0.0375 0.03125
0 0.8984375 0.034375 0.015625 0.0125
0 0.9171875 0.0328125 0.015625 0.01875
0 0.9375 0.134375 0.025 0.01875
0 0.9421875 0.2046875 0.025 0.021875
0 0.9796875 0.2265625 0.021875 0.021875
0 0.8734375 0.3609375 0.021875 0.021875
0 0.853125 0.403125 0.025 0.01875
0 0.9265625 0.44375 0.021875 0.01875
0 0.9921875 0.434375 0.0125 0.025
