0 0.809375 0.41875 0.071875 0.065625
0 0.621875 0.0765625 0.053125 0.05625
0 0.2390625 0.434375 0.05 0.053125
0 0.775 0.9 0.05625 0.05625
0 0.890625 0.45 0.0625 0.05625
0 0.64375 0.6921875 0.05625 0.05625
0 0.834375 0.7515625 0.05 0.046875
0 0.375 0.009375 0.05 0.01875
0 0.1140625 0.0671875 0.05625 0.059375
0 0.315625 0.015625 0.05 0.03125
0 0.0359375 0.153125 0.04375 0.053125
0 0.575 0.7125 0.059375 0.05
0 0.096875 0.684375 0.040625 0.04375
0 0.071875 0.640625 0.040625 0.04375
0 0.0609375 0.23125 0.040625 0.053125
0 0.159375 0.0375 0.046875 0.05625
0 0.9890625 0.4015625 0.021875 0.040625
0 0.79375 0.475 0.04375 0.03125
0 0.003125 0.4484375 0.00625 0.05
0 0.9734375 0.4390625 0.046875 0.0375
0 0.3109375 0.35625 0.05 0.04375
0 0.0171875 0.2234375 0.034375 0.046875
0 0.4921875 0.5 0.040625 0.046875
0 0.46875 0.671875 0.03125 0.046875
0 0.2203125 0.2828125 0.046875 0.046875
0 0.68125 0.4546875 0.053125 0.040625
0 0.1125 0.125 0.04375 0.0375
0 0.109375 0.621875 0.046875 0.028125
0 0.0390625 0.2515625 0.015625 0.021875
0 0.503125 0.4171875 0.01875 0.025
0 0.584375 0.390625 0.034375 0.059375
0 0.3578125 0.39375 0.025 0.021875
0 0.34375 0.00625 0.025 0.0125
0 0.7484375 0.453125 0.034375 0.040625
