0 0.621875 0.9515625 0.053125 0.05625
0 0.396875 0.7734375 0.0625 0.065625
0 0.1484375 0.8109375 0.065625 0.065625
0 0.4984375 0.7984375 0.05 0.05625
0 0.375 0.865625 0.05 0.05625
0 0.1140625 0.9421875 0.05625 0.059375
0 0.315625 0.8796875 0.05 0.053125
0 0.209375 0.7390625 0.04375 0.040625
0 0.02265625 0.803125 0.0453125 0.05625
0 0.159375 0.9125 0.046875 0.05625
0 0.20625 0.8109375 0.05 0.053125
0 0.409375 0.8328125 0.059375 0.04375
0 0.9078125 0.51875 0.040625 0.03125
0 0.5703125 0.73125 0.05625 0.05
0 0.97578125 0.565625 0.0484375 0.040625
0 0.1125 0.990625 0.04375 0.01875
0 0.4796875 0.76875 0.0375 0.046875
0 0.34375 0.8625 0.025 0.05
0 0.3171875 0.759375 0.034375 0.05
