0 0.9578125 0.203125 0.05625 0.0375
0 0.9703125 0.1703125 0.05625 0.059375
0 0.5328125 0.2140625 0.05 0.05625
0 0.4984375 0.0671875 0.065625 0.071875
0 0.9234375 0.3421875 0.04375 0.05
0 0.2984375 0.4953125 0.04375 0.04375
0 0.48125 0.2328125 0.05 0.053125
0 0.4859375 0.4875 0.028125 0.034375
0 0.4171875 0.5203125 0.034375 0.046875
0 0.3796875 0.509375 0.04375 0.046875
0 0.7953125 0.3734375 0.05625 0.025
0 0.325 0.43125 0.05 0.053125
0 0.284375 0.4171875 0.0375 0.046875
0 0.5328125 0.4359375 0.04375 0.046875
0 0.2765625 0.56875 0.03125 0.05
0 0.2359375 0.5609375 0.046875 0.05625
