0 0.2609375 0.4125 0.040625 0.03125
0 0.5265625 0.171875 0.04375 0.040625
0 0.015625 0.140625 0.03125 0.0375
0 0.3796875 0.3921875 0.04375 0.0375
0 0.440625 0.05 0.046875 0.040625
0 0.36875 0.3359375 0.0375 0.03125
0 0.4046875 0.365625 0.046875 0.0375
0 0.228125 0.240625 0.04375 0.040625
0 0.2703125 0.2484375 0.046875 0.040625
0 0.0796875 0.7265625 0.034375 0.03125
0 0.1734375 0.340625 0.034375 0.034375
0 0.0203125 0.6890625 0.034375 0.04375
0 0.0703125 0.35 0.034375 0.034375
0 0.3921875 0.1578125 0.0375 0.034375
0 0.0671875 0.446875 0.034375 0.040625
0 0.2765625 0.475 0.028125 0.025
0 0.43125 0.15625 0.03125 0.0375
0 0.4328125 0.2796875 0.04375 0.040625
0 0.628125 0.2921875 0.01875 0.01875
0 0.7625 0.0265625 0.028125 0.025
0 0.534375 0.2625 0.021875 0.01875
0 0.6109375 0.05 0.015625 0.01875
0 0.73125 0.0609375 0.01875 0.01875
0 0.5390625 0.2453125 0.021875 0.01875
0 0.5484375 0.221875 0.021875 0.021875
0 0.559375 0.1828125 0.021875 0.01875
0 0.590625 0.175 0.01875 0.01875
0 0.63125 0.246875 0.015625 0.015625
0 0.5484375 0.3875 0.01875 0.01875
0 0.4578125 0.375 0.01875 0.0125
0 0.9140625 0.05625 0.01875 0.015625
0 0.90625 0.040625 0.015625 0.009375
0 0.8453125 0.1703125 0.021875 0.021875
0 0.7390625 0.1953125 0.015625 0.0125
0 0.7546875 0.2015625 0.01875 0.01875
0 0.93125 0.19375 0.028125 0.021875
0 0.9171875 0.1859375 0.01875 0.01875
0 0.9640625 0.0765625 0.025 0.01875
0 0.9546875 0.2640625 0.01875 0.01875
0 0.9796875 0.26875 0.01875 0.01875
0 0.934375 0.3578125 0.009375 0.015625
0 0.934375 0.334375 0.021875 0.01875
0 0.953125 0.353125 0.01875 0.01875
0 0.790625 0.3828125 0.01875 0.015625
0 0.8 0.3859375 0.0125 0.0125
0 0.609375 0.3671875 0.021875 0.01875
0 0.64375 0.2796875 0.021875 0.0125
0 0.803125 0.3640625 0.01875 0.0125
0 0.26875 0.0421875 0.034375 0.034375
0 0.2046875 0.0671875 0.040625 0.040625
0 0.1953125 0.1421875 0.034375 0.025
0 0.353125 0.253125 0.028125 0.034375
0 0.31875 0.4125 0.03125 0.021875
0 0.3421875 0.4296875 0.025 0.03125
0 0.228125 0.3515625 0.034375 0.028125
0 0.1765625 0.38125 0.025 0.025
0 0.028125 0.45 0.034375 0.034375
0 0.00703125 0.54375 0.0140625 0.028125
0 0.059375 0.5953125 0.028125 0.034375
0 0.1921875 0.6359375 0.034375 0.03125
0 0.3125 0.44375 0.034375 0.01875
0 0.075 0.221875 0.03125 0.021875
