0 0.80625 0.8484375 0.04375 0.040625
0 0.365625 0.9140625 0.0375 0.040625
0 0.7625 0.9984375 0.0375 0.003125
0 0.4203125 0.9421875 0.04375 0.04375
0 0.0765625 0.896875 0.040625 0.028125
0 0.746875 0.7203125 0.04375 0.040625
0 0.7328125 0.9515625 0.025 0.034375
0 0.7046875 0.725 0.0375 0.03125
0 0.746875 0.7203125 0.046875 0.040625
0 0.9546875 0.9421875 0.040625 0.040625
0 0.2421875 0.740625 0.01875 0.01875
0 0.3921875 0.9296875 0.028125 0.040625
0 0.084375 0.725 0.01875 0.028125
0 0.1078125 0.7546875 0.021875 0.025
0 0.1078125 0.9046875 0.028125 0.028125
0 0.046875 0.8359375 0.021875 0.021875
