0 0.8328125 0.396875 0.040625 0.040625
0 0.50625 0.3859375 0.034375 0.03125
0 0.58125 0.0796875 0.03125 0.034375
0 0.9875 0.3953125 0.025 0.040625
0 0.665625 0.1875 0.034375 0.034375
0 0.8046875 0.3359375 0.0375 0.034375
0 0.7609375 0.5203125 0.028125 0.03125
0 0.8140625 0.2125 0.04375 0.034375
0 0.8265625 0.021875 0.040625 0.028125
0 0.8921875 0.346875 0.03125 0.0375
0 0.5171875 0.334375 0.025 0.03125
0 0.9625 0.6015625 0.03125 0.028125
0 0.890625 0.559375 0.03125 0.028125
0 0.7609375 0.46875 0.034375 0.03125
0 0.3765625 0.265625 0.028125 0.01875
0 0.3515625 0.29375 0.021875 0.01875
0 0.7421875 0.3765625 0.03125 0.03125
0 0.84375 0.45 0.03125 0.028125
0 0.93125 0.3734375 0.046875 0.04375
0 0.7375 0.475 0.021875 0.028125
0 0.715625 0.459375 0.021875 0.021875
0 0.8953125 0.378125 0.034375 0.03125
0 0.8578125 0.0296875 0.028125 0.028125
0 0.80625 0.24375 0.040625 0.028125
0 0.68125 0.2671875 0.0125 0.015625
0 0.55 0.096875 0.021875 0.021875
0 0.65 0.4296875 0.0125 0.01875
0 0.66875 0.43125 0.021875 0.021875
0 0.5859375 0.396875 0.03125 0.028125
0 0.5390625 0.1859375 0.01875 0.01875
0 0.4375 0.196875 0.025 0.025
0 0.459375 0.2515625 0.01875 0.01875
0 0.5296875 0.275 0.01875 0.021875
0 0.4953125 0.31875 0.01875 0.01875
0 0.5484375 0.3453125 0.028125 0.021875
0 0.584375 0.353125 0.03125 0.021875
0 0.6140625 0.365625 0.015625 0.0125
0 0.5953125 0.36875 0.0125 0.0125
0 0.60625 0.3828125 0.01875 0.015625
0 0.521875 0.4015625 0.028125 0.021875
0 0.4890625 0.2453125 0.0125 0.0125
0 0.453125 0.1265625 0.015625 0.015625
0 0.38125 0.1203125 0.009375 0.0125
0 0.3359375 0.1484375 0.015625 0.0125
0 0.2578125 0.2125 0.01875 0.015625
0 0.2078125 0.2296875 0.009375 0.0125
0 0.315625 0.259375 0.01875 0.021875
0 0.2640625 0.2609375 0.01875 0.015625
0 0.271875 0.240625 0.009375 0.0125
0 0.4578125 0.284375 0.021875 0.01875
0 0.3921875 0.328125 0.01875 0.01875
0 0.2453125 0.0125 0.01875 0.0125
0 0.20625 0.09375 0.015625 0.015625
0 0.1796875 0.1078125 0.01875 0.015625
0 0.1046875 0.275 0.0125 0.0125
0 0.0625 0.1796875 0.0125 0.0125
0 0.1375 0.203125 0.015625 0.015625
0 0.1484375 0.2 0.009375 0.0125
0 0.146875 0.1421875 0.009375 0.0125
0 0.0515625 0.0171875 0.015625 0.015625
0 0.4078125 0.00625 0.009375 0.009375
0 0.3796875 0.0078125 0.009375 0.015625
