0 0.2078125 0.203125 0.05625 0.0375
0 0.2203125 0.1703125 0.05625 0.059375
0 0.6 0.096875 0.05 0.05
0 0.5390625 0.353125 0.05 0.05
0 0.321875 0.2125 0.05625 0.05625
0 0.35 0.390625 0.059375 0.053125
0 0.28125 0.45 0.04375 0.05625
0 0.1734375 0.3421875 0.04375 0.05
0 0.9171875 0.16875 0.028125 0.025
0 0.9328125 0.3203125 0.028125 0.025
0 0.5796875 0.021875 0.05 0.034375
0 0.840625 0.153125 0.03125 0.028125
0 0.6 0.4484375 0.053125 0.034375
0 0.64375 0.378125 0.046875 0.0375
0 0.6265625 0.1125 0.046875 0.04375
0 0.55 0.00703125 0.025 0.0140625
0 0.934375 0.053125 0.025 0.025
0 0.6828125 0.378125 0.025 0.034375
0 0.4921875 0.4578125 0.05 0.040625
0 0.51875 0.4984375 0.046875 0.04375
0 0.28125 0.484375 0.034375 0.015625
0 0.8015625 0.303125 0.025 0.021875
0 0.990625 0.2359375 0.015625 0.03125
0 0.990625 0.2875 0.015625 0.021875
0 0.9859375 0.2625 0.021875 0.028125
0 0.6625 0.203125 0.021875 0.03125
0 0.0453125 0.3734375 0.05625 0.025
