0 0.275 0.3 0.04375 0.040625
0 0.9953125 0.4125 0.009375 0.03125
0 0.0828125 0.396875 0.040625 0.040625
0 0.621875 0.646875 0.0375 0.0375
0 0.365625 0.0390625 0.0375 0.040625
0 0.7625 0.140625 0.0375 0.0375
0 0.3203125 0.4484375 0.040625 0.040625
0 0.4203125 0.0671875 0.04375 0.04375
0 0.4171875 0.328125 0.034375 0.0375
0 0.2453125 0.3953125 0.040625 0.040625
0 0.978125 0.240625 0.04375 0.040625
0 0.9984375 0.2484375 0.003125 0.040625
0 0.0546875 0.3359375 0.0375 0.034375
0 0.8296875 0.7265625 0.034375 0.03125
0 0.0125 0.5203125 0.025 0.03125
0 0.41875 0.7296875 0.034375 0.03125
0 0.0640625 0.2125 0.04375 0.034375
0 0.346875 0.14375 0.0375 0.034375
0 0.9234375 0.340625 0.034375 0.034375
0 0.7703125 0.6890625 0.034375 0.04375
0 0.0765625 0.021875 0.040625 0.028125
0 0.503125 0.3703125 0.034375 0.034375
0 0.8203125 0.35 0.034375 0.034375
0 0.1421875 0.346875 0.03125 0.0375
0 0.2125 0.6015625 0.03125 0.028125
0 0.6875 0.4265625 0.0375 0.0375
0 0.7328125 0.0765625 0.025 0.034375
0 0.140625 0.559375 0.03125 0.028125
0 0.8171875 0.446875 0.034375 0.040625
0 0.6 0.525 0.03125 0.028125
0 0.0140625 0.46875 0.028125 0.03125
0 0.00390625 0.3765625 0.0078125 0.03125
0 0.3421875 0.59375 0.0375 0.03125
0 0.09375 0.45 0.03125 0.028125
0 0.4953125 0.5328125 0.03125 0.03125
0 0.715625 0.1734375 0.034375 0.034375
0 0.9546875 0.0671875 0.040625 0.040625
0 0.9453125 0.1421875 0.034375 0.025
0 0.978125 0.3515625 0.034375 0.028125
0 0.9265625 0.38125 0.025 0.025
0 0.778125 0.45 0.034375 0.034375
0 0.7484375 0.54375 0.03125 0.028125
0 0.809375 0.5953125 0.028125 0.034375
0 0.9421875 0.6359375 0.034375 0.03125
0 0.703125 0.69375 0.03125 0.03125
0 0.6765625 0.68125 0.025 0.021875
0 0.7140625 0.303125 0.03125 0.040625
0 0.6859375 0.1953125 0.028125 0.025
0 0.825 0.221875 0.03125 0.021875
0 0.55625 0.1890625 0.025 0.025
0 0.58125 0.346875 0.025 0.040625
0 0.5234375 0.3359375 0.040625 0.028125
0 0.45625 0.3734375 0.0375 0.046875
0 0.6140625 0.4484375 0.01875 0.0125
0 0.5125 0.546875 0.025 0.021875
0 0.515625 0.6515625 0.01875 0.028125
0 0.3921875 0.0546875 0.028125 0.040625
0 0.3125 0.48125 0.021875 0.03125
0 0.4390625 0.7234375 0.015625 0.01875
0 0.18125 0.3734375 0.046875 0.04375
0 0.1453125 0.378125 0.034375 0.03125
0 0.1078125 0.0296875 0.028125 0.028125
0 0.05625 0.24375 0.040625 0.028125
