0 0.58125 0.9546875 0.03125 0.034375
0 0.8265625 0.896875 0.040625 0.028125
0 0.475 0.8046875 0.028125 0.021875
0 0.471875 0.790625 0.028125 0.021875
0 0.3140625 0.8671875 0.021875 0.015625
0 0.99140625 0.740625 0.0171875 0.01875
0 0.834375 0.725 0.01875 0.028125
0 0.8578125 0.7546875 0.021875 0.025
0 0.8578125 0.9046875 0.028125 0.028125
0 0.4984375 0.8109375 0.01875 0.025
0 0.55 0.971875 0.021875 0.021875
0 0.453125 0.996875 0.015625 0.00625
0 0.38125 0.99453125 0.009375 0.0109375
0 0.2453125 0.8875 0.01875 0.0125
0 0.26875 0.8734375 0.0125 0.0125
0 0.20625 0.96875 0.015625 0.015625
0 0.1796875 0.9828125 0.01875 0.015625
0 0.0515625 0.8921875 0.015625 0.015625
0 0.4078125 0.88125 0.009375 0.009375
0 0.3796875 0.8828125 0.009375 0.015625
0 0.796875 0.8359375 0.021875 0.021875
