0 0.05625 0.8484375 0.04375 0.040625
0 0.31875 0.85 0.0375 0.034375
0 0.015625 0.9984375 0.03125 0.003125
0 0.440625 0.925 0.046875 0.040625
0 0.3484375 0.7203125 0.040625 0.034375
0 0.009375 0.7203125 0.01875 0.040625
0 0.7625 0.9015625 0.028125 0.025
0 0.01015625 0.7203125 0.0203125 0.040625
0 0.6109375 0.925 0.015625 0.01875
0 0.73125 0.9359375 0.01875 0.01875
0 0.9140625 0.93125 0.01875 0.015625
0 0.90625 0.915625 0.015625 0.009375
0 0.9640625 0.9515625 0.025 0.01875
0 0.26875 0.9171875 0.034375 0.034375
0 0.2046875 0.9421875 0.040625 0.040625
