0 0.5140625 0.8265625 0.034375 0.0375
0 0.2375 0.8921875 0.021875 0.021875
0 0.5796875 0.9421875 0.028125 0.0375
0 0.553125 0.5421875 0.03125 0.034375
0 0.425 0.83125 0.028125 0.03125
0 0.434375 0.8015625 0.040625 0.0375
0 0.425 0.9015625 0.021875 0.025
0 0.790625 0.96875 0.025 0.0375
0 0.3328125 0.75 0.028125 0.03125
0 0.096875 0.7875 0.009375 0.0125
0 0.109375 0.796875 0.0125 0.009375
0 0.1578125 0.7828125 0.009375 0.009375
0 0.2328125 0.746875 0.009375 0.009375
0 0.278125 0.771875 0.0125 0.0125
0 0.2546875 0.784375 0.0125 0.0125
0 0.315625 0.8640625 0.015625 0.009375
0 0.2484375 0.8328125 0.0125 0.009375
0 0.2171875 0.975 0.021875 0.021875
0 0.253125 0.9953125 0.01875 0.009375
0 0.2953125 0.6953125 0.009375 0.009375
0 0.35 0.91875 0.009375 0.009375
0 0.3546875 0.9109375 0.0125 0.009375
0 0.221875 0.828125 0.009375 0.009375
0 0.2359375 0.825 0.009375 0.009375
0 0.2484375 0.8140625 0.009375 0.009375
0 0.45 0.9125 0.03125 0.021875
0 0.74375 0.4234375 0.0375 0.040625
0 0.628125 0.475 0.0375 0.025
0 0.69375 0.484375 0.0375 0.025
