0 0.4375 0.571875 0.053125 0.05
0 0.80625 0.3515625 0.05 0.040625
0 0.3 0.4125 0.04375 0.046875
0 0.8078125 0.8640625 0.053125 0.053125
0 0.58125 0.8453125 0.046875 0.046875
0 0.6890625 0.721875 0.046875 0.04375
0 0.9296875 0.603125 0.05625 0.05
0 0.575 0.6625 0.046875 0.053125
0 0.503125 0.6484375 0.04375 0.046875
0 0.96875 0.9953125 0.046875 0.009375
0 0.2765625 0.4921875 0.040625 0.046875
0 0.321875 0.9078125 0.034375 0.040625
0 0.3828125 0.925 0.046875 0.04375
0 0.6875 0.9234375 0.046875 0.040625
0 0.840625 0.5578125 0.040625 0.040625
0 0.8859375 0.725 0.046875 0.040625
0 0.8796875 0.559375 0.03125 0.025
0 0.778125 0.5359375 0.046875 0.040625
0 0.040625 0.96875 0.025 0.0375
0 0.3953125 0.5125 0.040625 0.040625
0 0.00625 0.4234375 0.0125 0.040625
0 0.6296875 0.75625 0.0375 0.046875
0 0.7109375 0.403125 0.0375 0.0375
0 0.81875 0.5328125 0.0375 0.0375
0 0.6 0.68125 0.034375 0.04375
0 0.6546875 0.7140625 0.03125 0.025
0 0.7578125 0.740625 0.05625 0.05
0 0.96875 0.671875 0.040625 0.04375
0 0.9984375 0.7265625 0.003125 0.046875
0 0.8734375 0.415625 0.05 0.046875
0 0.9046875 0.4140625 0.028125 0.015625
