0 0.2875 0.1796875 0.05625 0.053125
0 0.8078125 0.0078125 0.053125 0.015625
0 0.11875 0.190625 0.04375 0.04375
0 0.01796875 0.4375 0.0359375 0.0375
0 0.7703125 0.228125 0.04375 0.034375
0 0.96875 0.140625 0.046875 0.05
0 0.321875 0.0328125 0.034375 0.040625
0 0.3828125 0.05 0.046875 0.04375
0 0.721875 0.178125 0.04375 0.05
0 0.7296875 0.4265625 0.0375 0.034375
0 0.6875 0.0484375 0.046875 0.040625
0 0.29375 0.3046875 0.028125 0.046875
0 0.2171875 0.5140625 0.0375 0.04375
0 0.3 0.4890625 0.0375 0.034375
0 0.8046875 0.3140625 0.040625 0.0375
0 0.65 0.615625 0.0375 0.034375
0 0.21875 0.5140625 0.0375 0.04375
0 0.09375 0.271875 0.034375 0.0375
0 0.040625 0.09375 0.025 0.0375
0 0.140625 0.2484375 0.040625 0.040625
0 0.5390625 0.43125 0.04375 0.034375
0 0.4953125 0.25 0.04375 0.046875
0 0.9859375 0.53125 0.028125 0.0375
0 0.7078125 0.33125 0.034375 0.04375
0 0.7578125 0.2875 0.028125 0.034375
