0 0.86875 0.190625 0.04375 0.04375
0 0.7671875 0.4375 0.0375 0.0375
0 0.525 0.153125 0.0375 0.03125
0 0.2375 0.0171875 0.021875 0.021875
0 0.9671875 0.5140625 0.0375 0.04375
0 0.5796875 0.0671875 0.028125 0.0375
0 0.96875 0.5140625 0.0375 0.04375
0 0.425 0.0265625 0.021875 0.025
0 0.84375 0.271875 0.034375 0.0375
0 0.790625 0.09375 0.025 0.0375
0 0.2171875 0.1 0.021875 0.021875
0 0.278125 0.2015625 0.01875 0.015625
0 0.278125 0.1828125 0.021875 0.01875
0 0.275 0.146875 0.01875 0.01875
0 0.296875 0.1796875 0.01875 0.015625
0 0.2984375 0.1609375 0.025 0.015625
0 0.240625 0.128125 0.009375 0.015625
0 0.253125 0.1265625 0.01875 0.021875
0 0.259375 0.2078125 0.01875 0.0125
0 0.35 0.04375 0.009375 0.009375
0 0.3546875 0.0359375 0.0125 0.009375
0 0.45 0.0375 0.03125 0.021875
0 0.5671875 0.271875 0.034375 0.03125
0 0.6421875 0.2859375 0.040625 0.03125
0 0.890625 0.2484375 0.040625 0.040625
