0 0.603125 0.109375 0.0625 0.05
0 0.134375 0.2 0.046875 0.046875
0 0.0203125 0.29375 0.040625 0.05625
0 0.6296875 0.3296875 0.053125 0.046875
0 0.5578125 0.415625 0.04375 0.046875
0 0.0140625 0.3640625 0.028125 0.05625
0 0.4890625 0.459375 0.04375 0.0375
0 0.340625 0.3578125 0.05 0.05
0 0.25625 0.521875 0.05 0.053125
0 0.571875 0.3359375 0.05625 0.046875
0 0.2953125 0.55 0.04375 0.046875
0 0.4796875 0.3203125 0.04375 0.046875
0 0.0859375 0.2203125 0.05 0.05
0 0.196875 0.46875 0.028125 0.028125
0 0.9234375 0.04375 0.021875 0.021875
0 0.959375 0.23125 0.021875 0.021875
0 0.75625 0.140625 0.021875 0.015625
0 0.03125 0.353125 0.021875 0.025
0 0.13125 0.43125 0.021875 0.028125
0 0.134375 0.2296875 0.04375 0.034375
0 0.1625 0.3921875 0.015625 0.021875
0 0.1828125 0.2609375 0.034375 0.03125
0 0.275 0.2078125 0.03125 0.04375
0 0.3546875 0.2046875 0.03125 0.04375
0 0.2265625 0.44375 0.03125 0.021875
0 0.29375 0.50625 0.034375 0.028125
0 0.3703125 0.4875 0.025 0.025
0 0.39375 0.4890625 0.028125 0.034375
0 0.528125 0.4078125 0.03125 0.0375
0 0.5109375 0.30625 0.040625 0.034375
0 0.55 0.3125 0.04375 0.05
0 0.5140625 0.3375 0.0375 0.03125
0 0.478125 0.340625 0.0375 0.021875
0 0.6265625 0.25 0.03125 0.034375
0 0.7640625 0.2109375 0.01875 0.01875
0 0.99375 0.125 0.009375 0.028125
0 0.9015625 0.196875 0.021875 0.01875
0 0.9828125 0.2671875 0.01875 0.01875
0 0.8625 0.3703125 0.01875 0.015625
0 0.94375 0.3 0.021875 0.021875
0 0.9125 0.2953125 0.01875 0.01875
