0 0.1953125 0.13125 0.05 0.05
0 0.6609375 0.3953125 0.05625 0.05625
0 0.00703125 0.0515625 0.0140625 0.053125
0 0.61875 0.6421875 0.046875 0.05
0 0.884375 0.2 0.046875 0.046875
0 0.5984375 0.290625 0.053125 0.05625
0 0.3703125 0.0265625 0.04375 0.05
0 0.765625 0.29375 0.05 0.05625
0 0.7515625 0.3640625 0.053125 0.05625
0 0.3828125 0.109375 0.05625 0.0625
0 0.990625 0.521875 0.01875 0.053125
0 0.646875 0.103125 0.04375 0.046875
0 0.5078125 0.396875 0.04375 0.04375
0 0.8359375 0.2203125 0.05 0.05
0 0.69375 0.5296875 0.046875 0.05625
0 0.7265625 0.0015625 0.034375 0.003125
0 0.946875 0.46875 0.028125 0.028125
0 0.290625 0.084375 0.0375 0.021875
0 0.015625 0.2546875 0.025 0.028125
0 0.078125 0.40625 0.025 0.025
0 0.16875 0.159375 0.028125 0.040625
0 0.3234375 0.084375 0.025 0.03125
0 0.3515625 0.096875 0.01875 0.028125
0 0.421875 0.0609375 0.021875 0.0375
0 0.5 0.09375 0.034375 0.03125
0 0.459375 0.084375 0.040625 0.034375
0 0.6125 0.071875 0.05 0.03125
0 0.665625 0.6125 0.03125 0.034375
0 0.78125 0.353125 0.021875 0.025
0 0.88125 0.43125 0.021875 0.028125
0 0.884375 0.2296875 0.04375 0.034375
0 0.9125 0.3921875 0.015625 0.021875
0 0.9328125 0.2609375 0.034375 0.03125
0 0.9765625 0.44375 0.03125 0.021875
