0 0.1953125 0.990625 0.05 0.01875
0 0.1046875 0.7484375 0.053125 0.05
0 0.00703125 0.9265625 0.0140625 0.053125
0 0.425 0.696875 0.05 0.04375
0 0.3703125 0.9015625 0.04375 0.05
0 0.0453125 0.640625 0.05 0.05
0 0.3828125 0.9765625 0.05625 0.046875
0 0.646875 0.97734375 0.04375 0.0453125
0 0.0328125 0.696875 0.05625 0.040625
0 0.7265625 0.859375 0.034375 0.0375
0 0.290625 0.959375 0.0375 0.021875
0 0.6609375 0.7375 0.04375 0.034375
0 0.3234375 0.959375 0.025 0.03125
0 0.3515625 0.971875 0.01875 0.028125
0 0.421875 0.9359375 0.021875 0.0375
0 0.5 0.96875 0.034375 0.03125
0 0.459375 0.959375 0.040625 0.034375
0 0.6125 0.946875 0.05 0.03125
0 0.6203125 0.715625 0.040625 0.03125
0 0.971875 0.7484375 0.046875 0.03125
0 0.9953125 0.6765625 0.009375 0.0375
0 0.865625 0.7640625 0.046875 0.053125
