0 0.05625 0.3515625 0.05 0.040625
0 0.0578125 0.8640625 0.053125 0.053125
0 0.1796875 0.603125 0.05625 0.05
0 0.503125 0.6125 0.053125 0.05
0 0.21875 0.9953125 0.046875 0.009375
0 0.3125 0.7 0.046875 0.05
0 0.4578125 0.596875 0.040625 0.046875
0 0.090625 0.5578125 0.040625 0.040625
0 0.4 0.6953125 0.034375 0.04375
0 0.1359375 0.725 0.046875 0.040625
0 0.690625 0.7765625 0.025 0.028125
0 0.590625 0.7375 0.03125 0.03125
0 0.6421875 0.9078125 0.05 0.046875
0 0.6578125 0.9421875 0.046875 0.0375
0 0.1296875 0.559375 0.03125 0.025
0 0.028125 0.5359375 0.046875 0.040625
0 0.4828125 0.9078125 0.040625 0.0375
0 0.6609375 0.7765625 0.015625 0.021875
0 0.4390625 0.9875 0.03125 0.025
0 0.06875 0.5328125 0.0375 0.0375
0 0.01796875 0.740625 0.0359375 0.05
0 0.3109375 0.9875 0.04375 0.025
0 0.21875 0.671875 0.040625 0.04375
0 0.26875 0.7265625 0.04375 0.046875
0 0.1234375 0.415625 0.05 0.046875
0 0.1546875 0.4140625 0.028125 0.015625
0 0.4828125 0.6390625 0.04375 0.0375
0 0.378125 0.825 0.025 0.03125
0 0.4171875 0.671875 0.021875 0.0375
0 0.71875 0.8640625 0.015625 0.0125
0 0.8546875 0.825 0.015625 0.015625
0 0.8703125 0.9046875 0.015625 0.0125
0 0.9921875 0.8921875 0.0125 0.0125
0 0.8234375 0.8640625 0.0125 0.009375
0 0.625 0.9453125 0.025 0.034375
0 0.7765625 0.865625 0.0125 0.009375
