0 0.9453125 0.13125 0.05 0.05
0 0.7375 0.0515625 0.053125 0.053125
0 0.3328125 0.01640625 0.05625 0.0328125
0 0.521875 0.0171875 0.046875 0.034375
0 0.3640625 0.3234375 0.03125 0.034375
0 0.2640625 0.2390625 0.040625 0.034375
0 0.4296875 0.2375 0.046875 0.046875
0 0.3484375 0.2421875 0.05625 0.05
0 0.478125 0.0609375 0.04375 0.040625
0 0.5671875 0.065625 0.053125 0.05
0 0.590625 0.2984375 0.0375 0.040625
0 0.2546875 0.08125 0.034375 0.03125
0 0.384375 0.08125 0.05 0.0375
0 0.6203125 0.0703125 0.04375 0.046875
0 0.2765625 0.1203125 0.034375 0.03125
0 0.2984375 0.228125 0.0375 0.03125
0 0.3796875 0.20625 0.04375 0.046875
0 0.4578125 0.2 0.0375 0.040625
0 0.4 0.33125 0.0375 0.025
0 0.3953125 0.315625 0.0375 0.03125
0 0.3734375 0.290625 0.025 0.028125
0 0.50625 0.253125 0.0375 0.034375
0 0.515625 0.1625 0.046875 0.046875
0 0.4796875 0.1328125 0.0375 0.05
0 0.59375 0.3421875 0.0375 0.03125
0 0.6125 0.359375 0.021875 0.025
0 0.765625 0.2546875 0.025 0.028125
0 0.828125 0.40625 0.025 0.025
0 0.91875 0.159375 0.028125 0.040625
