0 0.9234375 0.909375 0.053125 0.05
0 0.4953125 0.9375 0.040625 0.05
0 0.915625 0.7546875 0.040625 0.04375
0 0.2859375 0.8609375 0.015625 0.01875
0 0.6 0.59375 0.046875 0.040625
0 0.7359375 0.8203125 0.034375 0.046875
0 0.9578125 0.890625 0.046875 0.040625
0 0.8421875 0.91875 0.015625 0.04375
0 0.8640625 0.90625 0.03125 0.03125
0 0.815625 0.8890625 0.03125 0.021875
0 0.6671875 0.7265625 0.034375 0.034375
0 0.228125 0.928125 0.01875 0.015625
0 0.11875 0.921875 0.015625 0.0125
0 0.2671875 0.8625 0.021875 0.01875
0 0.25 0.8609375 0.015625 0.0125
0 0.103125 0.9359375 0.015625 0.015625
0 0.00625 0.925 0.0125 0.0125
