0 0.40625 0.2234375 0.053125 0.04375
0 0.44375 0.3890625 0.046875 0.040625
0 0.6015625 0.378125 0.05 0.04375
0 0.7796875 0.0921875 0.046875 0.04375
0 0.4953125 0.2703125 0.03125 0.046875
0 0.1578125 0.3921875 0.040625 0.04375
0 0.6234375 0.415625 0.04375 0.040625
0 0.121875 0.3390625 0.04375 0.040625
0 0.6609375 0.4359375 0.040625 0.034375
0 0.3671875 0.43125 0.046875 0.028125
0 0.7140625 0.0921875 0.034375 0.034375
0 0.4921875 0.3859375 0.04375 0.0375
0 0.4859375 0.5265625 0.0375 0.03125
0 0.16875 0.5140625 0.040625 0.034375
0 0.9578125 0.309375 0.025 0.025
0 0.7296875 0.34375 0.03125 0.03125
0 0.459375 0.2734375 0.046875 0.046875
0 0.984375 0.296875 0.028125 0.028125
0 0.9296875 0.371875 0.028125 0.025
0 0.7078125 0.3546875 0.01875 0.01875
0 0.6515625 0.375 0.021875 0.034375
0 0.509375 0.440625 0.03125 0.025
0 0.5125 0.415625 0.03125 0.01875
0 0.3328125 0.3875 0.015625 0.0125
0 0.3078125 0.4109375 0.03125 0.034375
0 0.33125 0.434375 0.021875 0.0375
0 0.01875 0.246875 0.0375 0.046875
0 0.0171875 0.1703125 0.034375 0.040625
0 0.0609375 0.2875 0.03125 0.025
0 0.0859375 0.3078125 0.053125 0.046875
0 0.153125 0.33125 0.025 0.025
0 0.09375 0.4578125 0.040625 0.034375
