0 0.4359375 0.2890625 0.059375 0.05
0 0.6078125 0.30625 0.05625 0.05
0 0.9234375 0.034375 0.053125 0.05
0 0.8875 0.259375 0.053125 0.05
0 0.4953125 0.0625 0.040625 0.05
0 0.978125 0.371875 0.04375 0.046875
0 0.615625 0.6640625 0.03125 0.034375
0 0.796875 0.2625 0.03125 0.04375
0 0.5578125 0.4484375 0.040625 0.0375
0 0.328125 0.4984375 0.040625 0.04375
0 0.603125 0.540625 0.05 0.046875
0 0.3734375 0.559375 0.0375 0.04375
0 0.428125 0.559375 0.04375 0.0375
0 0.2484375 0.2171875 0.015625 0.0125
0 0.99296875 0.3515625 0.0140625 0.059375
0 0.915625 0.6140625 0.028125 0.028125
0 0.9890625 0.6234375 0.021875 0.040625
0 0.9203125 0.228125 0.04375 0.05
0 0.9484375 0.5890625 0.025 0.028125
0 0.925 0.2734375 0.034375 0.01875
0 0.9578125 0.01796875 0.046875 0.0359375
0 0.8421875 0.04375 0.015625 0.04375
0 0.8640625 0.03125 0.03125 0.03125
0 0.815625 0.0140625 0.03125 0.021875
0 0.7265625 0.4765625 0.021875 0.028125
0 0.75 0.4734375 0.028125 0.034375
0 0.6453125 0.671875 0.025 0.025
0 0.4734375 0.5609375 0.028125 0.03125
0 0.590625 0.23125 0.0375 0.034375
0 0.490625 0.2 0.04375 0.05
0 0.2578125 0.3125 0.015625 0.015625
0 0.159375 0.2203125 0.0125 0.0125
0 0.228125 0.053125 0.01875 0.015625
0 0.11875 0.046875 0.015625 0.0125
0 0.103125 0.0609375 0.015625 0.015625
0 0.1625 0.2 0.0125 0.0125
0 0.1703125 0.1984375 0.009375 0.009375
0 0.278125 0.2125 0.01875 0.0125
0 0.2625 0.2109375 0.0125 0.0125
0 0.00625 0.05 0.0125 0.0125
0 0.046875 0.146875 0.0125 0.009375
0 0.046875 0.1859375 0.0125 0.0125
0 0.071875 0.1609375 0.009375 0.0125
0 0.2953125 0.2046875 0.015625 0.0125
