0 0.6796875 0.35 0.046875 0.05
0 0.2921875 0.7125 0.0375 0.04375
0 0.1734375 0.034375 0.053125 0.05
0 0.634375 0.384375 0.053125 0.053125
0 0.56875 0.3171875 0.05625 0.04375
0 0.1375 0.259375 0.053125 0.05
0 0.5359375 0.275 0.04375 0.053125
0 0.3625 0.6390625 0.0375 0.0375
0 0.31875 0.353125 0.059375 0.059375
0 0.23125 0.371875 0.05 0.046875
0 0.9078125 0.3921875 0.040625 0.04375
0 0.3109375 0.4609375 0.04375 0.0375
0 0.3 0.24375 0.05 0.04375
0 0.353125 0.25 0.05625 0.05625
0 0.046875 0.2625 0.03125 0.04375
0 0.871875 0.3390625 0.04375 0.040625
0 0.4453125 0.5796875 0.0375 0.0375
0 0.26875 0.584375 0.040625 0.04375
0 0.91875 0.5140625 0.040625 0.034375
0 0.5171875 0.4875 0.040625 0.046875
0 0.2625 0.3515625 0.053125 0.059375
0 0.165625 0.6140625 0.028125 0.028125
0 0.31875 0.6 0.03125 0.028125
0 0.2515625 0.6234375 0.046875 0.040625
0 0.1703125 0.228125 0.04375 0.05
0 0.76875 0.246875 0.0375 0.046875
0 0.7671875 0.1703125 0.034375 0.040625
0 0.8109375 0.2875 0.03125 0.025
0 0.8359375 0.3078125 0.053125 0.046875
0 0.903125 0.33125 0.025 0.025
0 0.84375 0.4578125 0.040625 0.034375
0 0.6640625 0.53125 0.03125 0.021875
0 0.6484375 0.6484375 0.034375 0.0375
0 0.4796875 0.434375 0.03125 0.028125
0 0.5328125 0.4296875 0.046875 0.03125
0 0.7 0.3578125 0.040625 0.046875
0 0.6421875 0.3140625 0.046875 0.04375
0 0.3953125 0.5234375 0.040625 0.04375
0 0.4359375 0.5234375 0.040625 0.046875
0 0.30625 0.725 0.0375 0.034375
0 0.1984375 0.5890625 0.025 0.028125
0 0.175 0.2734375 0.034375 0.01875
0 0.2078125 0.01796875 0.046875 0.0359375
0 0.0921875 0.04375 0.015625 0.04375
0 0.1140625 0.03125 0.03125 0.03125
0 0.065625 0.0140625 0.03125 0.021875
0 0.00703125 0.4734375 0.0140625 0.034375
