0 0.5984375 0.2234375 0.053125 0.053125
0 0.025 0.1625 0.05 0.053125
0 0.4171875 0.7703125 0.05 0.05
0 0.6734375 0.7703125 0.05 0.05
0 0.396875 0.4578125 0.053125 0.046875
0 0.1046875 0.1953125 0.053125 0.053125
0 0.575 0.140625 0.05 0.05625
0 0.1265625 0.00703125 0.05625 0.0140625
0 0.66875 0.1484375 0.046875 0.04375
0 0.8578125 0.13125 0.0375 0.05625
0 0.9046875 0.109375 0.05625 0.040625
0 0.009375 0.2453125 0.01875 0.04375
0 0.446875 0.2796875 0.046875 0.05
0 0.01484375 0.321875 0.0296875 0.03125
0 0.1171875 0.0359375 0.05625 0.046875
0 0.4328125 0.7140625 0.040625 0.05
0 0.803125 0.309375 0.03125 0.03125
0 0.865625 0.515625 0.0375 0.040625
0 0.959375 0.3828125 0.046875 0.05
0 0.0625 0.0328125 0.053125 0.046875
0 0.4296875 0.3859375 0.05 0.046875
0 0.484375 0.19375 0.040625 0.034375
0 0.4640625 0.234375 0.034375 0.034375
0 0.4890625 0.29375 0.021875 0.021875
0 0.6640625 0.6890625 0.05625 0.034375
0 0.7015625 0.153125 0.034375 0.0375
0 0.9078125 0.0453125 0.059375 0.040625
0 0.8640625 0.0328125 0.053125 0.03125
0 0.340625 0.0859375 0.021875 0.015625
0 0.390625 0.125 0.01875 0.01875
