0 0.5734375 0.2890625 0.05625 0.053125
0 0.609375 0.328125 0.05625 0.053125
0 0.5515625 0.44375 0.053125 0.04375
0 0.1078125 0.13125 0.0375 0.05625
0 0.428125 0.5375 0.053125 0.046875
0 0.1546875 0.109375 0.05625 0.040625
0 0.4515625 0.034375 0.040625 0.0375
0 0.9140625 0.228125 0.03125 0.028125
0 0.878125 0.2984375 0.034375 0.028125
0 0.9078125 0.365625 0.028125 0.025
0 0.340625 0.6484375 0.04375 0.0375
0 0.48125 0.009375 0.046875 0.01875
0 0.053125 0.309375 0.03125 0.03125
0 0.3953125 0.0171875 0.0375 0.034375
0 0.271875 0.378125 0.028125 0.040625
0 0.115625 0.515625 0.0375 0.040625
0 0.209375 0.3828125 0.046875 0.05
0 0.471875 0.5484375 0.034375 0.0375
0 0.1578125 0.0453125 0.059375 0.040625
0 0.1140625 0.0328125 0.053125 0.03125
0 0.628125 0.1921875 0.04375 0.034375
0 0.9875 0.26875 0.021875 0.03125
0 0.753125 0.2421875 0.028125 0.0375
0 0.790625 0.3234375 0.03125 0.01875
0 0.9609375 0.196875 0.03125 0.025
