0 0.63125 0.228125 0.059375 0.05625
0 0.053125 0.4734375 0.059375 0.065625
0 0.1984375 0.415625 0.05625 0.05
0 0.9328125 0.5515625 0.0625 0.0625
0 0.5984375 0.0109375 0.0625 0.021875
0 0.934375 0.415625 0.06875 0.0625
0 0.790625 0.6046875 0.05625 0.059375
0 0.55 0.1078125 0.034375 0.0625
0 0.021875 0.15 0.04375 0.053125
0 0.1046875 0.503125 0.0625 0.071875
0 0.8296875 0.01171875 0.04375 0.0234375
0 0.5890625 0.4265625 0.059375 0.05625
0 0.846875 0.6265625 0.0625 0.0625
0 0.0828125 0.0375 0.04375 0.059375
0 0.728125 0.7265625 0.04375 0.059375
0 0.140625 0.378125 0.053125 0.0625
0 0.8578125 0.678125 0.034375 0.04375
0 0.984375 0.4171875 0.03125 0.05
0 0.8953125 0.6484375 0.05 0.05
0 0.871875 0.5125 0.05625 0.04375
0 0.58125 0.5296875 0.0375 0.034375
0 0.153125 0.484375 0.046875 0.05625
0 0.19375 0.371875 0.053125 0.05
0 0.528125 0.06875 0.040625 0.0375
0 0.9125 0.5046875 0.0375 0.0375
0 0.75 0.7109375 0.025 0.03125
0 0.9625 0.00390625 0.071875 0.0078125
