0 0.4875 0.915625 0.053125 0.053125
0 0.6203125 0.8390625 0.053125 0.04375
0 0.6234375 0.7703125 0.05625 0.05625
0 0.4609375 0.703125 0.03125 0.025
0 0.765625 0.99921875 0.05625 0.0015625
0 0.275 0.66875 0.03125 0.025
0 0.8328125 0.9125 0.04375 0.059375
0 0.0578125 0.7765625 0.03125 0.025
0 0.10625 0.696875 0.03125 0.025
0 0.98671875 0.815625 0.0265625 0.05625
0 0.1390625 0.815625 0.03125 0.028125
0 0.0078125 0.925 0.015625 0.021875
0 0.09375 0.646875 0.0125 0.01875
0 0.0125 0.7859375 0.021875 0.021875
0 0.134375 0.9265625 0.025 0.021875
0 0.1515625 0.8265625 0.01875 0.01875
0 0.2109375 0.975 0.025 0.01875
0 0.2390625 0.803125 0.025 0.021875
0 0.2140625 0.7953125 0.025 0.021875
0 0.2953125 0.8796875 0.025 0.0125
0 0.19375 0.7921875 0.01875 0.015625
0 0.340625 0.7890625 0.025 0.021875
0 0.36875 0.6875 0.021875 0.01875
0 0.0796875 0.8984375 0.01875 0.021875
0 0.490625 0.709375 0.04375 0.0375
0 0.8328125 0.6640625 0.01875 0.01875
