0 0.1703125 0.81875 0.0625 0.059375
0 0.0796875 0.8765625 0.04375 0.04375
0 0.8 0.909375 0.025 0.021875
0 0.8109375 0.8953125 0.021875 0.01875
0 0.3953125 0.8734375 0.0375 0.05625
0 0.7390625 0.7703125 0.025 0.021875
0 0.615625 0.728125 0.0125 0.0125
0 0.8453125 0.765625 0.0125 0.0125
0 0.83125 0.9625 0.021875 0.021875
0 0.853125 0.990625 0.025 0.015625
0 0.85 0.9734375 0.025 0.01875
0 0.875 0.975 0.021875 0.021875
0 0.2125 0.8625 0.071875 0.040625
0 0.8640625 0.7703125 0.015625 0.015625
0 0.84375 0.8 0.0125 0.015625
