0 0.434375 0.35 0.059375 0.05625
0 0.1828125 0.5515625 0.0625 0.0625
0 0.184375 0.415625 0.06875 0.0625
0 0.040625 0.6046875 0.05625 0.059375
0 0.0796875 0.01171875 0.04375 0.0234375
0 0.096875 0.6265625 0.0625 0.0625
0 0.6015625 0.421875 0.053125 0.046875
0 0.296875 0.446875 0.05625 0.059375
0 0.746875 0.18125 0.0375 0.04375
0 0.8 0.034375 0.025 0.021875
0 0.8109375 0.0203125 0.021875 0.01875
0 0.5703125 0.3578125 0.05 0.05625
0 0.3953125 0.01328125 0.0375 0.0265625
0 0.1078125 0.678125 0.034375 0.04375
0 0.240625 0.4171875 0.04375 0.05
0 0.86875 0.20625 0.025 0.01875
0 0.1453125 0.6484375 0.05 0.05
0 0.646875 0.446875 0.05 0.046875
0 0.121875 0.5125 0.05625 0.04375
0 0.1625 0.5046875 0.0375 0.0375
0 0.00625 0.7109375 0.0125 0.03125
0 0.4625 0.278125 0.059375 0.0625
0 0.409375 0.2609375 0.046875 0.046875
0 0.83125 0.0875 0.021875 0.021875
0 0.853125 0.115625 0.025 0.015625
0 0.85 0.0984375 0.025 0.01875
0 0.875 0.1 0.021875 0.021875
0 0.9421875 0.225 0.01875 0.015625
0 0.9828125 0.1625 0.021875 0.01875
0 0.990625 0.2375 0.015625 0.0125
0 0.2125 0.00390625 0.071875 0.0078125
0 0.9171875 0.215625 0.01875 0.01875
0 0.9015625 0.1515625 0.015625 0.015625
0 0.9171875 0.15625 0.0125 0.01875
0 0.8765625 0.1328125 0.021875 0.015625
