0 0.4875 0.040625 0.053125 0.053125
0 0.803125 0.4734375 0.059375 0.065625
0 0.9484375 0.415625 0.05625 0.05
0 0.596875 0.2578125 0.046875 0.040625
0 0.765625 0.15 0.05625 0.053125
0 0.4125 0.1515625 0.05 0.04375
0 0.4046875 0.309375 0.040625 0.040625
0 0.8546875 0.503125 0.0625 0.071875
0 0.6078125 0.1625 0.05 0.05
0 0.8328125 0.0375 0.04375 0.059375
0 0.309375 0.2484375 0.04375 0.04375
0 0.890625 0.378125 0.053125 0.0625
0 0.4859375 0.275 0.040625 0.0375
0 0.0078125 0.05 0.015625 0.021875
0 0.3625 0.196875 0.03125 0.034375
0 0.4875 0.3203125 0.0375 0.034375
0 0.134375 0.0515625 0.025 0.021875
0 0.2109375 0.1 0.025 0.01875
0 0.2953125 0.00546875 0.025 0.0109375
0 0.0796875 0.0234375 0.01875 0.021875
0 0.45625 0.1578125 0.0375 0.034375
0 0.43125 0.3015625 0.04375 0.0375
0 0.5765625 0.3 0.034375 0.03125
0 0.628125 0.265625 0.0375 0.0375
0 0.5796875 0.2046875 0.04375 0.046875
0 0.6171875 0.2 0.034375 0.034375
0 0.6515625 0.2109375 0.03125 0.0375
0 0.6734375 0.2078125 0.03125 0.034375
0 0.6671875 0.2609375 0.025 0.025
0 0.6828125 0.2875 0.021875 0.025
0 0.903125 0.484375 0.046875 0.05625
0 0.94375 0.371875 0.053125 0.05
