0 0.63125 0.9109375 0.065625 0.065625
0 0.665625 0.89375 0.059375 0.059375
0 0.4703125 0.615625 0.04375 0.0375
0 0.4390625 0.7828125 0.03125 0.028125
0 0.590625 0.5921875 0.025 0.028125
0 0.1765625 0.903125 0.01875 0.01875
0 0.1828125 0.9421875 0.021875 0.01875
0 0.1578125 0.9296875 0.021875 0.01875
0 0.096875 0.9609375 0.0125 0.015625
0 0.109375 0.9609375 0.015625 0.0125
0 0.040625 0.8625 0.0125 0.015625
0 0.1625 0.7140625 0.021875 0.01875
0 0.24375 0.8234375 0.01875 0.015625
0 0.7171875 0.6234375 0.021875 0.03125
