0 0.271875 0.30625 0.059375 0.05625
0 0.6390625 0.09375 0.046875 0.046875
0 0.6421875 0.0421875 0.053125 0.046875
0 0.9453125 0.4 0.04375 0.040625
0 0.3765625 0.5078125 0.046875 0.05
0 0.7890625 0.2875 0.0375 0.040625
0 0.74375 0.01328125 0.0625 0.0265625
0 0.9765625 0.5140625 0.046875 0.03125
0 0.790625 0.0859375 0.05 0.053125
0 0.9734375 0.0390625 0.040625 0.040625
0 0.7296875 0.0875 0.04375 0.0375
0 0.8703125 0.0390625 0.046875 0.053125
0 0.4984375 0.115625 0.0375 0.0375
0 0.4953125 0.4859375 0.046875 0.046875
0 0.0359375 0.2609375 0.03125 0.046875
0 0.88125 0.271875 0.0375 0.04375
0 0.6796875 0.0875 0.053125 0.04375
0 0.81875 0.046875 0.053125 0.05
0 0.4421875 0.6125 0.028125 0.025
0 0.80625 0.1421875 0.053125 0.040625
0 0.9703125 0.7375 0.028125 0.025
0 0.4625 0.6875 0.025 0.046875
0 0.0546875 0.415625 0.03125 0.04375
0 0.1671875 0.49375 0.0375 0.03125
0 0.1375 0.6609375 0.034375 0.046875
0 0.80625 0.00390625 0.053125 0.0078125
0 0.9921875 0.0515625 0.015625 0.040625
0 0.996875 0.4625 0.00625 0.028125
