0 0.653125 0.315625 0.06875 0.065625
0 0.99609375 0.30625 0.0078125 0.05625
0 0.63125 0.0359375 0.065625 0.065625
0 0.665625 0.02421875 0.059375 0.0484375
0 0.7859375 0.2609375 0.03125 0.046875
0 0.50625 0.871875 0.03125 0.028125
0 0.3484375 0.246875 0.04375 0.040625
0 0.1765625 0.028125 0.01875 0.01875
0 0.1828125 0.0671875 0.021875 0.01875
0 0.1578125 0.0546875 0.021875 0.01875
0 0.096875 0.0859375 0.0125 0.015625
0 0.109375 0.0859375 0.015625 0.0125
0 0.165625 0.275 0.01875 0.015625
0 0.3984375 0.25625 0.053125 0.04375
0 0.58125 0.24375 0.028125 0.03125
0 0.5046875 0.4421875 0.04375 0.025
0 0.4046875 0.4140625 0.025 0.0375
0 0.4640625 0.43125 0.04375 0.0625
0 0.8046875 0.415625 0.03125 0.04375
0 0.9171875 0.49375 0.0375 0.03125
0 0.8875 0.6609375 0.034375 0.046875
