0 0.8015625 0.99375 0.05 0.0125
0 0.6109375 0.9453125 0.04375 0.028125
0 0.0125 0.871875 0.025 0.059375
0 0.040625 0.9609375 0.05 0.053125
0 0.171875 0.8296875 0.04375 0.04375
0 0.2234375 0.9140625 0.040625 0.040625
0 0.1203125 0.9140625 0.046875 0.053125
0 0.48125 0.89375 0.0375 0.0375
0 0.5328125 0.984375 0.05625 0.03125
0 0.50625 0.821875 0.04375 0.046875
0 0.3359375 0.9625 0.059375 0.0375
0 0.06875 0.921875 0.053125 0.05
0 0.05625 0.9984375 0.053125 0.003125
0 0.05625 0.8578125 0.053125 0.05
0 0.246875 0.9265625 0.025 0.040625
0 0.35 0.8078125 0.021875 0.03125
0 0.5640625 0.8390625 0.040625 0.05
0 0.9640625 0.965625 0.015625 0.0125
0 0.9828125 0.959375 0.025 0.01875
0 0.95625 0.8796875 0.028125 0.025
0 0.9484375 0.9359375 0.01875 0.01875
0 0.753125 0.953125 0.021875 0.01875
