0 0.6390625 0.96875 0.046875 0.046875
0 0.6421875 0.9171875 0.053125 0.046875
0 0.409375 0.60625 0.05 0.05625
0 0.428125 0.696875 0.046875 0.0375
0 0.509375 0.6671875 0.03125 0.03125
0 0.74375 0.871875 0.0625 0.059375
0 0.790625 0.9609375 0.05 0.053125
0 0.921875 0.8296875 0.04375 0.04375
0 0.9734375 0.9140625 0.040625 0.040625
0 0.7296875 0.9625 0.04375 0.0375
0 0.8703125 0.9140625 0.046875 0.053125
0 0.4984375 0.9859375 0.0375 0.028125
0 0.4671875 0.796875 0.040625 0.040625
0 0.6796875 0.9625 0.053125 0.04375
0 0.81875 0.921875 0.053125 0.05
0 0.80625 0.9984375 0.053125 0.003125
0 0.6765625 0.6171875 0.025 0.0375
0 0.80625 0.8578125 0.053125 0.05
0 0.9921875 0.9265625 0.015625 0.040625
