0 0.921875 0.2328125 0.071875 0.06875
0 0.8546875 0.18125 0.065625 0.071875
0 0.0453125 0.003125 0.05625 0.00625
0 0.8 0.603125 0.046875 0.05
0 0.0125 0.515625 0.025 0.05
0 0.4296875 0.4078125 0.065625 0.053125
0 0.684375 0.5046875 0.05 0.034375
0 0.7515625 0.534375 0.053125 0.053125
0 0.709375 0.55625 0.053125 0.065625
0 0.6859375 0.534375 0.028125 0.04375
0 0.915625 0.33125 0.028125 0.01875
0 0.225 0.571875 0.0375 0.046875
0 0.19375 0.5734375 0.01875 0.025
0 0.1828125 0.44375 0.025 0.01875
0 0.01328125 0.02421875 0.0265625 0.0484375
