0 0.7953125 0.8515625 0.05625 0.059375
0 0.4875 0.65 0.01875 0.046875
0 0.51875 0.646875 0.059375 0.0625
0 0.6171875 0.9078125 0.053125 0.0625
0 0.5703125 0.6609375 0.05 0.053125
0 0.64375 0.921875 0.034375 0.040625
0 0.9359375 0.5984375 0.015625 0.015625
0 0.753125 0.8984375 0.046875 0.05
0 0.659375 0.8984375 0.0375 0.034375
0 0.0640625 0.98125 0.015625 0.0125
0 0.221875 0.946875 0.015625 0.0125
0 0.2234375 0.934375 0.015625 0.0125
0 0.2375 0.98125 0.015625 0.0125
0 0.2484375 0.971875 0.015625 0.015625
0 0.2109375 0.975 0.015625 0.0125
0 0.09375 0.9234375 0.0125 0.0125
0 0.221875 0.865625 0.009375 0.0125
0 0.175 0.8640625 0.0125 0.009375
0 0.103125 0.9046875 0.0125 0.0125
0 0.0765625 0.9890625 0.0125 0.015625
0 0.2703125 0.8765625 0.009375 0.009375
