0 0.4453125 0.365625 0.053125 0.05625
0 0.7953125 0.003125 0.05625 0.00625
0 0.521875 0.5421875 0.05 0.05
0 0.75 0.515625 0.05 0.05
0 0.6171875 0.0328125 0.053125 0.0625
0 0.7203125 0.4265625 0.046875 0.059375
0 0.571875 0.5078125 0.046875 0.046875
0 0.659375 0.3203125 0.040625 0.034375
0 0.975 0.571875 0.0375 0.046875
0 0.94375 0.5734375 0.01875 0.025
0 0.9328125 0.44375 0.025 0.01875
0 0.6765625 0.26875 0.0375 0.028125
0 0.690625 0.1421875 0.04375 0.0375
0 0.64375 0.046875 0.034375 0.040625
0 0.753125 0.02421875 0.046875 0.0484375
0 0.659375 0.0234375 0.0375 0.034375
0 0.4296875 0.5015625 0.0375 0.01875
0 0.4765625 0.321875 0.034375 0.0375
0 0.39375 0.453125 0.0375 0.05
0 0.0640625 0.10625 0.015625 0.0125
0 0.221875 0.071875 0.015625 0.0125
0 0.2234375 0.059375 0.015625 0.0125
0 0.2375 0.10625 0.015625 0.0125
0 0.2484375 0.096875 0.015625 0.015625
0 0.2109375 0.1 0.015625 0.0125
0 0.09375 0.0484375 0.0125 0.0125
0 0.103125 0.0296875 0.0125 0.0125
0 0.0765625 0.1140625 0.0125 0.015625
