0 0.128125 0.01953125 0.065625 0.0390625
0 0.021875 0.0046875 0.04375 0.009375
0 0.203125 0.1859375 0.059375 0.0625
0 0.98046875 0.6359375 0.0390625 0.059375
0 0.75 0.09375 0.053125 0.053125
0 0.171875 0.3765625 0.046875 0.059375
0 0.5578125 0.2625 0.046875 0.059375
0 0.1390625 0.7375 0.0375 0.04375
0 0.1828125 0.6703125 0.046875 0.05625
0 0.746875 0.221875 0.046875 0.034375
0 0.1625 0.1859375 0.03125 0.046875
0 0.1984375 0.2234375 0.059375 0.046875
0 0.35 0.4375 0.0375 0.034375
0 0.321875 0.3046875 0.0625 0.05625
