0 0.878125 0.01953125 0.065625 0.0390625
0 0.55 0.04375 0.059375 0.05625
0 0.759375 0.0046875 0.06875 0.009375
0 0.953125 0.1859375 0.059375 0.0625
0 0.6984375 0.3828125 0.053125 0.05
0 0.6 0.41875 0.05 0.05
0 0.6203125 0.178125 0.040625 0.04375
0 0.6484375 0.4453125 0.05 0.05
0 0.921875 0.3765625 0.046875 0.059375
0 0.8890625 0.7375 0.0375 0.04375
0 0.9328125 0.6703125 0.046875 0.05625
0 0.425 0.0515625 0.025 0.025
0 0.1 0.0390625 0.0125 0.0125
0 0.1140625 0.0390625 0.0125 0.0125
0 0.1375 0.0375 0.0125 0.015625
0 0.121875 0.1078125 0.0125 0.009375
0 0.140625 0.1140625 0.0125 0.0125
0 0.1375 0.103125 0.0125 0.009375
0 0.13125 0.071875 0.015625 0.015625
0 0.1890625 0.140625 0.009375 0.009375
0 0.2015625 0.14375 0.009375 0.009375
0 0.2875 0.209375 0.009375 0.0125
0 0.315625 0.284375 0.01875 0.0125
0 0.30625 0.2734375 0.0125 0.015625
0 0.3265625 0.26875 0.015625 0.0125
0 0.9125 0.1859375 0.03125 0.046875
0 0.9484375 0.2234375 0.059375 0.046875
