0 0.403125 0.3265625 0.065625 0.0625
0 0.2375 0.6359375 0.053125 0.059375
0 0.434375 0.1640625 0.053125 0.053125
0 0.275 0.1875 0.046875 0.05625
0 0.9140625 0.1390625 0.03125 0.03125
0 0.01328125 0.09375 0.0265625 0.053125
0 0.01015625 0.221875 0.0203125 0.034375
0 0.5234375 0.609375 0.0625 0.059375
0 0.7390625 0.44375 0.034375 0.04375
0 0.4328125 0.0546875 0.05 0.0375
0 0.409375 0.5203125 0.0625 0.0375
0 0.603125 0.621875 0.05625 0.053125
0 0.8421875 0.0375 0.028125 0.028125
0 0.5546875 0.60625 0.040625 0.04375
0 0.425 0.5515625 0.053125 0.034375
0 0.4609375 0.19375 0.04375 0.040625
0 0.871875 0.271875 0.021875 0.028125
