0 0.246875 0.7421875 0.0625 0.05
0 0.2671875 0.946875 0.059375 0.059375
0 0.99921875 0.9390625 0.0015625 0.053125
0 0.6796875 0.89375 0.053125 0.040625
0 0.1734375 0.9859375 0.0625 0.028125
0 0.571875 0.99453125 0.040625 0.0109375
0 0.715625 0.9671875 0.053125 0.046875
0 0.096875 0.5640625 0.046875 0.040625
0 0.02421875 0.9234375 0.0484375 0.0625
0 0.328125 0.965625 0.028125 0.053125
0 0.63125 0.8359375 0.05 0.05
0 0.571875 0.8453125 0.040625 0.0375
0 0.5421875 0.99609375 0.01875 0.0078125
0 0.25 0.959375 0.034375 0.046875
0 0.01640625 0.7453125 0.0328125 0.03125
