0 0.2671875 0.071875 0.059375 0.059375
0 0.103125 0.4546875 0.059375 0.053125
0 0.7265625 0.2875 0.04375 0.04375
0 0.99921875 0.0640625 0.0015625 0.053125
0 0.6796875 0.01953125 0.053125 0.0390625
0 0.1734375 0.1234375 0.0625 0.053125
0 0.2046875 0.209375 0.04375 0.065625
0 0.571875 0.1390625 0.040625 0.05
0 0.715625 0.0921875 0.053125 0.046875
0 0.81875 0.2125 0.04375 0.053125
0 0.02421875 0.0484375 0.0484375 0.0625
0 0.94375 0.190625 0.05 0.05625
0 0.93125 0.3484375 0.034375 0.04375
0 0.328125 0.090625 0.028125 0.053125
0 0.2421875 0.3203125 0.046875 0.04375
0 0.96875 0.26875 0.025 0.03125
0 0.7734375 0.296875 0.046875 0.040625
0 0.740625 0.2515625 0.04375 0.0375
0 0.5421875 0.13125 0.01875 0.028125
0 0.6390625 0.3734375 0.046875 0.025
0 0.3765625 0.2359375 0.040625 0.04375
0 0.25 0.084375 0.034375 0.046875
