0 0.2765625 0.9390625 0.05625 0.053125
0 0.334375 0.9328125 0.046875 0.04375
0 0.3859375 0.7375 0.028125 0.028125
0 0.828125 0.759375 0.015625 0.0125
0 0.9484375 0.8125 0.015625 0.0125
0 0.953125 0.790625 0.021875 0.015625
0 0.90625 0.8453125 0.021875 0.015625
0 0.8109375 0.8203125 0.015625 0.0125
0 0.75 0.8046875 0.0125 0.0125
0 0.7546875 0.7734375 0.015625 0.0125
0 0.8015625 0.7953125 0.0125 0.009375
0 0.7296875 0.94375 0.021875 0.025
0 0.7890625 0.971875 0.01875 0.01875
0 0.8234375 0.815625 0.015625 0.0125
0 0.8390625 0.8046875 0.01875 0.015625
0 0.7640625 0.8140625 0.0125 0.0125
0 0.83125 0.99453125 0.015625 0.0109375
0 0.709375 0.9953125 0.01875 0.009375
0 0.596875 0.9015625 0.021875 0.021875
