0 0.403125 0.1171875 0.05 0.04375
0 0.99375 0.071875 0.0125 0.059375
0 0.853125 0.4546875 0.059375 0.053125
0 0.7046875 0.0890625 0.04375 0.046875
0 0.9234375 0.1234375 0.0625 0.053125
0 0.9546875 0.209375 0.04375 0.065625
0 0.7265625 0.4234375 0.04375 0.040625
0 0.771875 0.0484375 0.053125 0.0625
0 0.29375 0.0375 0.03125 0.025
0 0.209375 0.009375 0.034375 0.01875
0 0.634375 0.1046875 0.046875 0.03125
0 0.984375 0.3203125 0.03125 0.04375
0 0.5 0.425 0.0375 0.040625
0 0.521875 0.153125 0.040625 0.04375
0 0.99140625 0.084375 0.0171875 0.046875
0 0.5375 0.409375 0.03125 0.028125
0 0.253125 0.0671875 0.01875 0.021875
0 0.025 0.2 0.025 0.021875
