0 0.2765625 0.0640625 0.05625 0.053125
0 0.45 0.3578125 0.05 0.04375
0 0.06875 0.2125 0.04375 0.053125
0 0.19375 0.190625 0.05 0.05625
0 0.334375 0.0578125 0.046875 0.04375
0 0.18125 0.3484375 0.034375 0.04375
0 0.4625 0.1609375 0.05 0.053125
0 0.7296875 0.06875 0.021875 0.025
0 0.7890625 0.096875 0.01875 0.01875
0 0.83125 0.1203125 0.015625 0.0125
0 0.8890625 0.159375 0.015625 0.015625
0 0.7390625 0.1796875 0.021875 0.01875
0 0.709375 0.125 0.01875 0.01875
0 0.7296875 0.134375 0.0125 0.01875
0 0.596875 0.0265625 0.021875 0.021875
0 0.21875 0.26875 0.025 0.03125
0 0.303125 0.2890625 0.04375 0.040625
0 0.0234375 0.296875 0.046875 0.040625
0 0.00625 0.2515625 0.0125 0.0375
