0 0.403125 0.98515625 0.05 0.0296875
0 0.9828125 0.7421875 0.034375 0.05
0 0.99375 0.946875 0.0125 0.059375
0 0.7046875 0.9640625 0.04375 0.046875
0 0.9234375 0.9859375 0.0625 0.028125
0 0.0578125 0.7328125 0.03125 0.028125
0 0.846875 0.5640625 0.046875 0.040625
0 0.771875 0.9234375 0.053125 0.0625
0 0.1859375 0.7875 0.034375 0.025
0 0.29375 0.9125 0.03125 0.025
0 0.209375 0.878125 0.034375 0.03125
0 0.634375 0.9796875 0.046875 0.03125
0 0.44375 0.8296875 0.0375 0.021875
0 0.99140625 0.959375 0.0171875 0.046875
0 0.7140625 0.7375 0.046875 0.046875
0 0.759375 0.7453125 0.046875 0.03125
0 0.253125 0.9421875 0.01875 0.021875
0 0.1546875 0.79375 0.028125 0.021875
0 0.30625 0.7359375 0.021875 0.01875
