0 0.9171875 0.2515625 0.084375 0.096875
0 0.8015625 0.2 0.09375 0.109375
0 0.721875 0.2046875 0.078125 0.09375
0 0.60625 0.2203125 0.078125 0.078125
0 0.5078125 0.34375 0.1 0.090625
0 0.490625 0.4109375 0.071875 0.06875
0 0.1328125 0.3 0.065625 0.059375
0 0.24375 0.5484375 0.090625 0.096875
0 0.5875 0.5859375 0.078125 0.09375
0 0.7234375 0.6703125 0.09375 0.1
0 0.99453125 0.5765625 0.0109375 0.084375
0 0.6984375 0.8453125 0.0875 0.09375
0 0.7703125 0.9234375 0.084375 0.075
0 0.1390625 0.9328125 0.109375 0.1
0 0.04375 0.8859375 0.075 0.0875
0 0.828125 0.30625 0.0625 0.0625
