0 0.046875 0.2984375 0.075 0.078125
0 0.1421875 0.3375 0.075 0.078125
0 0.1140625 0.5515625 0.071875 0.071875
0 0.2265625 0.46875 0.059375 0.053125
0 0.459375 0.384375 0.071875 0.071875
0 0.5125 0.3828125 0.05625 0.065625
0 0.4171875 0.08125 0.065625 0.065625
0 0.00078125 0.8015625 0.0015625 0.0625
0 0.246875 0.2375 0.05625 0.05
0 0.63125 0.5046875 0.071875 0.05
0 0.6875 0.6375 0.071875 0.065625
0 0.7140625 0.6 0.06875 0.05625
0 0.6390625 0.6046875 0.071875 0.059375
0 0.328125 0.9765625 0.065625 0.0375
