0 0.803125 0.46875 0.096875 0.1125
0 0.4140625 0.9375 0.1125 0.096875
0 0.93125 0.97734375 0.10625 0.0453125
0 0.3203125 0.85625 0.09375 0.1
0 0.35625 0.65625 0.096875 0.109375
0 0.16875 0.359375 0.1 0.1125
0 0.6046875 0.109375 0.103125 0.128125
0 0.4703125 0.1015625 0.115625 0.1375
0 0.3671875 0.1359375 0.0875 0.1125
0 0.2609375 0.19375 0.084375 0.096875
0 0.4421875 0.2625 0.05625 0.08125
0 0.678125 0.4921875 0.053125 0.059375
0 0.978125 0.38125 0.040625 0.1125
0 0.86875 0.25 0.05 0.065625
0 0.9140625 0.2203125 0.053125 0.025
0 0.940625 0.16875 0.046875 0.084375
0 0.9859375 0.8421875 0.025 0.034375
0 0.51875 0.2015625 0.05625 0.065625
0 0.1859375 0.4421875 0.078125 0.065625
0 0.7078125 0.9390625 0.1125 0.06875
