0 0.4140625 0.1875 0.1125 0.096875
0 0.93125 0.25625 0.10625 0.103125
0 0.7375 0.371875 0.103125 0.1
0 0.634375 0.325 0.096875 0.10625
0 0.528125 0.33125 0.096875 0.109375
0 0.3203125 0.10625 0.09375 0.1
0 0.8796875 0.428125 0.103125 0.10625
0 0.8078125 0.653125 0.09375 0.075
0 0.2265625 0.565625 0.09375 0.090625
0 0.5359375 0.9453125 0.078125 0.08125
0 0.878125 0.8734375 0.09375 0.090625
0 0.2609375 0.99140625 0.075 0.0171875
0 0.140625 0.5265625 0.090625 0.1
0 0.1078125 0.41875 0.10625 0.065625
0 0.9859375 0.0921875 0.025 0.034375
0 0.7078125 0.1890625 0.1125 0.06875
0 0.3421875 0.3359375 0.034375 0.059375
