0 0.2015625 0.26875 0.11875 0.13125
0 0.4875 0.278125 0.090625 0.096875
0 0.68125 0.2265625 0.06875 0.103125
0 0.878125 0.290625 0.096875 0.090625
0 0.965625 0.1796875 0.06875 0.08125
0 0.81875 0.653125 0.0875 0.09375
0 0.4203125 0.6515625 0.096875 0.115625
0 0.325 0.825 0.0875 0.109375
0 0.1375 0.7328125 0.08125 0.103125
0 0.1109375 0.9265625 0.115625 0.10625
0 0.0359375 0.8734375 0.071875 0.090625
0 0.31875 0.975 0.109375 0.05
0 0.7546875 0.9890625 0.096875 0.021875
0 0.8359375 0.99140625 0.084375 0.0171875
0 0.653125 0.5578125 0.078125 0.059375
