0 0.1640625 0.028125 0.0875 0.05625
0 0.2296875 0.09375 0.08125 0.09375
0 0.7625 0.015625 0.0625 0.03125
0 0.584375 0.159375 0.065625 0.053125
0 0.4765625 0.2578125 0.075 0.06875
0 0.3765625 0.21875 0.071875 0.078125
0 0.2625 0.2140625 0.06875 0.071875
0 0.01015625 0.3765625 0.0203125 0.078125
0 0.0578125 0.4140625 0.071875 0.065625
0 0.4296875 0.4734375 0.065625 0.0625
0 0.54375 0.3953125 0.059375 0.05
0 0.803125 0.309375 0.071875 0.06875
0 0.8609375 0.3109375 0.059375 0.06875
0 0.975 0.4453125 0.046875 0.053125
0 0.9765625 0.5484375 0.04375 0.059375
0 0.284375 0.71875 0.046875 0.059375
0 0.1828125 0.971875 0.075 0.05625
0 0.0890625 0.8015625 0.075 0.0625
