0 0.00234375 0.3328125 0.0046875 0.071875
0 0.02421875 0.2734375 0.0484375 0.090625
0 0.2109375 0.1234375 0.0875 0.096875
0 0.503125 0.4859375 0.071875 0.084375
0 0.4078125 0.1546875 0.078125 0.103125
0 0.29375 0.109375 0.0875 0.115625
0 0.0546875 0.5109375 0.075 0.084375
0 0.19375 0.5890625 0.090625 0.1
0 0.1640625 0.7640625 0.0875 0.084375
0 0.2296875 0.84375 0.08125 0.09375
0 0.878125 0.453125 0.071875 0.0625
0 0.9609375 0.4984375 0.059375 0.053125
0 0.7625 0.759375 0.0625 0.04375
0 0.584375 0.909375 0.065625 0.053125
0 0.4765625 0.98671875 0.075 0.0265625
0 0.3765625 0.96484375 0.071875 0.0703125
0 0.2625 0.9640625 0.06875 0.071875
0 0.6453125 0.3828125 0.05625 0.059375
