0 0.934375 0.1234375 0.1125 0.121875
0 0.9265625 0.2078125 0.1 0.084375
0 0.3453125 0.115625 0.05625 0.05625
0 0.184375 0.2015625 0.040625 0.05625
0 0.5703125 0.1984375 0.040625 0.0375
0 0.6875 0.1625 0.0375 0.040625
0 0.01484375 0.5359375 0.0296875 0.15625
0 0.225 0.678125 0.071875 0.0625
0 0.3765625 0.5796875 0.0625 0.109375
0 0.63125 0.43125 0.090625 0.10625
0 0.4734375 0.8296875 0.10625 0.103125
0 0.3890625 0.7953125 0.09375 0.115625
0 0.01484375 0.9765625 0.0296875 0.046875
0 0.821875 0.98125 0.09375 0.0375
0 0.70625 0.9484375 0.05625 0.09375
