0 0.2796875 0.2671875 0.09375 0.09375
0 0.175 0.8640625 0.103125 0.09375
0 0.0859375 0.809375 0.1 0.1
0 0.021875 0.828125 0.04375 0.075
0 0.4609375 0.5703125 0.090625 0.0875
0 0.371875 0.73125 0.096875 0.090625
0 0.3625 0.8953125 0.1 0.096875
0 0.196875 0.66875 0.071875 0.078125
0 0.78125 0.8734375 0.084375 0.09375
0 0.8640625 0.86875 0.075 0.08125
0 0.5046875 0.9234375 0.06875 0.0875
0 0.828125 0.515625 0.0625 0.075
0 0.6109375 0.5546875 0.05625 0.05
0 0.665625 0.44375 0.053125 0.05
0 0.678125 0.16875 0.053125 0.0625
0 0.51875 0.2359375 0.075 0.06875
0 0.5015625 0.1875 0.09375 0.065625
0 0.9359375 0.1078125 0.075 0.065625
0 0.8625 0.2171875 0.071875 0.06875
0 0.9875 0.259375 0.025 0.0625
0 0.45 0.0953125 0.08125 0.08125
