0 0.803125 0.2578125 0.096875 0.109375
0 0.2 0.0828125 0.103125 0.103125
0 0.4015625 0.690625 0.10625 0.090625
0 0.321875 0.603125 0.0875 0.096875
0 0.36875 0.409375 0.11875 0.10625
0 0.965625 0.228125 0.065625 0.090625
0 0.4609375 0.0328125 0.090625 0.065625
0 0.115625 0.98203125 0.08125 0.0359375
0 0.4828125 0.8453125 0.0875 0.0875
0 0.5953125 0.846875 0.09375 0.0875
0 0.690625 0.890625 0.09375 0.1
0 0.8671875 0.7953125 0.103125 0.1
0 0.7859375 0.95703125 0.096875 0.0859375
0 0.8796875 0.9828125 0.103125 0.034375
