0 0.115625 0.259375 0.08125 0.090625
0 0.1921875 0.303125 0.08125 0.075
0 0.4828125 0.0953125 0.0875 0.0875
0 0.5953125 0.096875 0.09375 0.0875
0 0.690625 0.140625 0.09375 0.1
0 0.8671875 0.04765625 0.103125 0.0953125
0 0.7859375 0.2125 0.096875 0.096875
0 0.8796875 0.2546875 0.103125 0.078125
0 0.9171875 0.334375 0.078125 0.065625
0 0.7046875 0.4125 0.0875 0.071875
0 0.4453125 0.6625 0.06875 0.06875
0 0.7546875 0.6140625 0.075 0.084375
0 0.253125 0.915625 0.084375 0.078125
0 0.0609375 0.8203125 0.075 0.065625
0 0.8796875 0.9484375 0.071875 0.028125
