0 0.2703125 0.4515625 0.10625 0.109375
0 0.10625 0.4171875 0.103125 0.1
0 0.1890625 0.40625 0.096875 0.1
0 0.45625 0.3359375 0.09375 0.1
0 0.2828125 0.2671875 0.1 0.096875
0 0.5421875 0.18125 0.090625 0.1
0 0.9078125 0.1375 0.08125 0.0875
0 0.7453125 0.0546875 0.075 0.08125
0 0.69375 0.178125 0.06875 0.065625
0 0.865625 0.48125 0.09375 0.090625
0 0.95 0.4796875 0.084375 0.0875
0 0.8890625 0.515625 0.065625 0.04375
0 0.6515625 0.6171875 0.0625 0.059375
0 0.5953125 0.5296875 0.075 0.090625
0 0.8109375 0.721875 0.0875 0.0875
0 0.1171875 0.99140625 0.090625 0.0171875
0 0.4609375 0.9203125 0.084375 0.053125
0 0.4171875 0.70625 0.1 0.075
