0 0.01875 0.2421875 0.0375 0.0875
0 0.115625 0.265625 0.10625 0.115625
0 0.3328125 0.6078125 0.1 0.10625
0 0.2828125 0.984375 0.1 0.03125
0 0.5421875 0.93125 0.090625 0.1
0 0.5890625 0.584375 0.08125 0.084375
0 0.5125 0.4296875 0.071875 0.065625
0 0.5625 0.5390625 0.071875 0.06875
0 0.7640625 0.525 0.065625 0.078125
0 0.6703125 0.54375 0.0375 0.059375
0 0.7046875 0.5 0.0375 0.03125
0 0.94375 0.5578125 0.084375 0.090625
0 0.99296875 0.4484375 0.0140625 0.08125
0 0.9078125 0.8875 0.08125 0.0875
0 0.7453125 0.8046875 0.075 0.08125
0 0.678125 0.7328125 0.046875 0.025
0 0.69375 0.928125 0.06875 0.065625
0 0.9703125 0.071875 0.059375 0.05625
0 0.97734375 0.303125 0.0453125 0.071875
0 0.99140625 0.228125 0.0171875 0.021875
0 0.790625 0.28125 0.034375 0.03125
0 0.121875 0.528125 0.040625 0.046875
