0 0.7875 0.14375 0.103125 0.115625
0 0.871875 0.1234375 0.109375 0.11875
0 0.971875 0.1609375 0.053125 0.10625
0 0.659375 0.1828125 0.084375 0.090625
0 0.53125 0.3859375 0.071875 0.078125
0 0.5640625 0.31875 0.115625 0.096875
0 0.2015625 0.33125 0.071875 0.075
0 0.0484375 0.6390625 0.06875 0.040625
0 0.30625 0.55625 0.0875 0.09375
0 0.6109375 0.553125 0.090625 0.096875
0 0.775 0.615625 0.1125 0.1125
0 0.7421875 0.7984375 0.1125 0.1
0 0.8125 0.88125 0.1125 0.08125
0 0.840625 0.975 0.096875 0.05
0 0.9609375 0.9765625 0.075 0.046875
0 0.1265625 0.8828125 0.103125 0.075
0 0.2234375 0.921875 0.0875 0.103125
0 0.3734375 0.9890625 0.046875 0.021875
