0 0.7421875 0.04921875 0.1125 0.0984375
0 0.8125 0.13125 0.1125 0.08125
0 0.840625 0.2484375 0.096875 0.096875
0 0.9609375 0.25 0.075 0.09375
0 0.1265625 0.1328125 0.103125 0.075
0 0.2234375 0.171875 0.0875 0.103125
0 0.3625 0.30625 0.059375 0.04375
0 0.3734375 0.253125 0.046875 0.05
0 0.0296875 0.4359375 0.059375 0.040625
0 0.5625 0.428125 0.065625 0.09375
0 0.61875 0.4625 0.0875 0.06875
0 0.9859375 0.5328125 0.025 0.053125
0 0.865625 0.78125 0.090625 0.084375
0 0.659375 0.8609375 0.103125 0.0625
