0 0.01015625 0.0921875 0.0203125 0.090625
0 0.0984375 0.2125 0.05625 0.04375
0 0.1703125 0.340625 0.125 0.096875
0 0.2671875 0.384375 0.128125 0.109375
0 0.6515625 0.0953125 0.13125 0.146875
0 0.915625 0.1015625 0.140625 0.1625
0 0.79375 0.0703125 0.13125 0.140625
0 0.9171875 0.5328125 0.121875 0.10625
0 0.95 0.7765625 0.096875 0.109375
0 0.571875 0.846875 0.096875 0.0875
0 0.196875 0.253125 0.05625 0.040625
0 0.4390625 0.1328125 0.103125 0.109375
0 0.278125 0.91875 0.096875 0.0875
0 0.9921875 0.2203125 0.0125 0.046875
0 0.575 0.125 0.053125 0.1
