0 0.99375 0.1546875 0.0125 0.05
0 0.9390625 0.2515625 0.053125 0.05
0 0.5375 0.259375 0.109375 0.109375
0 0.3921875 0.334375 0.1125 0.08125
0 0.3609375 0.4796875 0.125 0.125
0 0.278125 0.4578125 0.115625 0.121875
0 0.05625 0.334375 0.078125 0.06875
0 0.49375 0.528125 0.0875 0.084375
0 0.8078125 0.3375 0.071875 0.084375
0 0.725 0.1390625 0.05625 0.034375
0 0.215625 0.55625 0.103125 0.053125
0 0.9671875 0.4546875 0.065625 0.1
0 0.475 0.31875 0.03125 0.025
0 0.6765625 0.3828125 0.025 0.01875
0 0.440625 0.8984375 0.10625 0.115625
0 0.1703125 0.96328125 0.1375 0.0734375
0 0.9234375 0.7390625 0.075 0.06875
0 0.4578125 0.8546875 0.1 0.071875
