0 0.73125 0.0734375 0.11875 0.11875
0 0.721875 0.2578125 0.10625 0.10625
0 0.8296875 0.3265625 0.125 0.109375
0 0.2703125 0.11875 0.065625 0.090625
0 0.14375 0.1546875 0.0625 0.05
0 0.0640625 0.2515625 0.053125 0.05
0 0.6 0.03125 0.040625 0.0375
0 0.83125 0.0765625 0.0625 0.0625
0 0.9484375 0.4578125 0.1 0.103125
0 0.684375 0.7296875 0.1125 0.103125
0 0.5875 0.6953125 0.096875 0.115625
0 0.540625 0.60625 0.109375 0.06875
0 0.4078125 0.5453125 0.046875 0.03125
0 0.175 0.478125 0.0875 0.096875
0 0.1015625 0.4546875 0.084375 0.1
0 0.0484375 0.7390625 0.075 0.06875
