0 0.9015625 0.3125 0.1125 0.1125
0 0.759375 0.321875 0.121875 0.121875
0 0.6703125 0.3640625 0.09375 0.096875
0 0.5625 0.44375 0.090625 0.078125
0 0.4875 0.5921875 0.1 0.1
0 0.73125 0.8234375 0.11875 0.11875
0 0.721875 0.97734375 0.10625 0.0453125
0 0.2703125 0.86875 0.065625 0.090625
0 0.14375 0.9046875 0.0625 0.05
0 0.0640625 0.98828125 0.053125 0.0234375
0 0.00703125 0.625 0.0140625 0.05
0 0.190625 0.6765625 0.028125 0.021875
0 0.7234375 0.4640625 0.10625 0.1
0 0.815625 0.4046875 0.0625 0.065625
0 0.990625 0.6453125 0.015625 0.040625
0 0.6 0.78125 0.040625 0.0375
0 0.83125 0.8265625 0.0625 0.0625
