0 0.0234375 0.065625 0.046875 0.13125
0 0.1640625 0.046875 0.046875 0.05
0 0.2140625 0.0109375 0.075 0.021875
0 0.209375 0.196875 0.125 0.134375
0 0.1765625 0.4484375 0.10625 0.071875
0 0.24375 0.6859375 0.090625 0.096875
0 0.378125 0.275 0.0875 0.11875
0 0.6921875 0.25 0.11875 0.125
0 0.4546875 0.3984375 0.10625 0.0875
0 0.609375 0.55625 0.096875 0.10625
0 0.765625 0.2515625 0.071875 0.096875
0 0.9546875 0.4578125 0.05625 0.084375
0 0.9484375 0.6015625 0.0875 0.053125
0 0.99765625 0.6671875 0.0046875 0.04375
