0 0.2125 0.10625 0.10625 0.109375
0 0.06875 0.3328125 0.109375 0.084375
0 0.3953125 0.1859375 0.109375 0.10625
0 0.2703125 0.221875 0.08125 0.103125
0 0.3734375 0.2703125 0.0875 0.0625
0 0.3375 0.459375 0.08125 0.096875
0 0.403125 0.4828125 0.11875 0.10625
0 0.5046875 0.5078125 0.103125 0.109375
0 0.4703125 0.70625 0.078125 0.096875
0 0.7078125 0.6984375 0.10625 0.10625
0 0.6640625 0.721875 0.096875 0.090625
0 0.540625 0.628125 0.1 0.096875
0 0.559375 0.5375 0.096875 0.096875
0 0.6328125 0.590625 0.090625 0.06875
0 0.7078125 0.275 0.11875 0.10625
0 0.2359375 0.3015625 0.08125 0.10625
0 0.590625 0.4796875 0.05625 0.078125
0 0.7484375 0.5625 0.046875 0.109375
