0 0.2234375 0.153125 0.103125 0.10625
0 0.30625 0.021875 0.075 0.04375
0 0.38125 0.0875 0.08125 0.0875
0 0.4 0.16875 0.08125 0.071875
0 0.58125 0.0875 0.08125 0.08125
0 0.4203125 0.303125 0.05625 0.053125
0 0.378125 0.35 0.053125 0.05
0 0.4296875 0.353125 0.046875 0.05
0 0.4015625 0.7921875 0.0875 0.0875
0 0.503125 0.7796875 0.06875 0.05
0 0.640625 0.66875 0.05625 0.06875
0 0.5640625 0.903125 0.028125 0.028125
0 0.8796875 0.7140625 0.090625 0.096875
0 0.99140625 0.846875 0.0171875 0.021875
0 0.3875 0.025 0.065625 0.034375
0 0.928125 0.071875 0.05 0.04375
0 0.9390625 0.1140625 0.0125 0.034375
0 0.9625 0.1078125 0.034375 0.04375
0 0.971875 0.6109375 0.05625 0.046875
