0 0.75 0.9875 0.09375 0.025
0 0.665625 0.984375 0.0625 0.03125
0 0.5171875 0.825 0.125 0.103125
0 0.4015625 0.8265625 0.103125 0.109375
0 0.025 0.7140625 0.05 0.096875
0 0.1359375 0.846875 0.05625 0.021875
0 0.603125 0.390625 0.121875 0.103125
0 0.7203125 0.4109375 0.125 0.128125
0 0.828125 0.4859375 0.065625 0.075
0 0.053125 0.071875 0.05 0.04375
0 0.0640625 0.1140625 0.0125 0.034375
0 0.0875 0.1078125 0.034375 0.04375
0 0.2203125 0.3390625 0.084375 0.08125
0 0.0984375 0.6109375 0.059375 0.046875
0 0.3421875 0.7609375 0.040625 0.04375
0 0.8921875 0.5859375 0.03125 0.078125
0 0.9640625 0.5625 0.034375 0.034375
0 0.3234375 0.00390625 0.140625 0.0078125
0 0.471875 0.0015625 0.06875 0.003125
0 0.990625 0.090625 0.015625 0.046875
