0 0.053125 0.821875 0.05 0.04375
0 0.0640625 0.8640625 0.0125 0.034375
0 0.0875 0.8578125 0.034375 0.04375
0 0.9484375 0.55 0.071875 0.053125
0 0.94375 0.1625 0.078125 0.08125
0 0.3234375 0.6875 0.140625 0.140625
0 0.4296875 0.4203125 0.09375 0.090625
0 0.4984375 0.4296875 0.05 0.090625
0 0.7859375 0.54375 0.04375 0.059375
0 0.68125 0.4859375 0.053125 0.046875
0 0.7546875 0.365625 0.03125 0.0375
0 0.665625 0.5859375 0.028125 0.034375
0 0.5078125 0.646875 0.08125 0.08125
0 0.471875 0.721875 0.06875 0.0625
0 0.9890625 0.1140625 0.01875 0.078125
0 0.9671875 0.45625 0.0625 0.04375
0 0.978125 0.6234375 0.040625 0.03125
0 0.990625 0.840625 0.015625 0.046875
0 0.6921875 0.6203125 0.040625 0.0375
0 0.81875 0.634375 0.034375 0.021875
0 0.575 0.703125 0.01875 0.01875
0 0.625 0.6640625 0.034375 0.028125
0 0.065625 0.5484375 0.01875 0.021875
0 0.0671875 0.7109375 0.034375 0.0125
0 0.109375 0.709375 0.0375 0.0375
