0 0.59375 0.6515625 0.078125 0.090625
0 0.6640625 0.6390625 0.090625 0.103125
0 0.5734375 0.60625 0.065625 0.08125
0 0.2234375 0.903125 0.103125 0.10625
0 0.30625 0.75625 0.075 0.075
0 0.38125 0.8375 0.08125 0.0875
0 0.4 0.91875 0.08125 0.071875
0 0.58125 0.8375 0.08125 0.08125
0 0.3875 0.775 0.065625 0.034375
0 0.928125 0.821875 0.05 0.04375
0 0.9390625 0.8640625 0.0125 0.034375
0 0.9625 0.8578125 0.034375 0.04375
0 0.940625 0.5484375 0.01875 0.021875
0 0.9421875 0.7109375 0.034375 0.0125
0 0.9828125 0.709375 0.034375 0.0375
