0 0.2140625 0.6625 0.0875 0.1
0 0.353125 0.884375 0.078125 0.0875
0 0.465625 0.8875 0.0875 0.096875
0 0.959375 0.3265625 0.078125 0.075
0 0.93125 0.2734375 0.053125 0.03125
0 0.75 0.26875 0.09375 0.0875
0 0.665625 0.2515625 0.0625 0.065625
0 0.5171875 0.075 0.125 0.103125
0 0.4015625 0.0765625 0.103125 0.109375
0 0.01875 0.3296875 0.0375 0.059375
0 0.0953125 0.353125 0.071875 0.071875
0 0.025 0.00625 0.05 0.0125
0 0.1359375 0.096875 0.05625 0.021875
0 0.3046875 0.309375 0.0625 0.065625
0 0.3421875 0.01640625 0.040625 0.0328125
0 0.390625 0.615625 0.03125 0.03125
