0 0.7015625 0.0609375 0.05 0.05
0 0.0375 0.0515625 0.05 0.046875
0 0.496875 0.14375 0.046875 0.04375
0 0.05625 0.2578125 0.028125 0.03125
0 0.65 0.1515625 0.03125 0.034375
0 0.1703125 0.159375 0.040625 0.0375
0 0.6484375 0.00546875 0.034375 0.0109375
0 0.43125 0.2921875 0.03125 0.025
0 0.3953125 0.1171875 0.034375 0.034375
0 0.45625 0.33125 0.03125 0.028125
0 0.29375 0.14375 0.03125 0.025
0 0.1171875 0.3 0.028125 0.028125
0 0.1484375 0.2859375 0.03125 0.01875
0 0.16875 0.275 0.021875 0.01875
0 0.175 0.2515625 0.015625 0.0125
0 0.1921875 0.259375 0.01875 0.028125
0 0.09843749999999998 0.2578125 0.028125 0.025
0 0.0859375 0.23125 0.028125 0.028125
0 0.1328125 0.2609375 0.021875 0.025
0 0.1171875 0.2296875 0.034375 0.025
0 0.08125 0.1796875 0.028125 0.028125
0 0.4046875 0.0171875 0.025 0.03125
0 0.490625 0.321875 0.028125 0.01875
0 0.2046875 0.14375 0.034375 0.034375
