0 0.378125 0.98203125 0.04375 0.0359375
0 0.334375 0.946875 0.034375 0.0375
0 0.3515625 0.903125 0.040625 0.04375
0 0.5953125000000001 0.66875 0.040625 0.0375
0 0.0625 0.24375 0.0375 0.0375
0 0.2171875 0.978125 0.0375 0.040625
0 0.8984375 0.5765625 0.015625 0.028125
0 0.91875 0.58125 0.034375 0.03125
0 0.0171875 0.2421875 0.03125 0.025
0 0.759375 0.75 0.028125 0.03125
0 0.00625 0.4140625 0.0125 0.025
0 0.10625 0.3390625 0.021875 0.025
0 0.890625 0.7671875000000001 0.025 0.040625
0 0.6875 0.5890625 0.034375 0.028125
0 0.01015625 0.9546875 0.0203125 0.03125
0 0.70625 0.565625 0.028125 0.025
0 0.95 0.5796875 0.021875 0.021875
0 0.1796875 0.49375 0.0375 0.03125
0 0.971875 0.434375 0.015625 0.015625
0 0.946875 0.39531250000000007 0.015625 0.0125
0 0.859375 0.690625 0.025 0.021875
0 0.559375 0.99765625 0.0375 0.0046875
0 0.2484375 0.9765625 0.01875 0.025
0 0.025 0.409375 0.025 0.025
0 0.1375 0.3609375 0.025 0.015625
0 0.134375 0.3390625 0.021875 0.021875
0 0.1484375 0.4484375 0.01875 0.0125
0 0.54375 0.603125 0.01875 0.01875
