0 0.2375 0.0625 0.0375 0.0375
0 0.4984375 0.64375 0.05625 0.046875
0 0.2390625 0.8734375 0.046875 0.046875
0 0.053125 0.346875 0.053125 0.040625
0 0.2625 0.7359375 0.046875 0.04375
0 0.178125 0.8921875 0.04375 0.0375
0 0.4578125 0.721875 0.046875 0.053125
0 0.3328125 0.1921875 0.046875 0.05625
0 0.5515625 0.659375 0.053125 0.05
0 0.415625 0.7265625 0.04375 0.046875
0 0.3484375 0.8078125 0.046875 0.040625
0 0.8109375 0.4609375 0.034375 0.0375
0 0.7765625 0.203125 0.0375 0.0375
0 0.1359375 0.871875 0.040625 0.040625
0 0.828125 0.309375 0.034375 0.0375
0 0.36406250000000007 0.1421875 0.059375 0.05625
0 0.715625 0.5531249999999999 0.034375 0.0375
0 0.5921875 0.634375 0.059375 0.059375
0 0.253125 0.9625 0.0375 0.028125
0 0.8453125 0.48125 0.01875 0.01875
0 0.925 0.4734375 0.025 0.028125
0 0.9078125 0.3140625 0.015625 0.015625
0 0.5234375 0.0671875 0.03125 0.021875
0 0.9921875 0.50625 0.0125 0.01875
0 0.99375 0.4796875 0.009375 0.025
0 0.5984375 0.2140625 0.021875 0.025
0 0.3171875 0.74375 0.021875 0.03125
0 0.475 0.478125 0.021875 0.025
0 0.978125 0.321875 0.021875 0.021875
