0 0.98671875 0.1421875 0.0265625 0.065625
0 0.8421875 0.3453125 0.059375 0.053125
0 0.2640625 0.4140625 0.05 0.05
0 0.6 0.4390625 0.05 0.046875
0 0.371875 0.8171875 0.046875 0.040625
0 0.38593749999999993 0.6265625 0.05 0.053125
0 0.4546875 0.6765625 0.05 0.046875
0 0.8984375 0.3625 0.05 0.046875
0 0.7296875 0.16562499999999997 0.05 0.05625
0 0.5765625 0.5109375 0.040625 0.04375
0 0.85 0.4484375 0.05 0.053125
0 0.8 0.1890625 0.04375 0.04375
0 0.9734375 0.7375 0.034375 0.046875
0 0.265625 0.8 0.0375 0.0375
0 0.15 0.5859375 0.034375 0.0375
0 0.725 0.7359375 0.040625 0.046875
0 0.4484375 0.3671875 0.046875 0.03125
0 0.528125 0.33125 0.0375 0.046875
0 0.51875 0.778125 0.0375 0.040625
0 0.334375 0.2046875 0.025 0.025
0 0.890625 0.4296875 0.046875 0.0375
0 0.559375 0.915625 0.03125 0.01875
0 0.1234375 0.290625 0.03125 0.025
0 0.14375 0.2703125 0.021875 0.01875
