0 0.73125 0.259375 0.059375 0.05625
0 0.734375 0.734375 0.075 0.075
0 0.775 0.3140625 0.04375 0.053125
0 0.5140625 0.99140625 0.046875 0.0171875
0 0.16875 0.5984375 0.04375 0.0375
0 0.0421875 0.0546875 0.05625 0.05625
0 0.0828125 0.1234375 0.05 0.05
0 0.615625 0.403125 0.040625 0.040625
0 0.0890625 0.6390625 0.046875 0.046875
0 0.109375 0.071875 0.0375 0.04375
0 0.9296875 0.640625 0.04375 0.046875
0 0.0328125 0.7578125 0.040625 0.04375
0 0.496875 0.265625 0.040625 0.05
0 0.153125 0.334375 0.0375 0.04375
0 0.1296875 0.1296875 0.034375 0.040625
0 0.36875 0.2921875 0.059375 0.06875
0 0.946875 0.3765625 0.04375 0.04375
0 0.1921875 0.3515625 0.0375 0.034375
0 0.2390625 0.9296875 0.053125 0.05
0 0.0203125 0.515625 0.0375 0.0375
0 0.3359375 0.9703125 0.0375 0.04375
0 0.134375 0.2640625 0.046875 0.04375
0 0.321875 0.2765625 0.046875 0.053125
0 0.5015625 0.35 0.034375 0.034375
0 0.09062499999999998 0.53125 0.034375 0.040625
0 0.0859375 0.2828125 0.028125 0.040625
0 0.6484375 0.4140625 0.03125 0.034375
0 0.0328125 0.121875 0.046875 0.05
0 0.4953125 0.409375 0.03125 0.05
