0 0.834375 0.8671875 0.046875 0.04375
0 0.70625 0.484375 0.0375 0.040625
0 0.6640625 0.496875 0.040625 0.040625
0 0.3359375 0.8 0.034375 0.03125
0 0.609375 0.4375 0.03125 0.0375
0 0.546875 0.7625 0.03125 0.0375
0 0.825 0.696875 0.04375 0.034375
0 0.2921875 0.6515625 0.015625 0.0125
0 0.3578125 0.634375 0.0375 0.03125
0 0.709375 0.584375 0.025 0.034375
0 0.7406249999999999 0.5718750000000001 0.0375 0.040625
0 0.6609375 0.653125 0.028125 0.028125
0 0.6828125 0.6765625 0.01875 0.025
0 0.684375 0.6375 0.028125 0.03125
0 0.7671875 0.5953125 0.0375 0.0375
0 0.4734375 0.390625 0.03125 0.03125
0 0.45625 0.215625 0.03125 0.028125
0 0.98828125 0.7421875 0.0234375 0.034375
0 0.371875 0.409375 0.03125 0.040625
0 0.753125 0.771875 0.028125 0.03125
0 0.4921875 0.88125 0.028125 0.028125
0 0.6796875 0.9984375 0.03125 0.003125
0 0.746875 0.4734375 0.04375 0.046875
0 0.28125 0.6140625 0.025 0.021875
0 0.2921875 0.5703125 0.03125 0.034375
0 0.946875 0.9546875 0.028125 0.0375
0 0.259375 0.5828125 0.028125 0.03125
0 0.6515625 0.83125 0.025 0.028125
0 0.6609375 0.5796875 0.034375 0.03125
0 0.2265625 0.7140625 0.03125 0.025
0 0.478125 0.69375 0.01875 0.015625
0 0.515625 0.6890625 0.034375 0.03125
0 0.6421875 0.728125 0.028125 0.034375
0 0.3609375 0.2359375 0.021875 0.01875
0 0.45 0.6109375 0.0375 0.03125
0 0.346875 0.725 0.028125 0.03125
0 0.44375 0.4609375 0.0375 0.0375
0 0.584375 0.678125 0.025 0.028125
0 0.265625 0.5171875000000001 0.034375 0.025
0 0.415625 0.303125 0.03125 0.034375
0 0.9015625 0.9796875 0.040625 0.034375
0 0.0109375 0.4296875 0.009375 0.01875
0 0.03125 0.4203125 0.025 0.0125
0 0.090625 0.415625 0.025 0.01875
0 0.9875 0.590625 0.025 0.046875
0 0.4765625 0.309375 0.04375 0.040625
0 0.109375 0.421875 0.021875 0.015625
0 0.0859375 0.3765625 0.025 0.015625
0 0.121875 0.5671875 0.015625 0.0125
0 0.16562499999999997 0.5562500000000001 0.009375 0.009375
0 0.4375 0.5796875 0.025 0.021875
0 0.26875 0.6828125 0.015625 0.015625
0 0.4703125 0.7859375 0.028125 0.028125
0 0.7015625 0.646875 0.028125 0.025
0 0.065625 0.3046875 0.01875 0.015625
0 0.0875 0.2984375 0.025 0.015625
0 0.1 0.2953125 0.0125 0.01875
0 0.0171875 0.2484375 0.01875 0.015625
0 0.025 0.2328125 0.021875 0.015625
0 0.2125 0.359375 0.01875 0.0125
0 0.2453125 0.2453125 0.01875 0.0125
0 0.7359375 0.6609375 0.021875 0.028125
0 0.7671875000000001 0.6624999999999999 0.025 0.021875
0 0.4859375 0.6703125 0.0125 0.015625
0 0.5265625 0.6671875 0.0125 0.021875
0 0.628125 0.4640625 0.03125 0.01875
0 0.4984375 0.384375 0.015625 0.03125
0 0.746875 0.8625 0.01875 0.040625
