0 0.515625 0.5421875 0.05625 0.053125
0 0.28125 0.5734375 0.04375 0.040625
0 0.3859375 0.49375 0.05625 0.053125
0 0.18125 0.628125 0.0375 0.0375
0 0.04375 0.5609375 0.05 0.05
0 0.1984375 0.3125 0.04375 0.053125
0 0.3515625 0.5359375 0.0375 0.0375
0 0.3890625 0.5578125 0.04375 0.034375
0 0.3875 0.8984375 0.040625 0.04375
0 0.15625 0.303125 0.040625 0.046875
0 0.0875 0.428125 0.05 0.05
0 0.4640625 0.4703125 0.05 0.040625
0 0.06875 0.725 0.03125 0.034375
0 0.1296875 0.6828125 0.0375 0.0375
0 0.7640625 0.996875 0.034375 0.00625
0 0.2875 0.6703125 0.04375 0.034375
0 0.4296875 0.5406250000000001 0.0375 0.040625
0 0.2578125 0.4765625 0.053125 0.05
0 0.1765625 0.99375 0.04375 0.0125
0 0.0484375 0.4328125 0.034375 0.0375
0 0.85 0.996875 0.0375 0.00625
0 0.378125 0.6671875 0.0375 0.03125
0 0.328125 0.6640625 0.03125 0.025
0 0.371875 0.6671875 0.03125 0.028125
0 0.4875 0.821875 0.0375 0.03125
0 0.1171875 0.1171875 0.034375 0.03125
0 0.08125 0.8171875 0.03125 0.034375
0 0.1109375 0.821875 0.025 0.028125
0 0.053125 0.7875 0.034375 0.025
0 0.1546875 0.7421875 0.025 0.028125
0 0.1890625 0.746875 0.028125 0.028125
0 0.1515625 0.1375 0.01875 0.015625
0 0.5734375 0.9359375 0.015625 0.034375
0 0.4171875 0.903125 0.009375 0.01875
