0 0.578125 0.046875 0.03125 0.03125
0 0.18125 0.0796875 0.075 0.065625
0 0.653125 0.128125 0.021875 0.0375
0 0.44375 0.1296875 0.046875 0.0375
0 0.3609375 0.2015625 0.040625 0.04375
0 0.1015625 0.240625 0.065625 0.05625
0 0.0296875 0.2640625 0.059375 0.075
0 0.00078125 0.275 0.0015625 0.053125
0 0.259375 0.17812500000000003 0.046875 0.053125
0 0.18124999999999997 0.5171875 0.05625 0.05625
0 0.228125 0.5375 0.040625 0.05
0 0.196875 0.5625 0.046875 0.046875
0 0.0890625 0.5796875 0.065625 0.059375
0 0.1015625 0.1 0.071875 0.071875
0 0.65625 0.1875 0.04375 0.03125
0 0.2625 0.33281250000000007 0.028125 0.028125
