0 0.5 0.8 0.04375 0.040625
0 0.4203125 0.1546875 0.046875 0.034375
0 0.4625 0.8578125 0.05 0.05625
0 0.815625 0.6140625 0.046875 0.04375
0 0.5078125 0.8921875 0.04375 0.0375
0 0.6109375 0.1890625 0.034375 0.03125
0 0.6890625 0.296875 0.03125 0.03125
0 0.903125 0.8921875 0.01875 0.01875
0 0.9109375 0.86875 0.025 0.021875
0 0.8984375 0.8546875 0.015625 0.015625
0 0.98125 0.828125 0.028125 0.025
0 0.2140625 0.5765625 0.034375 0.046875
0 0.825 0.3765625 0.034375 0.03125
0 0.0703125 0.8140625 0.046875 0.034375
0 0.9828125 0.775 0.028125 0.028125
0 0.95625 0.8234375 0.028125 0.025
0 0.946875 0.6890625 0.021875 0.021875
0 0.9765625 0.6609375 0.0125 0.009375
0 0.9671875 0.6328125 0.01875 0.015625
0 0.35 0.8203125 0.040625 0.034375
0 0.7296875 0.3375 0.03125 0.03125
0 0.75625 0.340625 0.028125 0.025
0 0.790625 0.5765624999999999 0.028125 0.021875
