0 0.1390625 0.8546875 0.05 0.05625
0 0.7109375 0.503125 0.053125 0.04375
0 0.7375 0.3203125 0.05 0.04375
0 0.225 0.203125 0.053125 0.05
0 0.453125 0.94375 0.05625 0.053125
0 0.5609375 0.671875 0.05 0.059375
0 0.559375 0.578125 0.046875 0.05
0 0.621875 0.9578125 0.046875 0.04375
0 0.921875 0.6265625 0.040625 0.04375
0 0.1109375 0.5859375 0.040625 0.046875
0 0.5796875000000001 0.440625 0.05625 0.04375
0 0.1640625 0.2375 0.05625 0.046875
0 0.1671875 0.4328125 0.053125 0.046875
0 0.153125 0.29375 0.04375 0.053125
0 0.196875 0.796875 0.04375 0.05
0 0.4125 0.3453125 0.0375 0.046875
0 0.65625 0.97890625 0.046875 0.0421875
0 0.328125 0.3140625 0.065625 0.084375
0 0.178125 0.1859375 0.05 0.040625
0 0.146875 0.6703125 0.046875 0.046875
0 0.2328125 0.4171875 0.0375 0.046875
0 0.80625 0.1921875 0.028125 0.028125
0 0.6828125 0.5875 0.034375 0.01875
0 0.3953125 0.15 0.021875 0.03125
