0 0.7515625 0.9203125 0.05 0.05
0 0.359375 0.6187500000000001 0.040625 0.040625
0 0.415625 0.1640625 0.05625 0.053125
0 0.790625 0.428125 0.046875 0.05
0 0.3671875 0.43125 0.046875 0.040625
0 0.1359375 0.8125 0.021875 0.028125
0 0.1453125 0.796875 0.025 0.025
0 0.24375 0.2515625 0.046875 0.04375
0 0.16875 0.65625 0.0375 0.04375
0 0.4453125 0.978125 0.04375 0.03125
0 0.0078125 0.2046875 0.015625 0.046875
0 0.4515625 0.409375 0.04375 0.034375
0 0.7390625 0.821875 0.034375 0.03125
0 0.121875 0.7046875 0.0375 0.0375
0 0.2671875 0.4640625 0.046875 0.05
0 0.8359375 0.80625 0.03125 0.034375
0 0.3296875 0.478125 0.034375 0.034375
0 0.4 0.5734375 0.04375 0.0375
0 0.18124999999999997 0.8015625 0.040625 0.040625
0 0.8796875 0.825 0.04375 0.0375
0 0.559375 0.88125 0.040625 0.040625
0 0.540625 0.2328125 0.04375 0.05
0 0.175 0.2375 0.04375 0.04375
0 0.60625 0.715625 0.0375 0.0375
0 0.6421875 0.725 0.028125 0.034375
0 0.7734375 0.621875 0.0375 0.03125
0 0.403125 0.3921875 0.0375 0.034375
0 0.140625 0.1734375 0.04375 0.04375
0 0.8875 0.4921875 0.046875 0.046875
0 0.6015625 0.9625 0.025 0.028125
0 0.1328125 0.959375 0.03125 0.034375
0 0.940625 0.7578125 0.034375 0.03125
0 0.6640625 0.6812500000000001 0.040625 0.025
0 0.2390625 0.978125 0.025 0.021875
0 0.24375 0.3578125 0.034375 0.040625
0 0.6796875 0.7375 0.028125 0.025
0 0.40625 0.9953125 0.0375 0.009375
0 0.7015625 0.634375 0.025 0.028125
0 0.0640625 0.6609375 0.025 0.021875
0 0.0859375 0.6390625 0.03125 0.025
0 0.778125 0.9625 0.025 0.021875
0 0.9265625 0.534375 0.025 0.025
0 0.5687499999999999 0.278125 0.021875 0.025
0 0.2921875 0.309375 0.021875 0.021875
0 0.2859375 0.265625 0.021875 0.03125
0 0.2015625 0.23125 0.03125 0.028125
0 0.0015625 0.2671875 0.003125 0.025
0 0.009375 0.4578125 0.01875 0.028125
0 0.1640625 0.503125 0.021875 0.01875
0 0.634375 0.4328125 0.03125 0.015625
0 0.6390625 0.4078125 0.028125 0.021875
