0 0.896875 0.4140625 0.053125 0.059375
0 0.9703125 0.5703125 0.034375 0.034375
0 0.428125 0.3046875 0.034375 0.0375
0 0.7328124999999999 0.58125 0.053125 0.046875
0 0.33124999999999993 0.503125 0.034375 0.0375
0 0.3265625 0.225 0.040625 0.040625
0 0.4203125 0.2265625 0.0375 0.040625
0 0.00859375 0.03125 0.0171875 0.028125
0 0.01328125 0.378125 0.0265625 0.0375
0 0.9390625 0.3015625 0.034375 0.0375
0 0.615625 0.5406250000000001 0.025 0.025
0 0.2234375 0.6390625 0.0375 0.03125
0 0.4515625 0.14375 0.015625 0.025
0 0.478125 0.140625 0.028125 0.028125
0 0.4609375 0.4078125 0.021875 0.0375
0 0.5250000000000001 0.5703125 0.025 0.025
0 0.5640625 0.5 0.0125 0.0125
0 0.575 0.4859375 0.025 0.021875
0 0.1515625 0.6421875 0.015625 0.028125
0 0.990625 0.26875 0.015625 0.0625
0 0.025 0.5375 0.034375 0.034375
0 0.3078125 0.04531249999999999 0.021875 0.025
0 0.525 0.08125 0.028125 0.034375
0 0.74375 0.4265625 0.0375 0.040625
0 0.00390625 0.540625 0.0078125 0.0375
0 0.9515625 0.3359375 0.053125 0.040625
0 0.809375 0.6046875 0.015625 0.01875
0 0.9875 0.4765625 0.025 0.078125
0 0.4203125 0.5421875 0.03125 0.025
0 0.51875 0.1203125 0.028125 0.025
0 0.0953125 0.3375 0.034375 0.034375
0 0.24375 0.0828125 0.03125 0.03125
0 0.6546875 0.3109375 0.025 0.025
0 0.8046875 0.509375 0.040625 0.040625
0 0.3046875 0.009375 0.01875 0.01875
0 0.5796875 0.1328125 0.021875 0.0125
0 0.5328125 0.140625 0.021875 0.0125
0 0.6234374999999999 0.440625 0.021875 0.025
0 0.171875 0.6453125 0.025 0.025
0 0.19375 0.6468749999999999 0.01875 0.021875
0 0.2140625 0.6875 0.021875 0.021875
0 0.2484375 0.6375 0.015625 0.01875
0 0.6171875 0.565625 0.021875 0.015625
0 0.2984375 0.1234375 0.0125 0.0125
0 0.821875 0.5953125 0.0125 0.0125
0 0.7718749999999999 0.55625 0.021875 0.015625
