0 0.215625 0.34375 0.0375 0.0375
0 0.046875 0.503125 0.040625 0.040625
0 0.8671875 0.2578125 0.025 0.01875
0 0.925 0.2109375 0.0375 0.034375
0 0.3390625 0.6109375 0.0375 0.0375
0 0.55625 0.275 0.04375 0.04375
0 0.0921875 0.653125 0.01875 0.0125
0 0.1328125 0.6375 0.025 0.025
0 0.2359375 0.6328125 0.0375 0.040625
0 0.3859375 0.6859374999999999 0.0125 0.021875
0 0.475 0.665625 0.040625 0.0375
0 0.365625 0.3890625 0.0375 0.028125
0 0.14375 0.5109375 0.040625 0.0375
0 0.353125 0.2796875 0.034375 0.021875
0 0.190625 0.68125 0.034375 0.03125
0 0.8765625 0.3640625 0.025 0.021875
0 0.9109375 0.3546875 0.034375 0.03125
0 0.571875 0.75 0.05 0.040625
0 0.296875 0.7296875 0.034375 0.0375
0 0.2421875 0.825 0.025 0.025
0 0.6484375 0.35 0.040625 0.040625
0 0.321875 0.8046875 0.021875 0.01875
0 0.3625 0.7984375 0.028125 0.021875
0 0.2265625 0.7125 0.0375 0.03125
0 0.334375 0.7859375 0.028125 0.03125
0 0.59375 0.478125 0.040625 0.04375
0 0.98671875 0.8015625 0.0265625 0.025
0 0.6453125 0.4328125 0.05 0.04375
0 0.4859375 0.7921875 0.03125 0.025
0 0.0875 0.34062500000000007 0.028125 0.028125
0 0.2578125 0.703125 0.025 0.021875
0 0.4796875 0.8421875 0.034375 0.03125
0 0.3828125 0.35625000000000007 0.0375 0.028125
0 0.5859375 0.98984375 0.025 0.0203125
0 0.8453125 0.4609375 0.0375 0.028125
0 0.0375 0.609375 0.0125 0.0125
0 0.05625 0.6109375 0.01875 0.015625
0 0.3453125 0.259375 0.028125 0.025
0 0.715625 0.1296875 0.01875 0.025
0 0.7328125 0.1265625 0.025 0.03125
0 0.3625 0.7484375 0.03125 0.01875
0 0.509375 0.853125 0.01875 0.0125
