0 0.978125 0.7140625 0.040625 0.04375
0 0.5625 0.7953125 0.046875 0.040625
0 0.840625 0.5953125000000001 0.0375 0.040625
0 0.8390625 0.3421875 0.034375 0.040625
0 0.328125 0.4421875 0.040625 0.0375
0 0.1453125 0.31875 0.0375 0.034375
0 0.5046875 0.034375 0.040625 0.034375
0 0.7984375000000001 0.7328125 0.040625 0.04375
0 0.884375 0.35 0.0375 0.0375
0 0.91875 0.2828125 0.04375 0.046875
0 0.890625 0.7578125 0.04375 0.040625
0 0.965625 0.4921875 0.040625 0.040625
0 0.3015625 0.6984375 0.040625 0.040625
0 0.9046875 0.5890625 0.040625 0.034375
0 0.8359375 0.715625 0.040625 0.0375
0 0.275 0.4796875 0.0375 0.040625
0 0.765625 0.01015625 0.059375 0.0203125
0 0.26875 0.7890625 0.03125 0.0375
0 0.746875 0.8546875 0.0375 0.0375
0 0.5046875 0.109375 0.0375 0.0375
0 0.5515625 0.0734375 0.0375 0.040625
0 0.2609375 0.3875 0.053125 0.0375
0 0.9875 0.2015625 0.025 0.03125
0 0.7359375 0.8140625 0.04375 0.04375
0 0.434375 0.41875 0.034375 0.034375
0 0.6375 0.5234375 0.0375 0.03125
0 0.36875 0.6609375 0.034375 0.03125
0 0.5250000000000001 0.840625 0.025 0.021875
0 0.484375 0.746875 0.053125 0.04375
0 0.440625 0.1453125 0.0375 0.040625
0 0.8671875 0.678125 0.03125 0.034375
0 0.7359375 0.815625 0.04375 0.040625
0 0.240625 0.175 0.03125 0.028125
0 0.27812500000000007 0.153125 0.028125 0.03125
0 0.2296875 0.6359375 0.03125 0.03125
0 0.6171875 0.2375 0.03125 0.0375
0 0.6203125 0.0515625 0.0375 0.03125
0 0.8328125 0.115625 0.046875 0.028125
0 0.9328125 0.903125 0.046875 0.04375
0 0.9578125 0.0640625 0.03125 0.0375
0 0.7625 0.05625 0.040625 0.040625
0 0.4234375 0.684375 0.040625 0.0375
0 0.0125 0.359375 0.021875 0.021875
0 0.9625 0.1375 0.03125 0.03125
0 0.5328125 0.253125 0.03125 0.028125
0 0.3015625 0.13906250000000003 0.021875 0.021875
0 0.0359375 0.4765625 0.01875 0.015625
0 0.046875 0.61875 0.015625 0.0125
0 0.0734375 0.578125 0.0125 0.0125
0 0.4671875 0.396875 0.01875 0.025
0 0.45625 0.5078125 0.028125 0.03125
0 0.3984375 0.471875 0.025 0.021875
0 0.653125 0.2484375 0.034375 0.0375
0 0.9296875 0.5796875 0.028125 0.028125
0 0.6796875 0.5234375 0.028125 0.021875
