0 0.3203125 0.14375 0.034375 0.028125
0 0.2015625 0.1765625 0.034375 0.034375
0 0.3375 0.1015625 0.034375 0.03125
0 0.3625 0.178125 0.0375 0.034375
0 0.4578125 0.2234375 0.03125 0.0375
0 0.003125 0.1515625 0.00625 0.03125
0 0.1953125 0.21875 0.0375 0.034375
0 0.4875 0.228125 0.03125 0.034375
0 0.23125 0.1671875 0.01875 0.028125
0 0.5265625 0.2 0.021875 0.021875
0 0.0546875 0.396875 0.034375 0.021875
0 0.5578125 0.1984375 0.025 0.01875
0 0.5546875 0.1765625 0.015625 0.015625
0 0.5671875 0.1328125 0.015625 0.01875
