0 0.7546875 0.8546875 0.034375 0.028125
0 0.9578125 0.428125 0.040625 0.034375
0 0.3578125 0.3421875 0.025 0.01875
0 0.36875 0.3140625 0.028125 0.021875
0 0.5453125 0.8625 0.034375 0.03125
0 0.621875 0.5265625 0.0375 0.0375
0 0.4078125 0.5390625 0.034375 0.034375
0 0.9109375 0.4484375 0.040625 0.034375
0 0.771875 0.71875 0.025 0.025
0 0.79375 0.6984375 0.03125 0.034375
0 0.5625 0.36875 0.034375 0.028125
0 0.5359375 0.659375 0.034375 0.03125
0 0.6796875 0.7390625 0.028125 0.03125
0 0.490625 0.3875 0.025 0.025
0 0.578125 0.6187500000000001 0.034375 0.025
0 0.925 0.7734375 0.03125 0.028125
0 0.446875 0.6703124999999999 0.03125 0.021875
0 0.415625 0.6765625 0.028125 0.028125
0 0.4 0.4609375 0.03125 0.0375
0 0.6953125 0.8265625 0.028125 0.025
0 0.6890625 0.50625 0.028125 0.025
0 0.7046875 0.484375 0.028125 0.025
0 0.45625 0.5015625 0.040625 0.034375
0 0.890625 0.7390625 0.0375 0.03125
0 0.99765625 0.5265625 0.0046875 0.03125
0 0.1421875 0.58125 0.015625 0.0125
0 0.1640625 0.5890625 0.0125 0.009375
0 0.171875 0.5796875 0.015625 0.015625
0 0.584375 0.8671875 0.03125 0.028125
0 0.6578125 0.6625 0.03125 0.03125
0 0.9796875 0.5046875 0.028125 0.03125
0 0.540625 0.4703125 0.034375 0.034375
0 0.953125 0.1703125 0.025 0.01875
0 0.4828125 0.8140625 0.03125 0.03125
0 0.8078125 0.209375 0.0125 0.0125
0 0.253125 0.4765625 0.01875 0.015625
0 0.734375 0.4765625 0.025 0.025
0 0.9421875 0.5171875 0.028125 0.028125
0 0.9734375 0.5609375 0.034375 0.028125
0 0.975 0.2828125 0.015625 0.009375
0 0.14375 0.21875 0.015625 0.0125
0 0.190625 0.27031250000000007 0.009375 0.0125
0 0.203125 0.41875 0.009375 0.009375
0 0.1875 0.5734375 0.015625 0.015625
0 0.18125 0.634375 0.0125 0.0125
0 0.2046875 0.6140625 0.015625 0.015625
0 0.1296875 0.5296875 0.0125 0.0125
0 0.153125 0.528125 0.015625 0.009375
0 0.115625 0.2546875 0.015625 0.0125
0 0.5015625 0.5859375 0.028125 0.01875
0 0.51875 0.5546875 0.028125 0.025
0 0.7640624999999999 0.4703125 0.021875 0.025
0 0.703125 0.728125 0.015625 0.015625
0 0.8203125 0.6734375 0.0125 0.00625
0 0.8453125 0.6703125 0.0125 0.009375
0 0.5125 0.7765625 0.021875 0.01875
0 0.4953125 0.7546875 0.01875 0.01875
0 0.709375 0.8546875 0.028125 0.028125
0 0.7875 0.46875 0.01875 0.015625
0 0.5015625 0.409375 0.0125 0.015625
