0 0.15 0.7484374999999999 0.046875 0.053125
0 0.6500000000000001 0.903125 0.040625 0.04375
0 0.334375 0.878125 0.025 0.025
0 0.409375 0.8421875 0.040625 0.04375
0 0.3203125 0.2515625 0.046875 0.04375
0 0.0796875 0.853125 0.04375 0.046875
0 0.0125 0.2921875 0.025 0.04375
0 0.1125 0.915625 0.034375 0.0375
0 0.471875 0.99453125 0.015625 0.0109375
0 0.465625 0.9578125 0.028125 0.0375
0 0.5171875 0.9421875 0.034375 0.03125
0 0.4421875 0.965625 0.01875 0.034375
0 0.6953125 0.99609375 0.040625 0.0078125
0 0.078125 0.415625 0.040625 0.040625
0 0.796875 0.8890625 0.034375 0.0375
0 0.6468749999999999 0.4515625 0.0375 0.04375
0 0.7640625 0.984375 0.046875 0.03125
0 0.65 0.2734375 0.0375 0.034375
0 0.3609375 0.7875 0.028125 0.034375
0 0.7671875000000001 0.46875 0.040625 0.04375
0 0.1109375 0.8515625 0.025 0.0375
0 0.028125 0.7328125 0.03125 0.040625
0 0.7437500000000001 0.8296875 0.040625 0.0375
0 0.9171875 0.4234375 0.040625 0.028125
0 0.7390625 0.9828125 0.028125 0.03125
0 0.31875 0.7546875 0.034375 0.0375
0 0.90625 0.2578125 0.0375 0.040625
0 0.5453125 0.025 0.025 0.021875
0 0.5296874999999999 0.00546875 0.021875 0.0109375
0 0.5640625000000001 0.01171875 0.025 0.0234375
0 0.034375 0.6265625 0.028125 0.021875
0 0.2171875 0.246875 0.034375 0.025
0 0.009375 0.3796875 0.01875 0.01875
0 0.9203125 0.4796875 0.028125 0.01875
0 0.896875 0.8 0.03125 0.025
0 0.16875 0.8984375 0.021875 0.028125
0 0.6937499999999999 0.3390625 0.021875 0.028125
0 0.984375 0.5671875 0.025 0.021875
