0 0.684375 0.7578125 0.0625 0.05625
0 0.6015625 0.86875 0.05625 0.053125
0 0.3984375 0.9921875 0.04375 0.015625
0 0.440625 0.7375 0.053125 0.053125
0 0.2734375 0.921875 0.040625 0.04375
0 0.546875 0.865625 0.0375 0.034375
0 0.046875 0.934375 0.03125 0.04375
0 0.33124999999999993 0.9234375 0.034375 0.025
0 0.765625 0.9 0.03125 0.025
0 0.2015625 0.990625 0.03125 0.01875
0 0.4234375 0.865625 0.046875 0.040625
0 0.053125 0.99765625 0.03125 0.0046875
0 0.071875 0.9328125 0.028125 0.03125
0 0.1640625 0.953125 0.03125 0.03125
0 0.9515625 0.88125 0.028125 0.025
