0 0.89375 0.725 0.046875 0.046875
0 0.6546874999999999 0.16562499999999997 0.053125 0.05625
0 0.99453125 0.865625 0.0109375 0.040625
0 0.471875 0.4796875 0.040625 0.040625
0 0.4140625 0.675 0.025 0.03125
0 0.465625 0.6484375 0.028125 0.028125
0 0.35 0.684375 0.05 0.053125
0 0.73125 0.81875 0.0375 0.0375
0 0.8015625 0.425 0.04375 0.040625
0 0.3796875 0.709375 0.05 0.04375
0 0.8453125 0.43125 0.046875 0.05
0 0.478125 0.35468749999999993 0.04375 0.034375
0 0.5609374999999999 0.1 0.0375 0.04375
0 0.16875 0.18124999999999997 0.03125 0.025
0 0.4109375 0.2890625 0.03125 0.025
0 0.440625 0.3671875 0.03125 0.034375
0 0.4875 0.2765625 0.0375 0.03125
0 0.059375 0.175 0.034375 0.028125
0 0.8015625 0.7125 0.028125 0.034375
0 0.9640625 0.965625 0.028125 0.028125
0 0.64375 0.378125 0.05 0.040625
0 0.20625 0.6828125 0.025 0.03125
0 0.996875 0.73125 0.00625 0.040625
0 0.7265625 0.60625 0.03125 0.028125
0 0.2703125 0.3375 0.034375 0.034375
0 0.4890625 0.5046875 0.025 0.04375
0 0.48125 0.2203125 0.028125 0.025
0 0.5 0.646875 0.025 0.034375
0 0.5046875 0.2859375 0.03125 0.015625
0 0.5296874999999999 0.2421875 0.0375 0.021875
0 0.3140625 0.2796875 0.0375 0.01875
0 0.85625 0.225 0.028125 0.025
0 0.2296875 0.421875 0.01875 0.01875
0 0.9890625 0.6578125 0.021875 0.021875
0 0.3921875 0.1890625 0.01875 0.015625
0 0.475 0.178125 0.009375 0.01875
