0 0.28125 0.9484375 0.08125 0.084375
0 0.2265625 0.8375 0.08125 0.0875
0 0.1171875 0.815625 0.090625 0.1125
0 0.0515625 0.890625 0.06875 0.078125
0 0.109375 0.4875 0.084375 0.065625
0 0.4890625 0.8234375 0.0875 0.04375
0 0.678125 0.9546875 0.09375 0.090625
0 0.5671875 0.9890625 0.06875 0.021875
0 0.7203125 0.99140625 0.075 0.0171875
0 0.76875 0.63125 0.078125 0.078125
0 0.784375 0.3984375 0.0875 0.084375
0 0.8796875 0.253125 0.10625 0.09375
0 0.7984375 0.2125 0.1 0.090625
0 0.99765625 0.03984375 0.0046875 0.0796875
