0 0.009375 0.02421875 0.01875 0.0484375
0 0.13125 0.040625 0.021875 0.025
0 0.23125 0.01953125 0.046875 0.0390625
0 0.81875 0.184375 0.05625 0.05
0 0.328125 0.3640625 0.05 0.05625
0 0.640625 0.125 0.0375 0.04375
0 0.7562499999999999 0.3203125 0.0375 0.034375
0 0.7234375 0.01171875 0.034375 0.0234375
0 0.8453125 0.2203125 0.025 0.03125
0 0.9578125 0.203125 0.040625 0.0375
0 0.6015625 0.1609375 0.028125 0.03125
0 0.9890625 0.1484375 0.021875 0.0375
0 0.390625 0.2359375 0.040625 0.046875
0 0.5125 0.1140625 0.03125 0.028125
0 0.9140625 0.175 0.040625 0.034375
0 0.5374999999999999 0.0640625 0.021875 0.025
0 0.571875 0.0546875 0.034375 0.040625
0 0.465625 0.0046875 0.021875 0.009375
