0 0.478125 0.990625 0.046875 0.01875
0 0.4890625 0.7984375 0.034375 0.034375
0 0.534375 0.9609375 0.040625 0.040625
0 0.7015625 0.853125 0.03125 0.0375
0 0.878125 0.9921875 0.03125 0.015625
0 0.665625 0.8953125 0.034375 0.028125
0 0.5671875 0.959375 0.025 0.03125
0 0.6171875 0.95 0.040625 0.040625
0 0.6453125 0.8375 0.03125 0.028125
0 0.19375 0.9890625 0.028125 0.021875
0 0.9296875 0.95 0.034375 0.040625
0 0.1515625 0.959375 0.021875 0.021875
0 0.3234375 0.953125 0.025 0.01875
0 0.6921875 0.953125 0.01875 0.0125
