0 0.2140625 0.16875 0.03125 0.03125
0 0.3921875 0.13125 0.034375 0.040625
0 0.4234375 0.134375 0.021875 0.028125
0 0.8140625 0.028125 0.04375 0.0375
0 0.6796875 0.0390625 0.028125 0.025
0 0.7625 0.00859375 0.04375 0.0171875
0 0.45625 0.16875 0.03125 0.03125
0 0.8609375 0.0734375 0.03125 0.03125
0 0.89375 0.0671875 0.034375 0.03125
0 0.9171875 0.1015625 0.025 0.028125
0 0.484375 0.16875 0.028125 0.03125
0 0.2828125 0.1171875 0.034375 0.028125
0 0.4515625 0.2375 0.03125 0.025
0 0.890625 0.109375 0.028125 0.021875
0 0.125 0.0109375 0.021875 0.0125
0 0.440625 0.128125 0.025 0.028125
0 0.659375 0.0203125 0.01875 0.015625
0 0.71875 0.01875 0.028125 0.028125
