0 0.7578125 0.91875 0.034375 0.03125
0 0.9265625 0.81875 0.0375 0.034375
0 0.728125 0.5406250000000001 0.05 0.05625
0 0.79375 0.9328125 0.034375 0.028125
0 0.4265625 0.3921875 0.034375 0.046875
0 0.4859375 0.5203125 0.034375 0.0375
0 0.259375 0.240625 0.025 0.034375
0 0.746875 0.7625 0.034375 0.028125
0 0.41875 0.6609375 0.025 0.03125
0 0.45 0.5265625 0.034375 0.03125
0 0.3796875 0.6765625 0.03125 0.028125
0 0.3625 0.55625 0.028125 0.028125
0 0.4421875 0.7328125 0.03125 0.028125
0 0.68125 0.8328125 0.03125 0.025
0 0.33125 0.5546875 0.03125 0.028125
0 0.7984375000000001 0.7359375 0.025 0.021875
0 0.725 0.684375 0.04375 0.0375
0 0.4140625 0.5390625 0.028125 0.03125
0 0.7546875 0.80625 0.028125 0.028125
0 0.959375 0.6359375 0.03125 0.021875
0 0.5953125 0.55 0.0125 0.01875
0 0.6109375 0.5328125000000001 0.028125 0.025
0 0.6640625 0.85 0.028125 0.028125
0 0.721875 0.728125 0.0375 0.0375
0 0.928125 0.571875 0.025 0.034375
0 0.484375 0.5890625 0.03125 0.025
0 0.9640625 0.4203125 0.025 0.028125
0 0.7171875 0.8453125 0.028125 0.025
0 0.88125 0.640625 0.025 0.021875
0 0.0234375 0.5078125 0.021875 0.021875
0 0.028125 0.48125 0.021875 0.021875
0 0.2828125 0.5859375 0.028125 0.021875
0 0.40625 0.625 0.028125 0.028125
0 0.8203125 0.70625 0.015625 0.03125
0 0.78125 0.846875 0.021875 0.025
0 0.8765625 0.8578125 0.021875 0.025
0 0.8078125 0.8671875 0.03125 0.01875
0 0.659375 0.4390625 0.03125 0.025
0 0.18906249999999997 0.58125 0.025 0.01875
0 0.1328125 0.578125 0.01875 0.00625
0 0.49375 0.05 0.01875 0.0125
0 0.9796875 0.5125 0.015625 0.01875
0 0.984375 0.271875 0.01875 0.034375
0 0.8828125 0.05625 0.021875 0.015625
0 0.10625 0.3828125 0.021875 0.015625
0 0.5515625 0.5390625 0.025 0.025
0 0.478125 0.6624999999999999 0.028125 0.021875
0 0.465625 0.71875 0.025 0.01875
0 0.60625 0.6859375 0.025 0.028125
0 0.621875 0.865625 0.021875 0.01875
0 0.5390625 0.8046875 0.0125 0.015625
0 0.9296875 0.6640625 0.025 0.025
0 0.98125 0.64375 0.01875 0.0125
0 0.8390625 0.70625 0.0125 0.021875
0 0.9921875 0.79375 0.015625 0.01875
0 0.98984375 0.43125 0.0203125 0.015625
0 0.5671875 0.228125 0.015625 0.01875
0 0.6375 0.159375 0.025 0.0125
