0 0.9109375 0.9890625 0.040625 0.021875
0 0.671875 0.7406249999999999 0.0375 0.0375
0 0.7328124999999999 0.659375 0.0375 0.034375
0 0.7125 0.8359375 0.01875 0.01875
0 0.7765625 0.8046875 0.040625 0.0375
0 0.6515625 0.959375 0.05 0.0375
0 0.5546875 0.884375 0.03125 0.01875
0 0.56875 0.840625 0.040625 0.0375
0 0.115625 0.7828125 0.034375 0.03125
0 0.234375 0.85 0.03125 0.03125
0 0.084375 0.865625 0.028125 0.034375
0 0.953125 0.7375 0.034375 0.034375
0 0.528125 0.7890625 0.0375 0.0375
0 0.4578125 0.8578125 0.04375 0.03125
0 0.95 0.8828125 0.046875 0.04375
0 0.7015625 0.94375 0.025 0.03125
0 0.7421875 0.9484375 0.03125 0.034375
0 0.1984375 0.99140625 0.03125 0.0171875
0 0.14375 0.7828125 0.03125 0.034375
0 0.7640625 0.6421875000000001 0.034375 0.040625
0 0.7859375 0.7640625 0.034375 0.03125
0 0.3390625 0.8625 0.025 0.03125
0 0.3578125 0.8359375 0.034375 0.025
0 0.8390625 0.6328125 0.028125 0.01875
0 0.0453125 0.690625 0.021875 0.01875
0 0.925 0.9171875 0.03125 0.028125
0 0.1453125 0.9328125 0.025 0.034375
0 0.1765625 0.946875 0.03125 0.025
0 0.1859375 0.6359375 0.0125 0.01875
0 0.2703125 0.8609375 0.03125 0.01875
0 0.371875 0.90625 0.0375 0.034375
0 0.39531250000000007 0.865625 0.028125 0.028125
0 0.2796875 0.734375 0.046875 0.034375
0 0.3609375 0.7359375 0.021875 0.03125
0 0.409375 0.7234375 0.0375 0.028125
0 0.4484375 0.6734375 0.025 0.034375
0 0.2484375 0.91875 0.040625 0.028125
0 0.8125 0.9109375 0.021875 0.025
0 0.7640625 0.971875 0.025 0.021875
0 0.8671875 0.65 0.034375 0.03125
