0 0.2359375 0.99921875 0.046875 0.0015625
0 0.2359375 0.9609375 0.0875 0.078125
0 0.790625 0.9421875 0.08125 0.084375
0 0.534375 0.5859375 0.08125 0.075
0 0.5671875 0.284375 0.08125 0.08125
0 0.0546875 0.865625 0.065625 0.059375
0 0.10625 0.8609375 0.05625 0.0625
0 0.328125 0.1625 0.084375 0.08125
0 0.165625 0.6390624999999999 0.090625 0.084375
0 0.7421875 0.9828125 0.071875 0.034375
0 0.99765625 0.1171875 0.0046875 0.075
0 0.465625 0.6109375 0.059375 0.065625
0 0.0484375 0.99453125 0.05 0.0109375
0 0.8578125 0.5203125 0.053125 0.0625
0 0.021875 0.940625 0.040625 0.03125
0 0.97890625 0.7984375 0.0421875 0.0375
0 0.2171875 0.6171875 0.0625 0.046875
0 0.9328125 0.6109375 0.0375 0.028125
0 0.7890625 0.7093749999999999 0.025 0.0375
0 0.4671875 0.9203125 0.05 0.046875
0 0.515625 0.8859375 0.025 0.025
0 0.09843749999999998 0.9765625 0.028125 0.028125
0 0.11875 0.934375 0.04375 0.05
0 0.34375 0.4015625 0.0375 0.03125
