0 0.36875 0.825 0.025 0.03125
0 0.7359375 0.890625 0.021875 0.021875
0 0.4390625 0.9765625 0.021875 0.01875
0 0.6656250000000001 0.909375 0.025 0.025
0 0.6875 0.9140625 0.028125 0.025
0 0.30781249999999993 0.99609375 0.01875 0.0078125
0 0.334375 0.984375 0.021875 0.01875
0 0.5859375 0.7984375 0.021875 0.021875
0 0.728125 0.990625 0.021875 0.01875
0 0.53125 0.8359375 0.021875 0.021875
0 0.546875 0.7953124999999999 0.028125 0.021875
0 0.615625 0.915625 0.025 0.025
0 0.8703125 0.940625 0.01875 0.015625
0 0.240625 0.9765625 0.015625 0.0125
0 0.8515625 0.959375 0.021875 0.021875
0 0.2296875 0.9203125 0.01875 0.015625
0 0.278125 0.9234375 0.015625 0.01875
0 0.2578125 0.8609375 0.015625 0.0125
0 0.2484375 0.85 0.015625 0.01875
0 0.4578125 0.99140625 0.021875 0.0171875
0 0.4109375 0.9609375 0.015625 0.015625
0 0.4734375 0.975 0.01875 0.01875
0 0.5203125 0.9828125 0.01875 0.01875
0 0.5078125 0.9640625 0.028125 0.028125
0 0.5546875 0.9953125 0.021875 0.009375
0 0.8875 0.8453125 0.021875 0.015625
0 0.9140625 0.7875 0.021875 0.015625
0 0.996875 0.9640625 0.00625 0.01875
0 0.35 0.9953125 0.015625 0.009375
0 0.4328125 0.9640625 0.021875 0.015625
0 0.44375 0.953125 0.021875 0.025
0 0.465625 0.95625 0.021875 0.025
0 0.7125 0.99453125 0.01875 0.0109375
0 0.7546875 0.89375 0.01875 0.01875
0 0.2453125 0.9828125 0.0125 0.015625
