0 0.925 0.35 0.071875 0.065625
0 0.6234374999999999 0.0609375 0.084375 0.08125
0 0.834375 0.2796875 0.10625 0.06875
0 0.503125 0.334375 0.025 0.025
0 0.5375 0.3484375 0.028125 0.01875
0 0.5890625 0.3265625 0.0625 0.05625
0 0.85 0.1671875 0.075 0.053125
0 0.6515625 0.2578125 0.05625 0.040625
0 0.6609375 0.2125 0.078125 0.065625
0 0.5515625 0.30625 0.05 0.05
0 0.328125 0.3421875 0.04375 0.03125
0 0.7375 0.20625 0.071875 0.071875
0 0.5328125 0.1046875 0.059375 0.046875
0 0.10625 0.0484375 0.046875 0.0375
0 0.2046875 0.0265625 0.05 0.053125
0 0.840625 0.2796875 0.103125 0.06875
0 0.721875 0.3203125 0.046875 0.03125
0 0.4359375 0.296875 0.021875 0.021875
0 0.4578125 0.2515625 0.025 0.021875
0 0.559375 0.0796875 0.025 0.06875
