0 0.865625 0.7828125 0.034375 0.03125
0 0.984375 0.85 0.03125 0.03125
0 0.834375 0.865625 0.028125 0.034375
0 0.1953125 0.9328125 0.021875 0.021875
0 0.9484375 0.99140625 0.03125 0.0171875
0 0.89375 0.7828125 0.03125 0.034375
0 0.596875 0.7140625 0.028125 0.015625
0 0.634375 0.690625 0.015625 0.01875
0 0.6484375 0.696875 0.01875 0.021875
0 0.003125 0.7734375 0.00625 0.03125
0 0.021875 0.7640625 0.015625 0.015625
0 0.225 0.828125 0.021875 0.028125
0 0.2609375 0.8359375 0.025 0.028125
0 0.303125 0.8203125 0.025 0.01875
0 0.58125 0.8875 0.040625 0.03125
0 0.7953124999999999 0.690625 0.021875 0.01875
0 0.334375 0.8234375 0.021875 0.025
0 0.4609375 0.825 0.01875 0.01875
0 0.5390625 0.771875 0.021875 0.028125
0 0.4734375 0.8375 0.01875 0.021875
0 0.38593749999999993 0.7984375 0.01875 0.03125
0 0.403125 0.8078125 0.01875 0.01875
0 0.4640625 0.796875 0.028125 0.021875
0 0.2546875 0.765625 0.034375 0.028125
0 0.2953125 0.721875 0.01875 0.01875
0 0.8953125 0.9328125 0.025 0.034375
0 0.9265625 0.946875 0.03125 0.025
0 0.9359375 0.6359375 0.0125 0.01875
0 0.3453125 0.8390625 0.025 0.01875
0 0.3765625 0.85 0.025 0.028125
0 0.5921875 0.9015625 0.028125 0.021875
0 0.603125 0.859375 0.03125 0.01875
0 0.178125 0.8375 0.015625 0.021875
0 0.05625 0.69375 0.021875 0.01875
0 0.134375 0.675 0.025 0.015625
0 0.0828125 0.615625 0.01875 0.015625
0 0.28125 0.6609375 0.03125 0.01875
0 0.040625 0.7765625 0.01875 0.0125
0 0.509375 0.7296875 0.028125 0.015625
0 0.5046875 0.7109375 0.021875 0.021875
0 0.521875 0.7015625 0.01875 0.01875
0 0.2125 0.9046875 0.021875 0.0375
0 0.2875 0.7890625 0.015625 0.025
0 0.9890625 0.91875 0.021875 0.028125
0 0.703125 0.7359375 0.015625 0.015625
0 0.6890625 0.7171875 0.0125 0.015625
0 0.090625 0.6046875 0.015625 0.0125
0 0.00625 0.7421875 0.0125 0.015625
0 0.0203125 0.74375 0.015625 0.015625
0 0.2140625 0.9390625 0.015625 0.015625
