0 0.5921874999999999 0.24375 0.053125 0.0625
0 0.8296875 0.03046875 0.0625 0.0609375
0 0.7515625 0.23125 0.0375 0.034375
0 0.23125 0.10625 0.0375 0.0375
0 0.546875 0.2234375 0.040625 0.04375
0 0.01171875 0.196875 0.0234375 0.021875
0 0.4203125 0.2328125 0.046875 0.04375
0 0.6078125 0.296875 0.040625 0.021875
0 0.6953125 0.2328125 0.0375 0.040625
0 0.4515625 0.190625 0.04375 0.034375
0 0.5265625 0.1171875 0.059375 0.040625
0 0.8484375 0.040625 0.05625 0.06875
0 0.96875 0.390625 0.028125 0.034375
0 0.99375 0.390625 0.009375 0.034375
0 0.75 0.328125 0.025 0.028125
0 0.6796875 0.3125 0.03125 0.01875
0 0.3078125 0.33125 0.0375 0.028125
0 0.7046875000000001 0.096875 0.05625 0.053125
0 0.0875 0.115625 0.0375 0.053125
0 0.2609375 0.0046875 0.034375 0.009375
