0 0.5765625 0.028125 0.175 0.05625
0 0.4375 0.93515625 0.184375 0.1296875
0 0.8625 0.471875 0.1625 0.16875
0 0.0984375 0.33125 0.196875 0.328125
0 0.3234375 0.96328125 0.175 0.0734375
0 0.2546875 0.8734375 0.175 0.175
0 0.634375 0.8203125 0.10625 0.13125
0 0.809375 0.8234375 0.159375 0.10625
0 0.9390625 0.7234375 0.121875 0.14375
0 0.7703125 0.940625 0.115625 0.11875
0 0.04765625 0.715625 0.0953125 0.134375
0 0.1625 0.7703125 0.140625 0.140625
0 0.14375 0.5578125 0.1125 0.109375
0 0.5515625 0.3453125 0.0875 0.090625
0 0.2640625 0.6937499999999999 0.1 0.084375
0 0.1453125 0.1734375 0.203125 0.225
