0 0.7171874999999999 0.6046875 0.06875 0.065625
0 0.2453125 0.4421875 0.065625 0.065625
0 0.8375 0.784375 0.0625 0.065625
0 0.99296875 0.5765624999999999 0.0140625 0.06875
0 0.9265625 0.61875 0.046875 0.05
0 0.85625 0.3 0.059375 0.0625
0 0.690625 0.6796875 0.0375 0.0375
0 0.203125 0.5140625 0.05 0.053125
0 0.653125 0.6859375 0.04375 0.040625
0 0.471875 0.5265625 0.053125 0.065625
0 0.9828125 0.878125 0.034375 0.05625
0 0.5171875 0.696875 0.034375 0.0375
0 0.1 0.2578125 0.034375 0.028125
0 0.4828125 0.60625 0.040625 0.0375
0 0.084375 0.2640625 0.025 0.025
0 0.221875 0.253125 0.053125 0.03125
0 0.121875 0.2359375 0.028125 0.025
0 0.15 0.2359375 0.021875 0.028125
