0 0.5203125 0.1296875 0.034375 0.03125
0 0.109375 0.0171875 0.028125 0.028125
0 0.846875 0.046875 0.0375 0.025
0 0.6625 0.08125 0.03125 0.034375
0 0.3015625 0.08125 0.021875 0.021875
0 0.8609375 0.1109375 0.034375 0.028125
0 0.625 0.1109375 0.0375 0.04375
0 0.4109375 0.015625 0.03125 0.025
0 0.5796875 0.2390625 0.03125 0.028125
0 0.10625 0.121875 0.021875 0.028125
0 0.1328125 0.2125 0.028125 0.028125
0 0.628125 0.27812500000000007 0.040625 0.028125
0 0.0078125 0.1109375 0.015625 0.025
0 0.1515625 0.25 0.021875 0.01875
0 0.2515625 0.215625 0.01875 0.01875
0 0.965625 0.178125 0.01875 0.025
0 0.7875 0.2796875 0.025 0.01875
0 0.5265625 0.2453125 0.025 0.021875
