0 0.915625 0.4109375 0.11875 0.10625
0 0.3671875 0.953125 0.165625 0.09375
0 0.8296875 0.5765625 0.1125 0.121875
0 0.759375 0.640625 0.096875 0.075
0 0.41875 0.284375 0.115625 0.10625
0 0.478125 0.0140625 0.059375 0.028125
0 0.3953125 0.6546874999999999 0.134375 0.1
0 0.7171875 0.26875 0.125 0.1125
0 0.8125 0.1875 0.096875 0.084375
0 0.8796875 0.1453125 0.084375 0.103125
0 0.95625 0.13125 0.075 0.115625
0 0.99140625 0.7906250000000001 0.0171875 0.071875
0 0.8484375 0.9375 0.096875 0.084375
0 0.8609375 0.8546875 0.065625 0.040625
0 0.9765625 0.3296875 0.046875 0.046875
0 0.078125 0.971875 0.04375 0.040625
0 0.2390625 0.70625 0.040625 0.03125
