0 0.5765625 0.21875 0.090625 0.103125
0 0.3859375 0.990625 0.0875 0.01875
0 0.659375 0.190625 0.096875 0.10625
0 0.2109375 0.1078125 0.09375 0.1
0 0.534375 0.7328125 0.090625 0.090625
0 0.734375 0.2953125 0.0875 0.1
0 0.459375 0.6984375 0.084375 0.0875
0 0.4875 0.9390625 0.06875 0.05625
0 0.7906250000000001 0.2328125 0.071875 0.0875
0 0.134375 0.2 0.05625 0.065625
0 0.5 0.778125 0.065625 0.059375
0 0.99453125 0.8859375 0.0109375 0.05625
0 0.890625 0.5609375 0.090625 0.096875
0 0.9671875 0.5421875 0.040625 0.04375
0 0.7203125 0.5578125 0.0625 0.065625
0 0.95625 0.8453125 0.06875 0.05625
0 0.3984375 0.9203125 0.04375 0.0375
0 0.4046875 0.3515625 0.06875 0.05625
0 0.1 0.828125 0.0625 0.03125
0 0.18124999999999997 0.859375 0.025 0.040625
0 0.653125 0.253125 0.071875 0.05
0 0.103125 0.7671875 0.040625 0.034375
0 0.3546875 0.5359375 0.090625 0.1
0 0.253125 0.453125 0.053125 0.05625
0 0.0390625 0.703125 0.05 0.096875
0 0.73125 0.4703125 0.078125 0.071875
0 0.1671875 0.8 0.040625 0.04375
0 0.9109375 0.809375 0.09375 0.075
