0 0.9171875 0.490625 0.0625 0.06875
0 0.3203125 0.5765625 0.065625 0.071875
0 0.34843750000000007 0.6984375 0.059375 0.065625
0 0.85625 0.5078125 0.05625 0.053125
0 0.8046875 0.9890625 0.05625 0.021875
0 0.4046875 0.934375 0.075 0.08125
0 0.43125 0.596875 0.05625 0.065625
0 0.8515625 0.91875 0.0625 0.059375
0 0.6828125 0.8171875 0.04375 0.05
0 0.6421875000000001 0.6234375 0.05625 0.046875
0 0.896875 0.99296875 0.040625 0.0140625
0 0.7281250000000001 0.9875 0.040625 0.025
0 0.89375 0.4375 0.021875 0.015625
0 0.984375 0.409375 0.03125 0.05
0 0.7249999999999999 0.7671875 0.0375 0.04375
0 0.528125 0.503125 0.034375 0.053125
0 0.34375 0.6140625 0.059375 0.034375
0 0.13125 0.9265625 0.046875 0.0375
0 0.421875 0.771875 0.021875 0.01875
