0 0.6828125 0.2171875 0.084375 0.084375
0 0.878125 0.5890625 0.08125 0.0875
0 0.1796875 0.68125 0.09375 0.09375
0 0.7453125 0.221875 0.059375 0.05
0 0.778125 0.15625 0.078125 0.09375
0 0.9140625 0.1328125 0.053125 0.08125
0 0.9890625 0.04375 0.021875 0.08125
0 0.59375 0.384375 0.090625 0.0875
0 0.196875 0.528125 0.05 0.065625
0 0.325 0.4578125 0.065625 0.1
0 0.3640625 0.4875 0.078125 0.06875
0 0.0125 0.5875000000000001 0.025 0.0875
0 0.29375 0.5140625 0.046875 0.034375
0 0.5734375 0.434375 0.053125 0.096875
0 0.0359375 0.4828125 0.03125 0.04375
0 0.446875 0.221875 0.034375 0.046875
0 0.446875 0.1375 0.05 0.06875
0 0.09687500000000002 0.578125 0.04375 0.040625
0 0.93125 0.26875 0.034375 0.05
0 0.3546875 0.1171875 0.04375 0.059375
0 0.4515625 0.1390625 0.059375 0.078125
0 0.5265625 0.21875 0.065625 0.075
0 0.8546875 0.109375 0.059375 0.071875
0 0.4734375 0.375 0.059375 0.03125
0 0.134375 0.65 0.05625 0.053125
