0 0.040625 0.40625 0.021875 0.025
0 0.0359375 0.371875 0.03125 0.03125
0 0.209375 0.5140624999999999 0.028125 0.021875
0 0.259375 0.2859375 0.03125 0.021875
0 0.43125 0.528125 0.01875 0.01875
0 0.4609375 0.53125 0.021875 0.028125
0 0.459375 0.484375 0.025 0.01875
0 0.6515625 0.25625 0.0125 0.015625
0 0.6 0.346875 0.0125 0.015625
0 0.6125 0.3421875 0.0125 0.0125
0 0.1765625 0.2546875 0.028125 0.028125
0 0.334375 0.4390625 0.025 0.025
0 0.3953125 0.4015625 0.01875 0.0125
0 0.3109375 0.48125 0.03125 0.025
0 0.05625 0.5859375 0.03125 0.03125
0 0.4859375 0.496875 0.028125 0.01875
0 0.6828125 0.259375 0.009375 0.015625
0 0.7437500000000001 0.32343749999999993 0.009375 0.01875
0 0.7390625 0.2765625 0.01875 0.015625
0 0.7640625 0.40625 0.009375 0.01875
0 0.66875 0.4203125 0.01875 0.01875
0 0.26875 0.2484375 0.0375 0.025
0 0.1859375 0.20625 0.025 0.025
0 0.1875 0.415625 0.034375 0.0375
0 0.0125 0.5234375 0.025 0.04375
0 0.184375 0.471875 0.015625 0.01875
