0 0.615625 0.8 0.034375 0.0375
0 0.571875 0.6609375 0.0375 0.0375
0 0.515625 0.740625 0.034375 0.034375
0 0.74375 0.98125 0.034375 0.034375
0 0.496875 0.95 0.046875 0.040625
0 0.415625 0.8390625 0.0375 0.0375
0 0.5828125 0.940625 0.028125 0.034375
0 0.08125 0.8546875 0.03125 0.03125
0 0.3078125 0.85625 0.040625 0.03125
0 0.88125 0.990625 0.021875 0.01875
0 0.603125 0.6421875 0.034375 0.04375
0 0.221875 0.903125 0.03125 0.034375
0 0.3765625 0.7890625 0.0375 0.0375
0 0.0453125 0.99375 0.0375 0.0125
0 0.003125 0.7874999999999999 0.00625 0.0375
0 0.20625 0.8359375 0.034375 0.025
0 0.09843749999999998 0.925 0.028125 0.03125
0 0.6265625 0.759375 0.03125 0.028125
0 0.6796875 0.63125 0.025 0.01875
0 0.2546875 0.725 0.034375 0.028125
0 0.78125 0.8734375 0.0375 0.040625
0 0.7828125 0.7328125 0.03125 0.03125
0 0.7671875 0.9 0.0375 0.03125
0 0.2953125 0.66875 0.034375 0.0375
0 0.0234375 0.953125 0.025 0.01875
0 0.24375 0.8640625 0.01875 0.0125
0 0.184375 0.8671875 0.01875 0.0125
0 0.1171875 0.8671875 0.01875 0.0125
0 0.6578125 0.9015625 0.0125 0.025
0 0.5578125 0.8359375 0.015625 0.015625
0 0.128125 0.7359375 0.021875 0.021875
0 0.2125 0.7359375 0.0125 0.0125
0 0.178125 0.7281250000000001 0.0125 0.009375
0 0.03125 0.6359375 0.009375 0.009375
