0 0.99296875 0.2984375 0.0140625 0.05
0 0.8265625 0.009375 0.059375 0.01875
0 0.571875 0.071875 0.0625 0.053125
0 0.478125 0.35625 0.04375 0.05
0 0.234375 0.334375 0.01875 0.0375
0 0.3875 0.325 0.046875 0.053125
0 0.271875 0.2265625 0.025 0.04375
0 0.63125 0.715625 0.065625 0.065625
0 0.0671875 0.0734375 0.025 0.028125
0 0.084375 0.0578125 0.025 0.025
0 0.090625 0.34375 0.025 0.025
0 0.1234375 0.3328125 0.025 0.025
0 0.209375 0.2640625 0.028125 0.028125
0 0.2921875 0.215625 0.025 0.025
0 0.3265625 0.2109375 0.025 0.025
0 0.4109375 0.19687499999999997 0.05 0.05625
0 0.246875 0.125 0.021875 0.021875
0 0.3296875 0.0578125 0.021875 0.01875
0 0.4359375 0.33125 0.03125 0.059375
0 0.5234375 0.2640625 0.05 0.046875
0 0.6328125 0.190625 0.040625 0.03125
0 0.6265625 0.3390625 0.028125 0.03125
0 0.4421875 0.0515625 0.046875 0.05
0 0.7890625 0.1140625 0.040625 0.04375
0 0.7874999999999999 0.05625 0.0375 0.046875
0 0.6578125 0.634375 0.04375 0.05
0 0.7171875 0.746875 0.034375 0.04375
0 0.7703125 0.703125 0.04375 0.04375
0 0.828125 0.6390625 0.04375 0.05
0 0.934375 0.5609375 0.05 0.046875
0 0.99453125 0.5171875 0.0109375 0.03125
0 0.96875 0.3640625 0.034375 0.046875
0 0.9375 0.103125 0.05 0.0625
0 0.9 0.0609375 0.05625 0.05625
0 0.8421875 0.0359375 0.05 0.046875
0 0.8421875 0.0671875 0.015625 0.01875
0 0.5640625000000001 0.21875 0.025 0.028125
0 0.6875 0.25625 0.01875 0.034375
