0 0.4109375 0.8703125 0.059375 0.0625
0 0.0609375 0.640625 0.0625 0.065625
0 0.503125 0.5609375 0.059375 0.05625
0 0.1609375 0.840625 0.075 0.053125
0 0.159375 0.74375 0.053125 0.05
0 0.628125 0.5796875000000001 0.05625 0.05625
0 0.29375 0.81875 0.05625 0.059375
0 0.7125000000000001 0.5578125 0.05625 0.053125
0 0.8140625 0.7125 0.05625 0.053125
0 0.6640625 0.5296875 0.059375 0.05625
0 0.4390625 0.771875 0.040625 0.025
0 0.5140625 0.7421875 0.053125 0.05
0 0.540625 0.5140625 0.059375 0.05625
0 0.21875 0.409375 0.065625 0.06875
0 0.78125 0.9375 0.04375 0.03125
0 0.76875 0.7 0.05 0.059375
0 0.5640625 0.98203125 0.04375 0.0359375
0 0.68125 0.99375 0.03125 0.0125
0 0.709375 0.7125 0.065625 0.06875
0 0.01328125 0.7921875 0.0265625 0.0375
0 0.8765625 0.828125 0.03125 0.040625
0 0.96328125 0.8359375 0.0734375 0.053125
0 0.5859375 0.5296875 0.040625 0.05
0 0.2890625 0.865625 0.0375 0.0375
0 0.984375 0.90625 0.03125 0.05
0 0.690625 0.465625 0.04375 0.046875
0 0.4703125 0.8609375 0.05625 0.05625
0 0.51875 0.85625 0.046875 0.05625
0 0.109375 0.7125000000000001 0.046875 0.05625
0 0.353125 0.734375 0.05 0.040625
0 0.453125 0.7171875 0.028125 0.03125
0 0.240625 0.6781249999999999 0.04375 0.053125
0 0.33125 0.98125 0.03125 0.0375
0 0.7796875 0.971875 0.046875 0.0375
0 0.9546875 0.965625 0.040625 0.04375
0 0.7203125 0.725 0.06875 0.05625
0 0.9609375 0.9421875 0.04375 0.04375
0 0.9984375 0.890625 0.003125 0.03125
0 0.5890625 0.7437500000000001 0.03125 0.040625
0 0.59375 0.6937499999999999 0.04375 0.0375
0 0.759375 0.6265625 0.0375 0.03125
0 0.84375 0.6031250000000001 0.0375 0.040625
0 0.00234375 0.403125 0.0046875 0.05
0 0.240625 0.63125 0.06875 0.046875
0 0.875 0.4953125 0.03125 0.03125
