0 0.9625 0.7859375 0.071875 0.059375
0 0.9796875 0.1265625 0.040625 0.053125
0 0.9046875 0.0421875 0.05625 0.05625
0 0.68125 0.6140625 0.034375 0.040625
0 0.7546875 0.58125 0.03125 0.03125
0 0.81875 0.58125 0.0625 0.05
0 0.715625 0.5875 0.0625 0.053125
0 0.878125 0.5921875 0.0625 0.05625
0 0.97578125 0.2578125 0.0484375 0.053125
0 0.38125 0.2328125 0.040625 0.040625
0 0.1609375 0.45625 0.040625 0.0375
0 0.94375 0.565625 0.0375 0.028125
0 0.278125 0.45 0.03125 0.034375
0 0.3203125 0.453125 0.04375 0.04375
0 0.490625 0.590625 0.05 0.05
0 0.8671875 0.065625 0.040625 0.04375
0 0.3203125 0.2484375 0.0375 0.040625
0 0.140625 0.303125 0.040625 0.0375
0 0.3984375 0.4984375 0.034375 0.04375
0 0.090625 0.2765625 0.025 0.025
0 0.228125 0.40625 0.034375 0.021875
0 0.38125 0.559375 0.040625 0.04375
0 0.084375 0.3765625 0.04375 0.03125
0 0.290625 0.2671875 0.03125 0.040625
0 0.5953125 0.478125 0.046875 0.053125
0 0.7671875 0.4890625 0.05 0.040625
0 0.828125 0.409375 0.04375 0.053125
0 0.99375 0.5609375 0.0125 0.03125
0 0.9296875 0.421875 0.028125 0.03125
