0 0.021875 0.421875 0.034375 0.03125
0 0.0859375 0.1671875 0.053125 0.05
0 0.3390625 0.35 0.0375 0.040625
0 0.5640625 0.5546875 0.0375 0.040625
0 0.15625 0.321875 0.040625 0.046875
0 0.028125 0.1625 0.040625 0.05
0 0.2265625 0.33124999999999993 0.040625 0.034375
0 0.2453125 0.6453125 0.04375 0.040625
0 0.28125 0.5484375 0.028125 0.028125
0 0.1453125 0.1125 0.04375 0.0375
0 0.684375 0.6015625 0.03125 0.034375
0 0.5203125 0.5265625 0.04375 0.04375
0 0.296875 0.5765625 0.025 0.025
0 0.7046875 0.6796875 0.0375 0.0375
0 0.3046875 0.53125 0.03125 0.028125
0 0.7671875 0.565625 0.034375 0.0375
0 0.6484375 0.596875 0.028125 0.034375
0 0.815625 0.134375 0.0125 0.0125
0 0.8171875 0.11875 0.0125 0.015625
0 0.1453125 0.5875 0.028125 0.03125
0 0.6125 0.6203125 0.028125 0.025
0 0.0203125 0.3375 0.034375 0.021875
0 0.078125 0.2078125 0.05 0.046875
0 0.2875 0.128125 0.04375 0.0375
0 0.453125 0.421875 0.01875 0.01875
0 0.4609375 0.5484375000000001 0.025 0.025
0 0.1140625 0.5828125 0.03125 0.028125
0 0.7249999999999999 0.45 0.0375 0.0375
0 0.4703125 0.45 0.015625 0.01875
0 0.6375 0.1453125 0.028125 0.025
0 0.4125 0.5984375 0.015625 0.0125
0 0.4453125 0.590625 0.0125 0.009375
0 0.5640625 0.5125 0.028125 0.028125
0 0.628125 0.475 0.015625 0.0125
0 0.5875 0.45625 0.015625 0.0125
0 0.5953125 0.475 0.015625 0.0125
0 0.696875 0.4515625 0.0125 0.0125
0 0.615625 0.253125 0.015625 0.0125
0 0.5125 0.25 0.00625 0.0125
0 0.9 0.1890625 0.015625 0.01875
0 0.7421875 0.103125 0.0125 0.009375
0 0.6625 0.2359375 0.009375 0.015625
0 0.31718750000000007 0.5796875 0.0125 0.0375
0 0.190625 0.3390625 0.040625 0.03125
0 0.2 0.31875 0.021875 0.01875
0 0.146875 0.3609375 0.01875 0.025
0 0.128125 0.1890625 0.040625 0.028125
0 0.5890625 0.6265625 0.01875 0.015625
0 0.265625 0.259375 0.025 0.028125
