0 0.6046875 0.2328125 0.034375 0.03125
0 0.6015625 0.184375 0.034375 0.034375
0 0.98515625 0.08125 0.0296875 0.04375
0 0.909375 0.203125 0.0375 0.034375
0 0.640625 0.3125 0.03125 0.03125
0 0.5875 0.303125 0.034375 0.028125
0 0.5234375 0.33281250000000007 0.03125 0.028125
0 0.496875 0.403125 0.03125 0.03125
0 0.546875 0.3921875 0.034375 0.034375
0 0.634375 0.1828125 0.03125 0.03125
0 0.6640625 0.2546875 0.034375 0.03125
0 0.28125 0.178125 0.028125 0.028125
0 0.2046875 0.34375 0.028125 0.028125
0 0.359375 0.4125 0.028125 0.025
