0 0.6640625 0.5109375 0.040625 0.040625
0 0.3421875 0.19687499999999997 0.040625 0.040625
0 0.3453125 0.41875 0.040625 0.0375
0 0.7390625 0.221875 0.025 0.021875
0 0.809375 0.2296875 0.040625 0.040625
0 0.8109375 0.5328125 0.040625 0.0375
0 0.3546875 0.3359375 0.03125 0.028125
0 0.784375 0.665625 0.028125 0.028125
0 0.85 0.2390625 0.0375 0.03125
0 0.9125 0.6453125 0.03125 0.028125
0 0.88125 0.68125 0.03125 0.028125
0 0.746875 0.6515625 0.034375 0.028125
0 0.5890625 0.4328125 0.0375 0.040625
0 0.9890625 0.65 0.021875 0.034375
0 0.14375 0.25 0.01875 0.01875
0 0.1453125 0.2125 0.01875 0.015625
0 0.14375 0.1609375 0.025 0.021875
0 0.79375 0.63125 0.03125 0.028125
0 0.4890625 0.478125 0.028125 0.021875
0 0.484375 0.440625 0.03125 0.034375
0 0.99609375 0.5578125 0.0078125 0.025
0 0.9890625 0.5109375 0.021875 0.025
0 0.8984375 0.3078125 0.04375 0.028125
0 0.190625 0.184375 0.01875 0.021875
0 0.1640625 0.1625 0.01875 0.0125
0 0.2578125 0.303125 0.015625 0.021875
0 0.278125 0.3 0.021875 0.021875
0 0.3734375 0.29375 0.01875 0.015625
0 0.465625 0.3234375 0.025 0.025
0 0.98125 0.1625 0.034375 0.028125
0 0.896875 0.2359375 0.021875 0.025
0 0.4046875 0.15 0.03125 0.021875
