0 0.6859375 0.98359375 0.090625 0.0328125
0 0.5796875 0.3390625 0.078125 0.071875
0 0.490625 0.4046875 0.06875 0.071875
0 0.925 0.6859375 0.08125 0.090625
0 0.6390625 0.3625 0.071875 0.0875
0 0.865625 0.946875 0.071875 0.0875
0 0.3828125 0.5625 0.075 0.08125
0 0.2734375 0.234375 0.0625 0.071875
0 0.66875 0.634375 0.05625 0.0625
0 0.4203125 0.334375 0.09375 0.1125
0 0.98125 0.746875 0.034375 0.059375
0 0.5546875 0.3953125 0.059375 0.065625
0 0.7796875 0.95 0.065625 0.0875
0 0.278125 0.29375 0.053125 0.06875
0 0.553125 0.875 0.04375 0.05
0 0.1265625 0.4703125 0.053125 0.04375
0 0.175 0.1703125 0.03125 0.03125
0 0.8796875 0.6015625 0.05 0.0625
0 0.0578125 0.140625 0.028125 0.028125
0 0.7796875 0.9515625 0.065625 0.090625
0 0.0875 0.2984375 0.03125 0.03125
0 0.6796875 0.140625 0.053125 0.04375
0 0.50625 0.8203125 0.040625 0.05
0 0.515625 0.715625 0.053125 0.0625
0 0.0125 0.4046875 0.025 0.034375
0 0.496875 0.678125 0.053125 0.075
0 0.33124999999999993 0.246875 0.05 0.05
0 0.4359375 0.7390625 0.053125 0.04375
0 0.95 0.6015625 0.059375 0.046875
0 0.8546875 0.5328125 0.075 0.065625
0 0.7828125 0.4921875 0.06875 0.05625
0 0.75 0.5578125 0.03125 0.028125
0 0.4078125 0.715625 0.0625 0.0375
0 0.3421875 0.528125 0.05 0.040625
0 0.4859375 0.3390625 0.059375 0.084375
0 0.08281249999999998 0.4140625 0.034375 0.04375
0 0.684375 0.471875 0.028125 0.025
