0 0.9046875 0.484375 0.078125 0.071875
0 0.97421875 0.4765625 0.0515625 0.071875
0 0.3375 0.8421875 0.075 0.06875
0 0.24375 0.8203125 0.071875 0.071875
0 0.175 0.834375 0.071875 0.059375
0 0.10625 0.98984375 0.06875 0.0203125
0 0.1453125 0.9171875 0.08125 0.065625
0 0.16875 0.978125 0.0625 0.04375
0 0.5609375 0.290625 0.078125 0.084375
0 0.521875 0.7453125 0.053125 0.053125
0 0.4984375 0.83125 0.059375 0.078125
0 0.2359375 0.578125 0.071875 0.065625
0 0.3140625 0.5796875000000001 0.06875 0.071875
0 0.9828125 0.7515625 0.034375 0.0375
0 0.28125 0.23125 0.046875 0.040625
0 0.66875 0.171875 0.078125 0.078125
0 0.66875 0.171875 0.078125 0.078125
0 0.0328125 0.421875 0.03125 0.034375
0 0.2328125 0.4984375 0.065625 0.059375
0 0.9828125 0.2796875 0.034375 0.040625
0 0.3 0.3765625 0.03125 0.03125
0 0.346875 0.2234375 0.04375 0.01875
0 0.9890625 0.7109375 0.021875 0.034375
0 0.5640625 0.7546875 0.0375 0.046875
0 0.6296875 0.225 0.021875 0.03125
