0 0.403125 0.440625 0.10625 0.096875
0 0.8125 0.95 0.071875 0.065625
0 0.921875 0.5 0.090625 0.09375
0 0.503125 0.784375 0.08125 0.084375
0 0.55625 0.0375 0.075 0.075
0 0.4234375 0.7703125 0.078125 0.071875
0 0.8703125 0.8953125 0.059375 0.06875
0 0.64375 0.55625 0.059375 0.084375
0 0.98203125 0.109375 0.0359375 0.0875
0 0.1890625 0.6375 0.065625 0.065625
0 0.7796875 0.8703125 0.075 0.059375
0 0.859375 0.6890625 0.059375 0.065625
0 0.9625 0.6984375 0.075 0.053125
0 0.340625 0.7125 0.084375 0.08125
0 0.6890625 0.803125 0.053125 0.034375
0 0.6390625 0.0375 0.09375 0.075
0 0.3359375 0.265625 0.05625 0.053125
0 0.671875 0.7609375 0.034375 0.0375
0 0.76875 0.078125 0.03125 0.0375
