0 0.046875 0.5 0.090625 0.09375
0 0.159375 0.98359375 0.071875 0.0328125
0 0.7984375 0.628125 0.075 0.075
0 0.0125 0.8953125 0.025 0.06875
0 0.7109375 0.775 0.071875 0.065625
0 0.13125 0.109375 0.084375 0.0875
0 0.6203125 0.425 0.075 0.075
0 0.521875 0.2015625 0.06875 0.065625
0 0.625 0.2140625 0.075 0.08125
0 0.2203125 0.9703125 0.059375 0.059375
0 0.284375 0.7671875 0.059375 0.065625
0 0.6375 0.471875 0.06875 0.05
0 0.00703125 0.6890625 0.0140625 0.065625
0 0.2484375 0.665625 0.05625 0.046875
0 0.0875 0.6984375 0.075 0.053125
0 0.4515625 0.7437500000000001 0.0625 0.05625
0 0.55625 0.6390625 0.034375 0.040625
0 0.203125 0.646875 0.06875 0.059375
0 0.2671875 0.4828125 0.028125 0.05
0 0.49375 0.775 0.03125 0.04375
0 0.7453125 0.6734375 0.034375 0.03125
0 0.7671875 0.690625 0.046875 0.05
