0 0.0859375 0.503125 0.040625 0.046875
0 0.00703125 0.7671875 0.0140625 0.0375
0 0.1421875 0.8171875 0.040625 0.0375
0 0.08125 0.31875 0.046875 0.040625
0 0.05 0.5374999999999999 0.03125 0.0375
0 0.1046875 0.7890625 0.03125 0.034375
0 0.034375 0.59375 0.040625 0.04375
0 0.1828125 0.525 0.03125 0.028125
0 0.10625 0.7281250000000001 0.03125 0.025
0 0.4328125 0.4625 0.021875 0.021875
0 0.021875 0.5390625 0.040625 0.040625
0 0.4125 0.60625 0.021875 0.028125
0 0.484375 0.5515625 0.021875 0.01875
0 0.1203125 0.5484375000000001 0.015625 0.025
0 0.2765625 0.4109375 0.03125 0.021875
0 0.9625 0.21875 0.03125 0.025
0 0.08125 0.7921875 0.021875 0.0375
0 0.340625 0.625 0.021875 0.025
0 0.39375 0.6 0.0125 0.025
0 0.315625 0.565625 0.021875 0.021875
0 0.34375 0.578125 0.01875 0.025
0 0.140625 0.540625 0.009375 0.0125
0 0.1546875 0.5328125000000001 0.0125 0.009375
0 0.0359375 0.7562499999999999 0.03125 0.0375
