0 0.4140625 0.7765625 0.075 0.075
0 0.3609375 0.8828125 0.075 0.0625
0 0.9515625 0.590625 0.059375 0.05625
0 0.30625 0.646875 0.071875 0.0625
0 0.525 0.8953125 0.06875 0.059375
0 0.0875 0.478125 0.040625 0.034375
0 0.6234375 0.9078125 0.05625 0.05
0 0.253125 0.978125 0.05625 0.04375
0 0.1109375 0.60625 0.040625 0.034375
0 0.5828125 0.846875 0.05625 0.059375
0 0.1390625 0.99375 0.053125 0.0125
0 0.6296875 0.725 0.05625 0.05
0 0.8796875 0.5875 0.071875 0.0375
0 0.9078125 0.8515625 0.04375 0.04375
0 0.15625 0.615625 0.03125 0.03125
0 0.1953125 0.98515625 0.05625 0.0296875
0 0.153125 0.696875 0.034375 0.034375
0 0.86875 0.896875 0.0375 0.0375
0 0.99765625 0.2671875 0.0046875 0.04375
0 0.040625 0.5796875000000001 0.0375 0.025
0 0.0609375 0.6046875 0.028125 0.03125
0 0.25625 0.6640625 0.05 0.05625
0 0.3734375 0.915625 0.075 0.046875
0 0.5578125 0.890625 0.04375 0.05
