0 0.98828125 0.171875 0.0234375 0.075
0 0.0328125 0.1015625 0.059375 0.059375
0 0.6875 0.325 0.059375 0.0625
0 0.9671875 0.01015625 0.065625 0.0203125
0 0.4703125 0.2625 0.065625 0.059375
0 0.403125 0.2296875 0.071875 0.065625
0 0.5703125 0.1671875 0.046875 0.05
0 0.3046875 0.2734375 0.05625 0.065625
0 0.5515625 0.3875 0.046875 0.053125
0 0.36875 0.7140625 0.053125 0.04375
0 0.515625 0.4609375 0.046875 0.05
0 0.2421875 0.0171875 0.059375 0.034375
0 0.1359375 0.3359375 0.05625 0.053125
0 0.275 0.4640625 0.065625 0.046875
0 0.81875 0.7906250000000001 0.05625 0.040625
0 0.6890625000000001 0.1578125 0.05625 0.05
0 0.31875 0.1984375 0.04375 0.0625
0 0.303125 0.01171875 0.0625 0.0234375
0 0.15625 0.6359375 0.046875 0.05
0 0.6765625 0.1078125 0.05625 0.05
0 0.06875 0.65 0.05625 0.05
0 0.0453125 0.7078125 0.05 0.04375
0 0.090625 0.671875 0.05625 0.046875
0 0.8109375 0.7515625 0.053125 0.05
0 0.8984375 0.4671875 0.04375 0.040625
0 0.815625 0.2140625 0.0375 0.05
0 0.775 0.00390625 0.05 0.0078125
