0 0.328125 0.9546875 0.075 0.075
0 0.165625 0.825 0.059375 0.0625
0 0.2171875 0.8625 0.065625 0.065625
0 0.5359375 0.9953125 0.05625 0.009375
0 0.7234375 0.6546875 0.0625 0.05625
0 0.71875 0.9890625 0.08125 0.021875
0 0.6875 0.6328125 0.053125 0.05
0 0.6734375000000001 0.6 0.040625 0.046875
0 0.9453125 0.875 0.025 0.021875
0 0.01796875 0.821875 0.0359375 0.053125
0 0.29218749999999993 0.878125 0.05 0.06875
0 0.459375 0.9875 0.065625 0.025
0 0.759375 0.684375 0.021875 0.03125
0 0.8671875 0.921875 0.040625 0.034375
0 0.025 0.865625 0.05 0.034375
