0 0.4828125 0.98515625 0.05 0.0296875
0 0.97578125 0.7265625 0.0484375 0.059375
0 0.675 0.7874999999999999 0.059375 0.0375
0 0.953125 0.9078125 0.05 0.053125
0 0.4234375 0.4734375 0.028125 0.03125
0 0.303125 0.475 0.028125 0.028125
0 0.2765625 0.475 0.028125 0.028125
0 0.153125 0.5609375 0.025 0.025
0 0.0328125 0.74375 0.028125 0.015625
0 0.3765625 0.7546875 0.03125 0.01875
0 0.3296875 0.6609375 0.025 0.01875
0 0.4484375 0.5828125 0.03125 0.028125
0 0.44375 0.54375 0.03125 0.025
0 0.490625 0.821875 0.040625 0.021875
0 0.5015625 0.840625 0.03125 0.021875
0 0.0796875 0.903125 0.025 0.025
0 0.290625 0.940625 0.025 0.01875
