0 0.4828125 0.1203125 0.05 0.05
0 0.865625 0.1921875 0.053125 0.05625
0 0.4421875 0.24375 0.040625 0.040625
0 0.8140625 0.325 0.046875 0.040625
0 0.953125 0.0328125 0.05 0.053125
0 0.6046875 0.3203125 0.034375 0.028125
0 0.6703125 0.3171875 0.034375 0.0375
0 0.4109375 0.2625 0.040625 0.04375
0 0.996875 0.3546875 0.00625 0.025
0 0.996875 0.3296875 0.00625 0.05
0 0.6234374999999999 0.259375 0.0375 0.034375
0 0.525 0.2046875 0.021875 0.028125
0 0.0796875 0.028125 0.025 0.025
0 0.290625 0.065625 0.025 0.01875
0 0.1015625 0.1859375 0.028125 0.01875
0 0.0515625 0.234375 0.028125 0.01875
0 0.059375 0.2375 0.021875 0.01875
0 0.1125 0.2 0.025 0.025
0 0.365625 0.2671875 0.025 0.01875
0 0.4546875 0.2578125 0.04375 0.040625
0 0.5546875 0.215625 0.04375 0.0375
0 0.571875 0.2390625 0.034375 0.021875
0 0.5984375 0.209375 0.025 0.0375
0 0.63125 0.2171875 0.040625 0.040625
0 0.634375 0.3109375 0.034375 0.028125
0 0.6390624999999999 0.3359375 0.0375 0.025
0 0.7 0.15 0.0375 0.03125
0 0.7171875 0.1703125 0.04375 0.03125
0 0.8 0.3546875 0.040625 0.025
