0 0.54375 0.9765625 0.05625 0.046875
0 0.5015625 0.9390625 0.05625 0.05625
0 0.5890625 0.7828125 0.05625 0.053125
0 0.7265625 0.65 0.05 0.05
0 0.5453125 0.815625 0.05625 0.053125
0 0.8125 0.9953125 0.053125 0.009375
0 0.603125 0.6734375 0.053125 0.04375
0 0.8609375 0.7796875 0.046875 0.05
0 0.6046875 0.6187500000000001 0.05 0.05625
0 0.775 0.675 0.05 0.05
0 0.959375 0.8921875 0.028125 0.0375
0 0.453125 0.6078124999999999 0.053125 0.0375
0 0.428125 0.7 0.028125 0.025
0 0.740625 0.9859375 0.04375 0.028125
0 0.26875 0.946875 0.040625 0.021875
0 0.35625 0.7562499999999999 0.040625 0.0375
0 0.640625 0.628125 0.028125 0.0375
0 0.6671875 0.646875 0.040625 0.040625
0 0.4625 0.746875 0.034375 0.01875
0 0.490625 0.96875 0.053125 0.0375
0 0.821875 0.675 0.040625 0.05
0 0.60625 0.8046875 0.028125 0.0375
0 0.7125 0.8046875 0.046875 0.025
0 0.440625 0.934375 0.05 0.028125
