0 0.9453125 0.990625 0.05 0.01875
0 0.8546875 0.7484375 0.053125 0.05
0 0.7375 0.9265625 0.053125 0.053125
0 0.3328125 0.8828125 0.05625 0.05
0 0.7953125 0.640625 0.05 0.05
0 0.521875 0.884375 0.046875 0.05
0 0.4703125 0.6390625 0.05 0.040625
0 0.478125 0.9359375 0.04375 0.040625
0 0.7828125000000001 0.6968750000000001 0.05625 0.040625
0 0.6109375 0.8140625 0.046875 0.04375
0 0.6890625000000001 0.678125 0.040625 0.034375
0 0.4734375 0.715625 0.05625 0.053125
0 0.5671875 0.940625 0.053125 0.05
0 0.2546875 0.95625 0.034375 0.03125
0 0.384375 0.95625 0.05 0.0375
0 0.6203125 0.9453125 0.04375 0.046875
0 0.4734375 0.715625 0.059375 0.053125
0 0.27656249999999993 0.98984375 0.034375 0.0203125
0 0.4796875 0.99140625 0.0375 0.0171875
