0 0.0578125 0.0078125 0.053125 0.015625
0 0.02109375 0.228125 0.0421875 0.034375
0 0.475 0.315625 0.040625 0.04375
0 0.21875 0.140625 0.046875 0.05
0 0.0546875 0.3140625 0.040625 0.0375
0 0.6421875 0.0328125 0.05 0.046875
0 0.6578125 0.0671875 0.046875 0.0375
0 0.4828125 0.0328125 0.040625 0.0375
0 0.4390625 0.115625 0.03125 0.03125
0 0.246875 0.53125 0.05 0.0375
0 0.0109375 0.2875 0.021875 0.034375
0 0.3109375 0.1234375 0.04375 0.046875
0 0.3734375 0.36875 0.034375 0.040625
0 0.4 0.4765625 0.04375 0.04375
0 0.4953125 0.4515625 0.04375 0.03125
0 0.5171875 0.240625 0.0375 0.0375
0 0.5546875 0.209375 0.034375 0.040625
0 0.8703125 0.0296875 0.015625 0.0125
0 0.9921875 0.0171875 0.0125 0.0125
0 0.946875 0.128125 0.009375 0.009375
0 0.625 0.0703125 0.025 0.034375
