0 0.771875 0.16250000000000003 0.05625 0.053125
0 0.8546875 0.1953125 0.053125 0.053125
0 0.584375 0.2359375 0.040625 0.040625
0 0.8765625 0.00703125 0.05625 0.0140625
0 0.11875 0.1640625 0.04375 0.0375
0 0.0765625 0.3421875 0.03125 0.040625
0 0.746875 0.2453125 0.04375 0.04375
0 0.7578125 0.321875 0.04375 0.03125
0 0.7140625 0.3328125 0.040625 0.0375
0 0.8671875 0.0359375 0.05625 0.046875
0 0.2859375 0.1890625 0.021875 0.021875
0 0.340625 0.2046875 0.021875 0.021875
0 0.30625 0.1859375 0.01875 0.01875
0 0.1703125 0.365625 0.040625 0.028125
0 0.0203125 0.4109375 0.0375 0.03125
0 0.1625 0.225 0.034375 0.0375
0 0.3671875 0.065625 0.015625 0.0125
0 0.8125 0.0328125 0.053125 0.046875
0 0.6953125 0.265625 0.040625 0.0375
