0 0.8015625 0.1359375 0.05 0.046875
0 0.4875 0.38125 0.0375 0.040625
0 0.6078125 0.378125 0.046875 0.0375
0 0.1953125 0.4 0.04375 0.040625
0 0.0390625 0.2875 0.0375 0.040625
0 0.6109375 0.0703125 0.04375 0.028125
0 0.0125 0.01328125 0.025 0.0265625
0 0.2265625 0.5140625 0.046875 0.03125
0 0.040625 0.0859375 0.05 0.053125
0 0.2234375 0.0390625 0.040625 0.040625
0 0.459375 0.1484375 0.05 0.04375
0 0.1203125 0.0390625 0.046875 0.053125
0 0.48125 0.01875 0.0375 0.0375
0 0.4203125 0.171875 0.04375 0.046875
0 0.7421875 0.203125 0.0375 0.059375
0 0.5859375 0.19375 0.04375 0.03125
0 0.5328125000000001 0.11875 0.05625 0.05
0 0.2890625 0.2734375 0.0375 0.040625
0 0.13125 0.271875 0.0375 0.04375
0 0.3359375 0.0875 0.059375 0.0375
0 0.06875 0.046875 0.053125 0.05
0 0.2734375 0.7421875 0.028125 0.028125
0 0.9515625 0.3484375 0.028125 0.025
0 0.3765625 0.1859375 0.04375 0.04375
0 0.05625 0.1421875 0.053125 0.040625
0 0.2203125 0.7375 0.028125 0.025
0 0.05625 0.00390625 0.053125 0.0078125
0 0.2625 0.515625 0.021875 0.0375
0 0.246875 0.0515625 0.025 0.040625
0 0.5015625 0.24375 0.040625 0.04375
0 0.5421875 0.175 0.040625 0.040625
0 0.259375 0.4625 0.03125 0.028125
0 0.9578125 0.4484375 0.0375 0.025
0 0.8390625 0.2796875 0.021875 0.021875
0 0.9640625 0.09062499999999998 0.015625 0.0125
0 0.9828125 0.084375 0.025 0.01875
0 0.840625 0.1453125 0.015625 0.021875
0 0.890625 0.1796875 0.015625 0.01875
0 0.95625 0.00859375 0.028125 0.0171875
0 0.9484375 0.0609375 0.01875 0.01875
0 0.753125 0.078125 0.021875 0.01875
0 0.784375 0.271875 0.021875 0.025
