0 0.171875 0.2328125 0.071875 0.06875
0 0.1046875 0.18125 0.065625 0.071875
0 0.321875 0.115625 0.0625 0.059375
0 0.05 0.603125 0.046875 0.05
0 0.5859375 0.2390625 0.053125 0.05
0 0.3875 0.30937500000000007 0.0375 0.04375
0 0.6578125000000001 0.1046875 0.040625 0.034375
0 0.43125 0.33906249999999993 0.05 0.05
0 0.9328125 0.2875 0.04375 0.034375
0 0.4875 0.3125 0.021875 0.040625
0 0.5015625 0.4921875 0.04375 0.040625
0 0.621875 0.4109375 0.034375 0.034375
0 0.2984375 0.4390625 0.028125 0.03125
0 0.8390625 0.5218749999999999 0.04375 0.0375
0 0.5484375000000001 0.2921875 0.040625 0.046875
0 0.78125 0.05 0.040625 0.03125
0 0.8265625 0.0375 0.046875 0.034375
0 0.509375 0.253125 0.03125 0.034375
0 0.4359375 0.303125 0.025 0.0125
0 0.32500000000000007 0.4484375 0.028125 0.025
0 0.3328125 0.4859375 0.01875 0.025
0 0.3515625 0.4890625 0.028125 0.03125
0 0.54375 0.475 0.034375 0.040625
0 0.64375 0.3625 0.03125 0.028125
0 0.5796875 0.4875 0.046875 0.04375
0 0.5687499999999999 0.5562500000000001 0.0375 0.040625
0 0.6703125 0.3875 0.025 0.034375
0 0.759375 0.4171875 0.034375 0.025
0 0.0140625 0.534375 0.028125 0.053125
0 0.165625 0.33124999999999993 0.028125 0.01875
