0 0.31875 0.7078125 0.159375 0.175
0 0.728125 0.7765625 0.16875 0.190625
0 0.00078125 0.5859375 0.0015625 0.190625
0 0.0265625 0.109375 0.053125 0.215625
0 0.4203125 0.2875 0.25625 0.265625
0 0.7546875 0.95390625 0.1375 0.0921875
0 0.8640625 0.8171875 0.15 0.15
0 0.0171875 0.97109375 0.034375 0.0578125
0 0.6359375 0.9 0.15 0.159375
0 0.8375 0.2984375 0.225 0.2375
0 0.5578125 0.775 0.1125 0.115625
0 0.959375 0.4046875 0.08125 0.16875
0 0.9375 0.98671875 0.121875 0.0265625
0 0.7578125 0.4546875 0.175 0.171875
0 0.6624999999999999 0.4046875 0.084375 0.18125
0 0.159375 0.0765625 0.134375 0.15
0 0.3296875 0.9921875 0.040625 0.015625
0 0.371875 0.95625 0.05 0.04375
0 0.296875 0.925 0.04375 0.04375
0 0.1203125 0.1265625 0.121875 0.15625
