0 0.7953125 0.6484375 0.065625 0.0625
0 0.7375 0.5984375 0.05 0.05
0 0.70625 0.459375 0.059375 0.071875
0 0.665625 0.378125 0.06875 0.059375
0 0.6765625 0.5125 0.05 0.046875
0 0.7265625 0.71875 0.0375 0.040625
0 0.5390625 0.784375 0.05625 0.059375
0 0.5999999999999999 0.715625 0.053125 0.05
0 0.9390625 0.2390625 0.0625 0.06875
0 0.9390625 0.2390625 0.0625 0.065625
0 0.9078125 0.4984375 0.046875 0.05
0 0.7328124999999999 0.05 0.0375 0.034375
0 0.75 0.303125 0.040625 0.0375
0 0.084375 0.428125 0.009375 0.009375
0 0.0921875 0.4171875 0.015625 0.015625
0 0.1125 0.434375 0.0125 0.0125
0 0.084375 0.471875 0.015625 0.015625
0 0.0484375 0.2671875 0.015625 0.015625
0 0.3296875 0.4015625 0.0125 0.0125
0 0.79375 0.0203125 0.040625 0.040625
0 0.7703125 0.053125 0.028125 0.0375
