0 0.9859375 0.7078125 0.028125 0.175
0 0.6359375 0.5859375 0.196875 0.190625
0 0.1703125 0.8484375 0.190625 0.2
0 0.671875 0.109375 0.228125 0.215625
0 0.1875 0.0828125 0.2625 0.165625
0 0.6796875 0.97109375 0.175 0.0578125
0 0.1609375 0.99140625 0.209375 0.0171875
0 0.309375 0.99140625 0.14375 0.0171875
0 0.8921875 0.0765625 0.134375 0.15
0 0.690625 0.8203125 0.084375 0.103125
0 0.853125 0.1265625 0.121875 0.15625
0 0.503125 0.146875 0.1125 0.096875
0 0.4578125 0.3921875 0.184375 0.165625
0 0.1515625 0.459375 0.1 0.084375
