0 0.45625 0.2359375 0.0375 0.046875
0 0.18593750000000003 0.7015625 0.071875 0.059375
0 0.2765625 0.1234375 0.06875 0.06875
0 0.1828125 0.23125 0.075 0.071875
0 0.60625 0.3453125 0.053125 0.053125
0 0.378125 0.3765625 0.046875 0.05
0 0.1046875 0.16875 0.06875 0.071875
0 0.5640625 0.246875 0.065625 0.05625
0 0.2390625 0.31875 0.053125 0.05
0 0.25625 0.615625 0.059375 0.071875
0 0.1078125 0.3078125 0.065625 0.0625
0 0.3703125 0.4703125 0.0625 0.05625
0 0.1265625 0.65625 0.05625 0.0625
0 0.7703125 0.24375 0.05625 0.053125
0 0.875 0.15625 0.040625 0.0375
0 0.1046875 0.0640625 0.05625 0.05
0 0.6078125 0.5359375 0.059375 0.05
0 0.02890625 0.690625 0.0578125 0.059375
0 0.9796875 0.125 0.028125 0.028125
0 0.5734375 0.5421875 0.034375 0.05
0 0.0296875 0.2484375 0.053125 0.053125
0 0.575 0.534375 0.034375 0.040625
0 0.99296875 0.103125 0.0140625 0.021875
0 0.8359375 0.221875 0.0375 0.03125
0 0.85 0.0265625 0.03125 0.03125
0 0.9203125 0.0484375 0.028125 0.028125
0 0.946875 0.0328125 0.021875 0.021875
0 0.659375 0.071875 0.025 0.028125
0 0.6828125 0.075 0.021875 0.025
0 0.6828125 0.09843749999999998 0.015625 0.0125
0 0.0125 0.5515625 0.025 0.05
0 0.28437499999999993 0.484375 0.05 0.046875
0 0.4890625 0.246875 0.046875 0.059375
0 0.5234375 0.228125 0.034375 0.03125
0 0.6921875 0.3046875 0.04375 0.040625
0 0.2015625 0.4296875 0.0625 0.075
