0 0.2984375 0.55 0.090625 0.09375
0 0.8328125 0.6921875 0.0875 0.0875
0 0.2234375 0.540625 0.08125 0.078125
0 0.271875 0.6125 0.0875 0.08125
0 0.1859375 0.4703125 0.06875 0.0625
0 0.759375 0.5562500000000001 0.09375 0.0875
0 0.453125 0.3546875 0.084375 0.078125
0 0.453125 0.521875 0.090625 0.09375
0 0.1703125 0.3796875 0.084375 0.071875
0 0.259375 0.375 0.078125 0.075
0 0.0578125 0.4 0.071875 0.084375
0 0.1484375 0.428125 0.05625 0.040625
0 0.6546875 0.2296875 0.0875 0.0875
0 0.375 0.2484375 0.0875 0.078125
0 0.7078125 0.6625 0.08125 0.078125
0 0.4953125 0.6375 0.10625 0.09375
