0 0.6125 0.090625 0.178125 0.159375
0 0.80625 0.3453125 0.165625 0.165625
0 0.815625 0.509375 0.171875 0.171875
0 0.978125 0.503125 0.04375 0.15
0 0.95703125 0.3046875 0.0859375 0.196875
0 0.03125 0.3609375 0.0625 0.06875
0 0.04375 0.3125 0.0875 0.109375
0 0.1265625 0.3828125 0.096875 0.08125
0 0.2 0.3734375 0.0625 0.078125
0 0.3921875 0.98671875 0.128125 0.0265625
0 0.403125 0.984375 0.121875 0.03125
0 0.640625 0.94921875 0.121875 0.1015625
0 0.90625 0.715625 0.15625 0.11875
0 0.403125 0.628125 0.103125 0.146875
