0 0.97734375 0.7125 0.0453125 0.078125
0 0.4 0.990625 0.015625 0.0125
0 0.98984375 0.440625 0.0203125 0.08125
0 0.753125 0.8890625 0.01875 0.01875
0 0.11875 0.9171875 0.028125 0.034375
0 0.271875 0.98125 0.021875 0.021875
0 0.9796875 0.578125 0.040625 0.075
0 0.259375 0.8796875 0.01875 0.021875
0 0.8515625 0.9859375 0.01875 0.021875
0 0.8578125 0.825 0.021875 0.01875
0 0.8078125 0.9671875 0.021875 0.025
0 0.8109375 0.99609375 0.021875 0.0078125
0 0.840625 0.971875 0.015625 0.015625
0 0.84375 0.940625 0.01875 0.01875
0 0.8734375 0.9140625 0.021875 0.01875
0 0.896875 0.9109375 0.025 0.025
0 0.8875 0.9484375 0.01875 0.021875
0 0.9109375 0.9734375 0.025 0.025
0 0.940625 0.95 0.01875 0.025
0 0.928125 0.928125 0.021875 0.021875
0 0.840625 0.815625 0.01875 0.01875
0 0.775 0.8078125 0.01875 0.01875
0 0.7328125 0.8921875 0.01875 0.015625
0 0.584375 0.9625 0.01875 0.021875
0 0.5265625 0.959375 0.015625 0.015625
0 0.4984375 0.9875 0.01875 0.015625
0 0.45625 0.9890625 0.015625 0.015625
0 0.3890625 0.984375 0.015625 0.0125
0 0.45 0.8984375 0.01875 0.01875
0 0.53125 0.871875 0.015625 0.01875
0 0.5250000000000001 0.9953125 0.009375 0.009375
0 0.4609375 0.959375 0.015625 0.0125
0 0.4640625 0.9390625 0.015625 0.0125
0 0.3625 0.8765625 0.021875 0.015625
0 0.359375 0.8546875 0.01875 0.015625
0 0.265625 0.9015625 0.01875 0.015625
0 0.253125 0.9140625 0.01875 0.01875
0 0.98046875 0.321875 0.0390625 0.05
