0 0.5078125 0.221875 0.08125 0.075
0 0.4671875 0.271875 0.071875 0.0625
0 0.9703125 0.01171875 0.059375 0.0234375
0 0.8640625 0.171875 0.05 0.04375
0 0.01875 0.16875 0.025 0.021875
0 0.271875 0.021875 0.028125 0.01875
0 0.00625 0.0140625 0.0125 0.01875
0 0.1015625 0.1109375 0.01875 0.021875
0 0.0578125 0.0921875 0.021875 0.025
0 0.0609375 0.125 0.021875 0.015625
0 0.090625 0.096875 0.015625 0.015625
0 0.09375 0.065625 0.01875 0.01875
0 0.1234375 0.0390625 0.021875 0.01875
0 0.146875 0.0359375 0.025 0.025
0 0.1375 0.0734375 0.01875 0.021875
0 0.1609375 0.0984375 0.025 0.025
0 0.190625 0.075 0.01875 0.025
0 0.17812500000000003 0.053125 0.021875 0.021875
0 0.34375 0.04375 0.05625 0.0625
0 0.3734375 0.0015625 0.034375 0.003125
