0 0.2578125 0.5828125 0.109375 0.11875
0 0.94609375 0.575 0.1078125 0.128125
0 0.2296875 0.3140625 0.109375 0.11875
0 0.8078125 0.584375 0.11875 0.140625
0 0.2015625 0.2171875 0.096875 0.0875
0 0.64375 0.690625 0.096875 0.121875
0 0.2984375 0.6578125000000001 0.096875 0.103125
0 0.2421875 0.4421875 0.0875 0.075
0 0.1859375 0.6140625 0.08125 0.08125
0 0.403125 0.925 0.1 0.08125
0 0.3765625 0.8828125 0.06875 0.06875
0 0.41875 0.8140625 0.075 0.084375
0 0.921875 0.440625 0.13125 0.11875
0 0.96796875 0.4625 0.0640625 0.103125
