0 0.615625 0.046875 0.075 0.08125
0 0.9890625 0.8609375 0.021875 0.071875
0 0.94375 0.6921875 0.06875 0.065625
0 0.796875 0.028125 0.075 0.05625
0 0.89375 0.959375 0.065625 0.05
0 0.97109375 0.9078125 0.0578125 0.059375
0 0.5359375 0.03359375 0.078125 0.0671875
0 0.02265625 0.7453125 0.0453125 0.04375
0 0.6203125 0.1984375 0.05625 0.053125
0 0.421875 0.01328125 0.05 0.0265625
0 0.2703125 0.43125 0.059375 0.0625
0 0.20625 0.01015625 0.065625 0.0203125
0 0.2796875 0.01640625 0.065625 0.0328125
0 0.8984375 0.80625 0.08125 0.071875
0 0.6 0.8171875 0.04375 0.053125
0 0.0125 0.503125 0.025 0.046875
0 0.234375 0.7125000000000001 0.05625 0.05625
0 0.24375 0.65 0.053125 0.053125
0 0.2015625 0.6015625 0.040625 0.040625
0 0.5046875 0.071875 0.06875 0.06875
0 0.1421875 0.5875000000000001 0.05 0.05625
0 0.5671875 0.4328125 0.059375 0.05
0 0.7078125 0.80625 0.05625 0.0375
0 0.059375 0.396875 0.053125 0.05625
0 0.97265625 0.36875 0.0546875 0.06875
0 0.6328125 0.340625 0.053125 0.053125
0 0.496875 0.7828125 0.040625 0.05
0 0.709375 0.5671875 0.05 0.065625
0 0.125 0.9828125 0.034375 0.034375
0 0.0265625 0.9453125 0.021875 0.03125
0 0.1640625 0.90625 0.0375 0.0375
0 0.275 0.6937499999999999 0.046875 0.053125
0 0.178125 0.8453125 0.028125 0.021875
0 0.228125 0.91875 0.040625 0.040625
0 0.6468749999999999 0.953125 0.053125 0.05
0 0.490625 0.98984375 0.05625 0.0203125
0 0.5359375 0.803125 0.040625 0.04375
0 0.6625 0.5890625 0.05625 0.05625
0 0.796875 0.5875 0.05 0.053125
0 0.853125 0.596875 0.0625 0.053125
0 0.946875 0.5421875 0.04375 0.04375
