0 0.0625 0.8578125 0.125 0.11875
0 0.95 0.5171875 0.1 0.11875
0 0.6609375 0.303125 0.09375 0.1
0 0.8953125 0.0140625 0.1 0.028125
0 0.6546875 0.0796875 0.096875 0.0875
0 0.1 0.228125 0.09375 0.084375
0 0.1015625 0.475 0.096875 0.1
0 0.471875 0.5953125000000001 0.134375 0.071875
0 0.0296875 0.4703125 0.05625 0.096875
0 0.6125 0.36875 0.0875 0.0875
0 0.49375 0.996875 0.0875 0.00625
0 0.896875 0.8328125 0.0625 0.059375
0 0.521875 0.1734375 0.078125 0.08125
0 0.3578125 0.503125 0.084375 0.08125
0 0.78125 0.9671875 0.053125 0.04375
0 0.715625 0.3828125 0.0875 0.084375
0 0.453125 0.35 0.05 0.0375
0 0.95546875 0.3 0.0890625 0.1125
0 0.4765625 0.284375 0.1 0.0875
0 0.33124999999999993 0.3 0.096875 0.0875
