0 0.63125 0.7249999999999999 0.01875 0.021875
0 0.56875 0.934375 0.01875 0.01875
0 0.5531249999999999 0.903125 0.021875 0.021875
0 0.703125 0.99453125 0.03125 0.0109375
0 0.6015625 0.796875 0.021875 0.01875
0 0.6078125 0.9109375 0.025 0.028125
0 0.46875 0.9234375 0.01875 0.01875
0 0.6203125 0.9703125 0.03125 0.028125
0 0.3359375 0.7875 0.0125 0.015625
0 0.7640625 0.921875 0.028125 0.03125
0 0.4484375 0.790625 0.01875 0.015625
0 0.378125 0.7921875 0.009375 0.0125
0 0.38750000000000007 0.7625 0.0125 0.0125
0 0.409375 0.7640625 0.009375 0.0125
0 0.453125 0.7671875 0.025 0.021875
0 0.490625 0.690625 0.01875 0.01875
0 0.521875 0.709375 0.01875 0.01875
0 0.4359375 0.696875 0.015625 0.0125
0 0.7 0.7625 0.01875 0.015625
0 0.6984375 0.746875 0.021875 0.015625
0 0.746875 0.8078125 0.015625 0.01875
0 0.40625 0.93125 0.01875 0.015625
0 0.3390625 0.88125 0.009375 0.009375
0 0.234375 0.859375 0.0125 0.009375
0 0.1984375 0.7921875 0.0125 0.015625
0 0.2421875 0.83125 0.009375 0.0125
0 0.2484375 0.721875 0.0125 0.015625
0 0.28593750000000007 0.7046875 0.0125 0.01875
0 0.246875 0.690625 0.009375 0.015625
0 0.2796875 0.6671875 0.015625 0.015625
0 0.3 0.671875 0.0125 0.015625
0 0.5859375 0.9265625 0.015625 0.01875
0 0.315625 0.715625 0.009375 0.0125
0 0.303125 0.7109375 0.0125 0.0125
0 0.1921875 0.8 0.009375 0.009375
0 0.2125 0.7953125 0.009375 0.0125
0 0.66875 0.8875 0.025 0.025
0 0.653125 0.8296875 0.015625 0.01875
