0 0.2296875 0.5171875 0.125 0.11875
0 0.1625 0.0140625 0.1 0.028125
0 0.3890625 0.00234375 0.09375 0.0046875
0 0.6828125 0.0828125 0.084375 0.078125
0 0.478125 0.871875 0.06875 0.065625
0 0.634375 0.375 0.075 0.08125
0 0.559375 0.075 0.075 0.065625
0 0.1640625 0.8328125 0.0625 0.059375
0 0.7546875 0.7453125 0.046875 0.04375
0 0.98671875 0.43125 0.0265625 0.0625
0 0.5890625 0.28125 0.08125 0.0625
0 0.9390625 0.01015625 0.065625 0.0203125
0 0.98984375 0.01640625 0.0203125 0.0328125
0 0.0484375 0.9671875 0.053125 0.04375
0 0.3015625 0.2453125 0.053125 0.046875
0 0.73125 0.503125 0.053125 0.046875
0 0.9671875 0.7125000000000001 0.05625 0.05625
0 0.01328125 0.3828125 0.0265625 0.084375
0 0.975 0.65 0.05 0.053125
0 0.934375 0.6015625 0.040625 0.040625
0 0.875 0.5875000000000001 0.05 0.05625
0 0.7921875 0.396875 0.053125 0.05625
0 0.8578125 0.9828125 0.034375 0.034375
0 0.546875 0.99375 0.03125 0.0125
0 0.696875 0.6625 0.034375 0.046875
0 0.4046875 0.9875 0.05 0.025
0 0.5734375 0.95625 0.025 0.0375
0 0.759375 0.9453125 0.021875 0.03125
0 0.684375 0.89375 0.025 0.034375
0 0.6375 0.8359375 0.05 0.04375
0 0.896875 0.90625 0.0375 0.0375
0 0.9921875 0.6937499999999999 0.015625 0.053125
0 0.9109375 0.8453125 0.028125 0.021875
0 0.9609375 0.91875 0.040625 0.040625
0 0.5578125 0.603125 0.046875 0.053125
0 0.621875 0.6375 0.04375 0.0375
0 0.60625 0.7390625 0.034375 0.04375
0 0.503125 0.4203125 0.0375 0.034375
0 0.240625 0.3 0.125 0.1125
