0 0.790625 0.99296875 0.053125 0.0140625
0 0.39375 0.878125 0.04375 0.0375
0 0.3828125 0.984375 0.053125 0.03125
0 0.18124999999999997 0.9109375 0.025 0.03125
0 0.9328125 0.99765625 0.034375 0.0046875
0 0.7671875 0.903125 0.0375 0.040625
0 0.078125 0.95 0.028125 0.021875
0 0.5875000000000001 0.9953125 0.040625 0.009375
0 0.4296875 0.8671875 0.0375 0.03125
0 0.059375 0.9953125 0.01875 0.009375
0 0.01875 0.9078125 0.015625 0.015625
0 0.165625 0.9671875 0.01875 0.021875
0 0.184375 0.978125 0.0125 0.015625
0 0.246875 0.878125 0.021875 0.025
0 0.2328125 0.8296875 0.01875 0.021875
0 0.2140625 0.8609375 0.015625 0.01875
0 0.9765625 0.9421875 0.04375 0.053125
0 0.984375 0.8296875 0.028125 0.0625
