0 0.1234375 0.75 0.0375 0.0375
0 0.8953125 0.7640625 0.046875 0.05
0 0.196875 0.7078125 0.034375 0.0375
0 0.975 0.7171875 0.05 0.05625
0 0.2796875 0.7796875 0.034375 0.03125
0 0.703125 0.5953125 0.015625 0.01875
0 0.6046875 0.775 0.015625 0.0125
0 0.690625 0.825 0.0125 0.015625
0 0.675 0.8234375 0.015625 0.01875
0 0.6578125 0.7703125 0.015625 0.015625
0 0.740625 0.7921875 0.0125 0.0125
0 0.7265625 0.684375 0.015625 0.015625
0 0.725 0.6640625 0.01875 0.01875
0 0.715625 0.646875 0.0125 0.015625
0 0.190625 0.8015625 0.025 0.025
0 0.1765625 0.8171875 0.025 0.028125
0 0.6234375 0.7609375 0.0125 0.009375
0 0.60625 0.625 0.0125 0.0125
