0 0.665625 0.04296875 0.084375 0.0859375
0 0.8953125 0.00546875 0.06875 0.0109375
0 0.325 0.44375 0.078125 0.075
0 0.475 0.3703125 0.075 0.078125
0 0.5171875 0.33281250000000007 0.078125 0.075
0 0.06875 0.2265625 0.065625 0.075
0 0.0765625 0.15 0.078125 0.084375
0 0.2453125 0.23125 0.090625 0.09375
0 0.2640625 0.1390625 0.096875 0.090625
0 0.01171875 0.1390625 0.0234375 0.0625
0 0.73125 0.2375 0.040625 0.04375
0 0.5859375 0.18593750000000003 0.034375 0.0375
0 0.6 0.15625 0.040625 0.040625
0 0.653125 0.159375 0.040625 0.028125
0 0.5546875 0.1390625 0.03125 0.03125
0 0.771875 0.16562499999999997 0.040625 0.040625
