0 0.8375 0.3109375 0.18125 0.190625
0 0.3 0.5734375 0.103125 0.1
0 0.2203125 0.7859375 0.115625 0.115625
0 0.171875 0.184375 0.1125 0.121875
0 0.6390624999999999 0.6609375 0.06875 0.06875
0 0.1515625 0.0890625 0.115625 0.0875
0 0.7203125 0.746875 0.06875 0.078125
0 0.05 0.9796875 0.1 0.040625
0 0.140625 0.825 0.090625 0.090625
0 0.6359375 0.4609375 0.078125 0.08125
0 0.9515625 0.253125 0.04375 0.046875
0 0.99375 0.2265625 0.0125 0.065625
0 0.8984375 0.76875 0.05625 0.071875
0 0.7874999999999999 0.5515625 0.06875 0.0625
0 0.2984375 0.6875 0.0875 0.08125
0 0.9765625 0.5609375 0.046875 0.065625
0 0.790625 0.6890625000000001 0.0625 0.05625
0 0.525 0.95625 0.0625 0.059375
0 0.334375 0.0203125 0.071875 0.040625
0 0.7375 0.5671875 0.0625 0.0625
0 0.6671875 0.01171875 0.059375 0.0234375
0 0.68125 0.05625 0.059375 0.053125
0 0.1015625 0.603125 0.046875 0.065625
0 0.490625 0.45 0.01875 0.025
0 0.5406250000000001 0.4421875 0.071875 0.0625
0 0.5515625 0.359375 0.053125 0.05625
0 0.5828125 0.2078125 0.015625 0.059375
0 0.4921875 0.16875 0.046875 0.05
0 0.7109375 0.3578125 0.04375 0.040625
