0 0.8375 0.9828125 0.18125 0.034375
0 0.2359375 0.3265625 0.184375 0.2
0 0.171875 0.934375 0.1125 0.121875
0 0.3921875 0.571875 0.09375 0.1
0 0.1515625 0.8390625 0.115625 0.0875
0 0.9515625 0.98984375 0.04375 0.0203125
0 0.99375 0.971875 0.0125 0.05625
0 0.8609375 0.64375 0.084375 0.078125
0 0.334375 0.759375 0.071875 0.0625
0 0.30781249999999993 0.6640625 0.065625 0.065625
0 0.321875 0.4671875 0.090625 0.0875
0 0.453125 0.475 0.053125 0.05
0 0.409375 0.45625 0.053125 0.059375
0 0.25 0.103125 0.0875 0.078125
0 0.35625000000000007 0.3046875 0.075 0.071875
0 0.959375 0.6546875 0.059375 0.059375
0 0.9140625 0.634375 0.05625 0.053125
0 0.6671875 0.746875 0.059375 0.053125
0 0.68125 0.80625 0.059375 0.053125
0 0.740625 0.6937499999999999 0.065625 0.06875
0 0.99296875 0.528125 0.0140625 0.053125
0 0.5828125 0.9578125 0.015625 0.059375
0 0.4921875 0.91875 0.046875 0.05
