0 0.94921875 0.99140625 0.1015625 0.0171875
0 0.3109375 0.153125 0.096875 0.103125
0 0.390625 0.0828125 0.09375 0.090625
0 0.96171875 0.3921875 0.0765625 0.115625
0 0.5875 0.5546875 0.1 0.096875
0 0.653125 0.6984375 0.09375 0.0875
0 0.4546875 0.125 0.109375 0.1125
0 0.34687499999999993 0.7484375 0.08125 0.078125
0 0.0328125 0.6109375000000001 0.0625 0.05625
0 0.90625 0.903125 0.11875 0.103125
0 0.03749999999999999 0.6671875 0.06875 0.059375
0 0.04375 0.7671875 0.071875 0.0625
0 0.4734375 0.659375 0.075 0.071875
0 0.134375 0.43125 0.084375 0.0625
0 0.21875 0.2890625 0.071875 0.071875
0 0.96640625 0.828125 0.0671875 0.10625
0 0.365625 0.634375 0.065625 0.0625
0 0.5374999999999999 0.409375 0.053125 0.05
0 0.95859375 0.428125 0.0828125 0.075
