0 0.6578125 0.390625 0.0625 0.05625
0 0.565625 0.4671875 0.071875 0.065625
0 0.00078125 0.403125 0.0015625 0.059375
0 0.7578125 0.4765625 0.065625 0.053125
0 0.9140625 0.640625 0.0625 0.059375
0 0.5265625 0.603125 0.071875 0.075
0 0.7546875 0.4234375 0.071875 0.04375
0 0.37031249999999993 0.5859375 0.065625 0.071875
0 0.171875 0.6703125 0.05 0.05
0 0.1421875 0.184375 0.05 0.05
0 0.828125 0.45625 0.05625 0.05
0 0.828125 0.3796875 0.059375 0.0625
0 0.9828125 0.3890625 0.03125 0.040625
0 0.9578125 0.359375 0.040625 0.0375
0 0.4328125 0.3078125 0.0625 0.046875
0 0.4328125 0.2671875 0.059375 0.05
0 0.265625 0.4953125 0.05625 0.04375
0 0.2359375 0.5953125 0.05625 0.046875
