0 0.1015625 0.6578125 0.096875 0.10625
0 0.2859375 0.4921875 0.096875 0.096875
0 0.15 0.3765625 0.109375 0.090625
0 0.8328125 0.8453125 0.103125 0.1
0 0.09375 0.925 0.06875 0.0625
0 0.665625 0.0140625 0.121875 0.028125
0 0.253125 0.3984375 0.103125 0.10625
0 0.2734375 0.8484375 0.084375 0.1
0 0.6328125 0.71875 0.0625 0.05625
0 0.1765625 0.540625 0.096875 0.08125
0 0.2140625 0.453125 0.071875 0.090625
0 0.15 0.4609375 0.078125 0.096875
0 0.3609375 0.4890625 0.071875 0.05625
0 0.403125 0.4109375 0.0875 0.096875
0 0.98515625 0.9265625 0.0296875 0.103125
0 0.821875 0.925 0.046875 0.059375
