0 0.3109375 0.7046875000000001 0.10625 0.103125
0 0.5265625 0.38750000000000007 0.10625 0.10625
0 0.76875 0.25625 0.09375 0.1
0 0.646875 0.6359375 0.109375 0.1125
0 0.98828125 0.384375 0.0234375 0.084375
0 0.1875 0.00546875 0.090625 0.0109375
0 0.0375 0.3046875 0.071875 0.084375
0 0.0921875 0.021875 0.075 0.04375
0 0.54375 0.5109375 0.0875 0.084375
0 0.6296875 0.5140625 0.071875 0.071875
0 0.721875 0.625 0.05625 0.05625
0 0.2046875 0.928125 0.046875 0.040625
0 0.43125 0.725 0.05 0.040625
0 0.41875 0.771875 0.05 0.040625
0 0.534375 0.7296875 0.034375 0.04375
0 0.1265625 0.45625 0.09375 0.071875
0 0.140625 0.5703125 0.06875 0.096875
