0 0.353125 0.8984375 0.075 0.08125
0 0.421875 0.8296875 0.08125 0.075
0 0.2578125 0.5671875 0.0625 0.06875
0 0.3296875 0.8421875 0.06875 0.059375
0 0.1265625 0.209375 0.06875 0.075
0 0.3234375 0.4125 0.040625 0.0375
0 0.415625 0.7546875 0.08125 0.059375
0 0.17343749999999997 0.7921875 0.05625 0.065625
0 0.3625 0.6859375 0.053125 0.034375
0 0.015625 0.1171875 0.03125 0.0625
0 0.090625 0.865625 0.0625 0.059375
0 0.0890625 0.3796875 0.0375 0.046875
0 0.2125 0.38125 0.04375 0.04375
0 0.284375 0.478125 0.053125 0.053125
0 0.28125 0.4375 0.053125 0.046875
0 0.609375 0.8015625 0.046875 0.053125
0 0.8125 0.7984375 0.05 0.053125
0 0.040625 0.5 0.0625 0.065625
