0 0.034375 0.99609375 0.06875 0.0078125
0 0.1921875 0.97734375 0.103125 0.0453125
0 0.415625 0.7171875 0.06875 0.075
0 0.634375 0.771875 0.0625 0.05625
0 0.7249999999999999 0.7015624999999999 0.053125 0.06875
0 0.2953125 0.9296875 0.059375 0.05625
0 0.1390625 0.9953125 0.05 0.009375
0 0.321875 0.990625 0.04375 0.01875
0 0.59375 0.4328125 0.053125 0.065625
0 0.35625 0.4015625 0.06875 0.078125
0 0.79375 0.7296875 0.06875 0.078125
0 0.7640625 0.7296875 0.0625 0.06875
0 0.309375 0.8078125 0.025 0.021875
