0 0.284375 0.00078125 0.096875 0.0015625
0 0.3109375 0.203125 0.0875 0.090625
0 0.2140625 0.2078125 0.0875 0.0875
0 0.121875 0.2296875 0.103125 0.090625
0 0.8046875 0.059375 0.065625 0.0625
0 0.9609375 0.0609375 0.046875 0.04375
0 0.3390625 0.034375 0.053125 0.05
0 0.99140625 0.034375 0.0171875 0.040625
0 0.9375 0.1796875 0.028125 0.03125
0 0.8359375 0.1125 0.053125 0.04375
0 0.4078125 0.0640625 0.04375 0.0375
0 0.4 0.109375 0.04375 0.04375
0 0.009375 0.159375 0.01875 0.03125
0 0.0328125 0.0609375 0.0375 0.034375
0 0.1 0.115625 0.059375 0.065625
0 0.240625 0.0125 0.01875 0.025
0 0.4578125 0.1859375 0.0125 0.009375
0 0.453125 0.178125 0.0125 0.0125
0 0.46875 0.1796875 0.0125 0.009375
0 0.4640625 0.203125 0.0125 0.0125
0 0.4515625 0.1546875 0.0125 0.0125
0 0.7296875 0.1984375 0.0125 0.0125
0 0.740625 0.178125 0.0125 0.015625
0 0.7328125 0.21875 0.0125 0.0125
0 0.7875 0.1609375 0.03125 0.03125
0 0.821875 0.16875 0.015625 0.015625
0 0.721875 0.146875 0.0125 0.0125
0 0.603125 0.10625 0.021875 0.01875
0 0.6828125 0.090625 0.015625 0.01875
