0 0.01484375 0.9484375 0.0296875 0.103125
0 0.05546875 0.321875 0.1109375 0.178125
0 0.03046875 0.19375 0.0609375 0.15
0 0.071875 0.9625 0.1125 0.075
0 0.1140625 0.04375 0.228125 0.0875
0 0.2734375 0.1734375 0.11875 0.121875
0 0.3078125 0.925 0.046875 0.05
0 0.8625 0.9875 0.01875 0.01875
0 0.8734375 0.99375 0.0125 0.0125
0 0.0015625 0.025 0.003125 0.05
0 0.00546875 0.40625 0.0109375 0.1
0 0.9734375 0.990625 0.015625 0.015625
0 0.9765625 0.9640625 0.009375 0.015625
0 0.99765625 0.9609375 0.0046875 0.015625
0 0.9296875 0.99140625 0.0125 0.0171875
0 0.934375 0.9640625 0.0125 0.0125
0 0.9375 0.94375 0.0125 0.015625
0 0.99609375 0.8703125 0.0078125 0.015625
0 0.9203125 0.9046875 0.015625 0.015625
0 0.8296875 0.8859375 0.025 0.025
0 0.8265625 0.859375 0.021875 0.025
0 0.7375 0.909375 0.01875 0.015625
0 0.746875 0.9890625 0.015625 0.01875
0 0.7765625 0.99609375 0.01875 0.0078125
0 0.859375 0.85625 0.01875 0.021875
0 0.384375 0.95625 0.03125 0.034375
