0 0.35625 0.4171875 0.046875 0.046875
0 0.2671875 0.1984375 0.040625 0.0375
0 0.515625 0.465625 0.040625 0.0375
0 0.8296875 0.3828125 0.0375 0.040625
0 0.55625 0.4125 0.03125 0.034375
0 0.79375 0.203125 0.04375 0.0375
0 0.6078125 0.4140625 0.040625 0.0375
0 0.27656249999999993 0.4859375 0.034375 0.03125
0 0.4875 0.4609375 0.034375 0.034375
0 0.853125 0.309375 0.05 0.0375
0 0.3390625 0.3140625 0.03125 0.034375
0 0.4015625 0.38125 0.025 0.021875
0 0.33125 0.4015625 0.025 0.021875
0 0.85625 0.44375 0.015625 0.0125
0 0.2546875 0.44375 0.03125 0.025
0 0.4703125 0.4734375 0.0375 0.034375
0 0.415625 0.415625 0.021875 0.021875
0 0.4421875 0.4109375 0.025 0.021875
0 0.29999999999999993 0.2265625 0.01875 0.01875
0 0.6609375 0.2421875 0.03125 0.0375
0 0.8234375 0.27812500000000007 0.03125 0.028125
