0 0.9234375 0.6703125 0.115625 0.134375
0 0.3328125 0.4859375 0.1 0.109375
0 0.26875 0.3359375 0.09375 0.09375
0 0.97109375 0.734375 0.0578125 0.140625
0 0.103125 0.5484375 0.090625 0.09375
0 0.2015625 0.56875 0.10625 0.103125
0 0.99765625 0.6890625 0.0046875 0.121875
0 0.6125 0.159375 0.09375 0.0875
0 0.4546875 0.178125 0.0625 0.075
0 0.403125 0.2515625 0.1 0.103125
0 0.98359375 0.475 0.0328125 0.0875
0 0.9390625 0.2265625 0.121875 0.1625
0 0.071875 0.2140625 0.040625 0.034375
0 0.4140625 0.4921875 0.05625 0.059375
