0 0.38125 0.02734375 0.084375 0.0546875
0 0.425 0.359375 0.05 0.05625
0 0.95 0.3484375 0.071875 0.0875
0 0.4609375 0.01171875 0.065625 0.0234375
0 0.5359375 0.446875 0.059375 0.05625
0 0.8859375 0.365625 0.08125 0.078125
0 0.36875 0.0609375 0.078125 0.05625
0 0.2171875 0.0140625 0.059375 0.028125
0 0.4640625 0.2640625 0.071875 0.06875
0 0.6515625 0.240625 0.065625 0.053125
0 0.4828125 0.3546875 0.034375 0.040625
0 0.95 0.0515625 0.046875 0.071875
0 0.80625 0.1390625 0.059375 0.08125
0 0.6078125 0.4953125 0.075 0.0625
0 0.28437499999999993 0.09062499999999998 0.05 0.05
0 0.31562499999999993 0.0390625 0.065625 0.053125
0 0.728125 0.2375 0.078125 0.071875
