0 0.6265625 0.43125 0.090625 0.109375
0 0.715625 0.2734375 0.13125 0.13125
0 0.259375 0.021875 0.096875 0.04375
0 0.5578125 0.6390625 0.121875 0.140625
0 0.6125 0.1671875 0.06875 0.06875
0 0.890625 0.1546875 0.08125 0.084375
0 0.8015625 0.4859375 0.065625 0.075
0 0.48125 0.4921875 0.103125 0.109375
0 0.9671875 0.4765625 0.0625 0.084375
0 0.909375 0.0296875 0.078125 0.059375
0 0.7546875 0.0609375 0.071875 0.065625
0 0.859375 0.4703125 0.071875 0.078125
0 0.51875 0.93125 0.059375 0.05625
0 0.190625 0.8703125 0.05 0.046875
0 0.5828125 0.4421875 0.0375 0.05
0 0.853125 0.990625 0.034375 0.01875
0 0.5421875 0.9703125 0.028125 0.028125
0 0.66875 0.965625 0.0375 0.0375
