0 0.96953125 0.1484375 0.0609375 0.0875
0 0.4140625 0.5015625 0.078125 0.078125
0 0.253125 0.003125 0.071875 0.00625
0 0.3828125 0.7875 0.0625 0.05625
0 0.9140625 0.14375 0.071875 0.0875
0 0.425 0.221875 0.075 0.075
0 0.8921875 0.53125 0.0625 0.06875
0 0.296875 0.815625 0.0625 0.05
0 0.18593750000000003 0.0203125 0.071875 0.040625
0 0.5859375 0.0875 0.053125 0.06875
0 0.9921875 0.534375 0.015625 0.071875
0 0.175 0.221875 0.05 0.059375
0 0.540625 0.803125 0.0625 0.065625
0 0.196875 0.71875 0.053125 0.05625
0 0.753125 0.340625 0.05625 0.053125
0 0.55 0.5265625 0.06875 0.06875
0 0.4203125 0.30625 0.071875 0.078125
0 0.7593750000000001 0.1546875 0.05625 0.078125
0 0.240625 0.503125 0.05 0.059375
0 0.7515625 0.03515625 0.06875 0.0703125
0 0.4078125 0.575 0.0625 0.071875
0 0.1421875 0.628125 0.059375 0.06875
0 0.85 0.58125 0.05 0.059375
0 0.621875 0.559375 0.053125 0.05625
0 0.7953125 0.640625 0.040625 0.046875
0 0.240625 0.02109375 0.06875 0.0421875
