0 0.2453125 0.24375 0.084375 0.08125
0 0.6703125 0.3 0.05 0.040625
0 0.71875 0.2078125 0.0625 0.05625
0 0.3296875 0.971875 0.059375 0.05625
0 0.5734375 0.265625 0.065625 0.05625
0 0.0265625 0.5984375 0.053125 0.08125
0 0.7078125 0.4546875 0.065625 0.0625
0 0.5531249999999999 0.3078125 0.0375 0.03125
0 0.58125 0.58125 0.05 0.046875
0 0.2734375 0.359375 0.075 0.084375
0 0.353125 0.884375 0.06875 0.059375
0 0.59375 0.5046875 0.05625 0.059375
0 0.7765625 0.4375 0.053125 0.05
0 0.278125 0.096875 0.065625 0.06875
