0 0.9109375 0.75 0.109375 0.1125
0 0.3890625 0.8234375 0.090625 0.09375
0 0.803125 0.85625 0.078125 0.0875
0 0.15625 0.7578125 0.084375 0.071875
0 0.453125 0.5515625 0.090625 0.1
0 0.628125 0.271875 0.0875 0.0875
0 0.275 0.546875 0.10625 0.096875
0 0.1828125 0.25625 0.115625 0.1125
0 0.99609375 0.6828125 0.0078125 0.09375
0 0.9546875 0.3046875 0.078125 0.096875
0 0.6031250000000001 0.5328125 0.071875 0.071875
0 0.36875 0.7578125 0.078125 0.078125
0 0.5515625 0.3125 0.084375 0.0875
0 0.96875 0.97421875 0.0625 0.0515625
0 0.996875 0.33906249999999993 0.00625 0.05
0 0.8125 0.43125 0.053125 0.059375
