0 0.13125 0.0296875 0.046875 0.059375
0 0.2859375 0.259375 0.121875 0.09375
0 0.37968750000000007 0.290625 0.121875 0.103125
0 0.7421875 0.0515625 0.125 0.103125
0 0.8796875 0.0390625 0.128125 0.078125
0 0.9671875 0.059375 0.0625 0.11875
0 0.95625 0.4578125 0.084375 0.11875
0 0.6515625 0.74375 0.084375 0.096875
0 0.98125 0.6703125 0.034375 0.078125
0 0.3703125 0.8109375 0.103125 0.075
0 0.2234375 0.9203125 0.109375 0.05625
0 0.0140625 0.9546875 0.028125 0.075
0 0.428125 0.98359375 0.125 0.0328125
0 0.53125 0.0625 0.06875 0.0625
