0 0.5234375 0.81875 0.053125 0.065625
0 0.1625 0.875 0.05625 0.065625
0 0.3015625 0.6828125 0.05 0.0625
0 0.43125 0.7828125 0.059375 0.078125
0 0.85625 0.5421875 0.0625 0.071875
0 0.584375 0.609375 0.040625 0.0375
0 0.1625 0.5328125 0.046875 0.04375
0 0.909375 0.9234375 0.075 0.053125
0 0.875 0.978125 0.028125 0.015625
0 0.865625 0.8734375 0.05 0.046875
0 0.9265625 0.8859375 0.065625 0.065625
0 0.2796875 0.7328125 0.025 0.025
0 0.340625 0.7328125 0.040625 0.059375
0 0.8359375 0.80625 0.028125 0.01875
