0 0.6859375 0.43125 0.08125 0.0875
0 0.7625 0.4390625 0.08125 0.0875
0 0.1734375 0.6046875 0.08125 0.08125
0 0.7921875 0.7890625 0.075 0.078125
0 0.5734375 0.2328125 0.071875 0.08125
0 0.5140625 0.2734375 0.078125 0.06875
0 0.6046875 0.3734375 0.075 0.053125
0 0.5421875 0.1203125 0.05 0.05625
0 0.5625 0.2890625 0.08125 0.071875
0 0.640625 0.478125 0.0375 0.059375
0 0.7859375 0.1515625 0.06875 0.0875
0 0.221875 0.2734375 0.05 0.053125
0 0.7453125 0.6296875 0.053125 0.03125
0 0.746875 0.5421875 0.053125 0.040625
0 0.5359375 0.515625 0.034375 0.05625
0 0.2203125 0.6359375 0.0625 0.065625
0 0.2890625 0.3078125 0.03125 0.034375
0 0.1484375 0.1640625 0.053125 0.0625
0 0.9859375 0.4421875 0.028125 0.053125
