0 0.65625 0.7203125 0.009375 0.015625
0 0.971875 0.7703125 0.015625 0.0125
0 0.8078125 0.778125 0.015625 0.0125
0 0.8765625 0.6234375 0.015625 0.0125
0 0.9140625 0.6265625 0.015625 0.0125
0 0.6078125 0.715625 0.0125 0.0125
0 0.6296875 0.7078125 0.015625 0.0125
0 0.6671875 0.6734375 0.0125 0.0125
0 0.7171875 0.6453125 0.0125 0.0125
0 0.6234375 0.6765625 0.015625 0.00625
0 0.6359375 0.671875 0.0125 0.0125
0 0.5703125 0.6546875 0.015625 0.0125
0 0.5984375 0.6515625 0.0125 0.0125
0 0.5375 0.628125 0.0125 0.009375
0 0.4546875 0.6390625 0.009375 0.009375
0 0.5125 0.596875 0.009375 0.009375
