0 0.2953125 0.003125 0.0625 0.00625
0 0.96953125 0.0296875 0.0609375 0.059375
0 0.4125 0.3109375 0.05625 0.053125
0 0.4234375 0.7453125 0.059375 0.05625
0 0.146875 0.01171875 0.05625 0.0234375
0 0.240625 0.2828125 0.0625 0.06875
0 0.98203125 0.4921875 0.0359375 0.04375
0 0.3078125 0.71875 0.059375 0.040625
0 0.4265625 0.815625 0.05 0.05
0 0.5375 0.828125 0.05625 0.05
0 0.0984375 0.7515625 0.05 0.04375
0 0.1546875 0.6109375 0.04375 0.0375
0 0.1734375 0.5859375 0.05 0.065625
0 0.95 0.284375 0.04375 0.053125
0 0.1140625 0.4421875 0.053125 0.059375
0 0.9078125 0.153125 0.059375 0.05625
0 0.065625 0.115625 0.04375 0.05
0 0.1078125 0.7015625 0.046875 0.04375
0 0.0078125 0.54375 0.015625 0.0625
0 0.5734375 0.64375 0.03125 0.034375
0 0.10625 0.7015625 0.04375 0.040625
0 0.834375 0.35 0.0375 0.04375
0 0.0171875 0.1828125 0.034375 0.059375
0 0.015625 0.1828125 0.03125 0.059375
0 0.0484375 0.65625 0.0375 0.034375
0 0.1203125 0.796875 0.0375 0.03125
0 0.7609375 0.4703125 0.046875 0.040625
0 0.8109375 0.4 0.040625 0.04375
0 0.86875 0.546875 0.0375 0.03125
0 0.596875 0.5546875 0.03125 0.025
0 0.2140625 0.659375 0.046875 0.04375
0 0.2765625 0.8078125 0.046875 0.04375
0 0.5140625 0.1890625 0.025 0.025
0 0.9625 0.1546875 0.025 0.021875
