0 0.26875 0.896875 0.046875 0.025
0 0.7 0.903125 0.03125 0.034375
0 0.8578125 0.7890625 0.03125 0.025
0 0.225 0.815625 0.028125 0.028125
0 0.2671875 0.6859375 0.040625 0.0375
0 0.4828125 0.9421875 0.03125 0.025
0 0.35625 0.7984375 0.028125 0.034375
0 0.25625 0.990625 0.025 0.01875
0 0.734375 0.9046875 0.01875 0.028125
0 0.6609375 0.834375 0.03125 0.0375
0 0.715625 0.825 0.028125 0.046875
0 0.7734375 0.8140625 0.025 0.025
0 0.8390625 0.915625 0.028125 0.021875
0 0.6296875 0.8640625 0.028125 0.034375
0 0.865625 0.8796875 0.01875 0.015625
0 0.8953125 0.8671875 0.01875 0.01875
0 0.7296875 0.9703125 0.015625 0.021875
0 0.7546875 0.9796875 0.028125 0.025
0 0.3453125 0.759375 0.03125 0.025
0 0.7890625 0.9125 0.025 0.021875
0 0.178125 0.784375 0.021875 0.021875
0 0.396875 0.9234375 0.03125 0.01875
0 0.8390625 0.9171875 0.028125 0.021875
0 0.5453125 0.9109375 0.025 0.021875
0 0.515625 0.98125 0.034375 0.03125
0 0.428125 0.7296875 0.01875 0.025
0 0.440625 0.7 0.03125 0.028125
0 0.48125 0.8625 0.021875 0.034375
0 0.5140625 0.8546875 0.034375 0.03125
0 0.9671875 0.79375 0.015625 0.00625
0 0.9015625 0.7578125 0.01875 0.021875
0 0.6171875 0.99375 0.01875 0.0125
0 0.6375 0.9546875 0.021875 0.025
0 0.4015625 0.9984375 0.034375 0.003125
0 0.33125 0.8546875 0.025 0.025
0 0.359375 0.8953125 0.01875 0.0125
0 0.4546875 0.74375 0.01875 0.021875
0 0.246875 0.959375 0.028125 0.01875
