0 0.3734375 0.9375 0.046875 0.04375
0 0.1328125 0.915625 0.034375 0.04375
0 0.6578125 0.996875 0.04375 0.00625
0 0.64375 0.98984375 0.03125 0.0203125
0 0.1984375 0.9796875 0.0375 0.040625
0 0.69375 0.803125 0.028125 0.028125
0 0.81875 0.9125 0.021875 0.028125
0 0.540625 0.8640625 0.034375 0.034375
0 0.4328125 0.915625 0.034375 0.040625
0 0.4734375 0.915625 0.0375 0.040625
0 0.1546875 0.9953125 0.03125 0.009375
0 0.7125 0.8453125 0.01875 0.021875
0 0.7546875 0.840625 0.021875 0.03125
0 0.384375 0.896875 0.028125 0.034375
0 0.85 0.915625 0.028125 0.021875
0 0.84375 0.95 0.034375 0.03125
0 0.7296875 0.8296875 0.028125 0.03125
0 0.4765625 0.9609375 0.03125 0.034375
0 0.5078125 0.9359375 0.028125 0.03125
0 0.5859375 0.7109375 0.015625 0.015625
0 0.5359375 0.73125 0.01875 0.0125
0 0.4390625 0.9640625 0.028125 0.028125
