0 0.815625 0.5578125 0.0875 0.090625
0 0.48125 0.721875 0.065625 0.0625
0 0.9640625 0.5046875 0.071875 0.090625
0 0.2328125 0.6765625 0.071875 0.078125
0 0.821875 0.665625 0.05625 0.071875
0 0.8078125 0.928125 0.084375 0.08125
0 0.5234375 0.06875 0.053125 0.065625
0 0.553125 0.396875 0.059375 0.0875
0 0.1421875 0.446875 0.0375 0.046875
0 0.1828125 0.4125 0.065625 0.08125
0 0.984375 0.5765625 0.03125 0.08125
0 0.9703125 0.6328125 0.04375 0.065625
0 0.1625 0.125 0.05625 0.065625
0 0.40625 0.4046875 0.05 0.071875
0 0.328125 0.6046875 0.05 0.0625
0 0.653125 0.66875 0.06875 0.071875
0 0.3375 0.4 0.0625 0.04375
0 0.99375 0.8859375 0.0125 0.034375
0 0.43125 0.0359375 0.059375 0.071875
0 0.734375 0.5234375 0.071875 0.059375
0 0.909375 0.1734375 0.075 0.053125
0 0.875 0.228125 0.028125 0.015625
0 0.865625 0.1234375 0.05 0.046875
0 0.9265625 0.1359375 0.065625 0.065625
0 0.1234375 0.4328125 0.04375 0.053125
0 0.890625 0.69375 0.04375 0.059375
0 0.2953125 0.6796875 0.065625 0.065625
0 0.3640625 0.690625 0.059375 0.04375
0 0.925 0.8765625 0.040625 0.040625
0 0.9953125 0.7515625 0.009375 0.053125
0 0.340625 0.00625 0.040625 0.0125
0 0.8359375 0.05625 0.028125 0.01875
0 0.0078125 0.45625 0.015625 0.04375
0 0.64375 0.734375 0.04375 0.046875
