0 0.3453125 0.803125 0.034375 0.034375
0 0.265625 0.534375 0.01875 0.015625
0 0.2328125 0.534375 0.021875 0.015625
0 0.9296875 0.6828125 0.01875 0.021875
0 0.4125 0.53125 0.021875 0.015625
0 0.8390625 0.4984375 0.025 0.01875
0 0.8421875 0.6734375 0.021875 0.01875
0 0.3421875 0.8046875 0.034375 0.034375
0 0.740625 0.7046875 0.01875 0.01875
0 0.553125 0.5390625 0.0125 0.015625
0 0.50625 0.51875 0.01875 0.015625
0 0.53125 0.490625 0.0125 0.009375
0 0.671875 0.5109375 0.015625 0.015625
0 0.6953125 0.5125 0.015625 0.015625
0 0.6921875 0.496875 0.009375 0.009375
0 0.04375 0.540625 0.01875 0.015625
0 0.1640625 0.5203125 0.01875 0.015625
0 0.1015625 0.50625 0.0125 0.01875
0 0.1296875 0.5046875 0.015625 0.0125
0 0.065625 0.4671875 0.0125 0.015625
