0 0.4578125 0.45 0.053125 0.053125
0 0.54375 0.565625 0.05 0.046875
0 0.2625 0.6328125 0.034375 0.0375
0 0.1609375 0.625 0.034375 0.0375
0 0.94375 0.6484375 0.04375 0.05625
0 0.5078125 0.4515625 0.046875 0.05
0 0.378125 0.5703125 0.040625 0.0375
0 0.3015625 0.5515625 0.040625 0.03125
0 0.3328125 0.5078125 0.034375 0.040625
0 0.528125 0.65 0.040625 0.03125
0 0.6578125 0.5171875 0.040625 0.03125
0 0.2859375 0.3 0.034375 0.03125
0 0.2953125 0.665625 0.034375 0.034375
0 0.6890625 0.325 0.053125 0.05625
0 0.71875 0.540625 0.05625 0.05
0 0.478125 0.6265625 0.025 0.021875
0 0.071875 0.2125 0.0125 0.0125
0 0.11875 0.203125 0.0125 0.009375
0 0.1234375 0.2828125 0.0125 0.0125
0 0.075 0.2953125 0.01875 0.015625
0 0.1578125 0.2359375 0.015625 0.0125
0 0.0875 0.1578125 0.0125 0.009375
0 0.6015625 0.01171875 0.03125 0.0234375
0 0.4421875 0.321875 0.034375 0.034375
0 0.2 0.28125 0.01875 0.015625
0 0.4296875 0.5140625 0.01875 0.01875
