0 0.1640625 0.6984375 0.0375 0.028125
0 0.1765625 0.65 0.021875 0.021875
0 0.1265625 0.9671875 0.01875 0.021875
0 0.2390625 0.971875 0.03125 0.01875
0 0.365625 0.9359375 0.028125 0.025
0 0.4078125 0.8921875 0.046875 0.05
0 0.4171875 0.7546875 0.03125 0.025
0 0.0140625 0.846875 0.009375 0.01875
0 0.040625 0.846875 0.04375 0.046875
0 0.30625 0.8046875 0.034375 0.021875
0 0.3328125 0.78125 0.025 0.025
0 0.3546875 0.7875 0.028125 0.028125
0 0.5875 0.8375 0.034375 0.034375
0 0.2671875 0.7875 0.021875 0.025
0 0.5328125 0.91875 0.03125 0.025
0 0.5890625 0.9140625 0.03125 0.025
0 0.20625 0.6515625 0.025 0.025
0 0.2265625 0.6515625 0.025 0.021875
0 0.11875 0.940625 0.025 0.028125
0 0.1703125 0.95 0.03125 0.028125
0 0.446875 0.7578125 0.03125 0.028125
0 0.678125 0.96875 0.03125 0.0375
0 0.1953125 0.9484375 0.034375 0.025
0 0.26875 0.965625 0.025 0.025
0 0.4109375 0.8875 0.046875 0.040625
0 0.075 0.878125 0.025 0.025
0 0.0875 0.8640625 0.028125 0.021875
0 0.10625 0.8765625 0.025 0.025
0 0.140625 0.8703125 0.028125 0.025
0 0.58125 0.9875 0.025 0.025
0 0.6453125 0.99375 0.025 0.0125
0 0.384375 0.6484375 0.028125 0.028125
0 0.384375 0.6484375 0.034375 0.025
0 0.3265625 0.953125 0.03125 0.01875
0 0.125 0.846875 0.04375 0.025
0 0.190625 0.890625 0.025 0.028125
0 0.209375 0.9015625 0.01875 0.01875
0 0.3015625 0.9203125 0.025 0.021875
0 0.784375 0.840625 0.0125 0.015625
0 0.8296875 0.8421875 0.01875 0.0125
0 0.9125 0.8203125 0.0125 0.015625
0 0.934375 0.8078125 0.015625 0.01875
0 0.6109375 0.8171875 0.028125 0.01875
0 0.5015625 0.8328125 0.0375 0.025
0 0.625 0.7015625 0.03125 0.0375
0 0.665625 0.6328125 0.028125 0.021875
0 0.4109375 0.6875 0.015625 0.015625
0 0.6234375 0.909375 0.03125 0.025
0 0.7234375 0.7734375 0.021875 0.025
