0 0.415625 0.5046875 0.0375 0.03125
0 0.5390625 0.328125 0.040625 0.0375
0 0.9125 0.5734375 0.04375 0.046875
0 0.3734375 0.1875 0.046875 0.04375
0 0.9625 0.5546875 0.040625 0.0375
0 0.1328125 0.165625 0.034375 0.04375
0 0.4125 0.4265625 0.034375 0.034375
0 0.6578125 0.2625 0.04375 0.0375
0 0.64375 0.2484375 0.03125 0.0375
0 0.1984375 0.2296875 0.0375 0.040625
0 0.69375 0.053125 0.028125 0.028125
0 0.7640625 0.371875 0.040625 0.04375
0 0.81875 0.1625 0.021875 0.028125
0 0.540625 0.1140625 0.034375 0.034375
0 0.2078125 0.5375 0.03125 0.028125
0 0.4328125 0.165625 0.034375 0.040625
0 0.5859375 0.340625 0.05 0.05625
0 0.7515625 0.575 0.028125 0.025
0 0.4515625 0.4265625 0.04375 0.040625
0 0.9890625 0.6125 0.021875 0.046875
0 0.4734375 0.165625 0.0375 0.040625
0 0.66875 0.56875 0.0375 0.04375
0 0.36875 0.425 0.04375 0.04375
0 0.225 0.321875 0.034375 0.03125
0 0.1546875 0.2578125 0.03125 0.034375
0 0.7125 0.0953125 0.01875 0.021875
0 0.7546875 0.090625 0.021875 0.03125
0 0.99453125 0.509375 0.0109375 0.0375
0 0.3375 0.3765625 0.0375 0.04375
0 0.63125 0.6765625 0.034375 0.03125
0 0.6953125 0.60625 0.028125 0.0375
0 0.58125 0.60625 0.028125 0.040625
0 0.8390625 0.64375 0.021875 0.021875
0 0.446875 0.3421875 0.0375 0.03125
0 0.384375 0.146875 0.028125 0.034375
0 0.184375 0.54375 0.034375 0.0375
0 0.540625 0.3765625 0.03125 0.03125
0 0.728125 0.6171875 0.025 0.03125
0 0.6984375 0.5609375 0.03125 0.0375
0 0.39375 0.3265625 0.034375 0.034375
0 0.2328125 0.50625 0.028125 0.021875
0 0.1515625 0.4984375 0.015625 0.015625
0 0.3484375 0.4109375 0.021875 0.021875
0 0.85 0.165625 0.028125 0.021875
0 0.84375 0.2 0.034375 0.03125
0 0.7296875 0.0796875 0.028125 0.03125
0 0.871875 0.64375 0.025 0.021875
0 0.89375 0.6078125 0.01875 0.021875
0 0.4765625 0.2109375 0.03125 0.034375
0 0.5078125 0.1859375 0.028125 0.03125
0 0.4390625 0.2140625 0.028125 0.028125
0 0.190625 0.2671875 0.025 0.021875
0 0.784375 0.4734375 0.028125 0.015625
