0 0.0984375 0.9640625 0.0375 0.034375
0 0.0390625 0.884375 0.034375 0.028125
0 0.01015625 0.9109375 0.0203125 0.034375
0 0.1546875 0.8484375 0.034375 0.034375
0 0.0984375 0.928125 0.065625 0.021875
0 0.0765625 0.884375 0.028125 0.03125
0 0.0140625 0.7578125 0.028125 0.028125
0 0.084375 0.7390625 0.028125 0.028125
0 0.1125 0.7421875 0.028125 0.028125
0 0.29375 0.5078125 0.025 0.01875
0 0.203125 0.446875 0.025 0.034375
0 0.1296875 0.428125 0.03125 0.025
0 0.165625 0.4078125 0.021875 0.01875
0 0.0015625 0.5546875 0.003125 0.03125
0 0.0140625 0.4546875 0.028125 0.034375
0 0.040625 0.54375 0.01875 0.028125
