0 0.8109375 0.5375 0.08125 0.084375
0 0.321875 0.3140625 0.078125 0.0875
0 0.1765625 0.3453125 0.06875 0.05
0 0.2453125 0.2984375 0.075 0.075
0 0.6234375 0.8109375 0.084375 0.08125
0 0.7171875 0.7 0.059375 0.053125
0 0.671875 0.6046875 0.075 0.05625
0 0.834375 0.99765625 0.10625 0.0046875
0 0.753125 0.5953125 0.053125 0.053125
0 0.153125 0.1171875 0.065625 0.075
0 0.85 0.9171875 0.075 0.053125
0 0.6515625 0.99375 0.05625 0.0125
0 0.6609375 0.9625 0.078125 0.065625
0 0.5140625 0.4921875 0.046875 0.05625
0 0.5515625 0.2453125 0.05 0.05
0 0.7375 0.95625 0.071875 0.071875
0 0.0046875 0.5203125 0.009375 0.0625
0 0.5796875 0.2703125 0.034375 0.03125
0 0.5328125 0.8546875 0.059375 0.046875
0 0.10625 0.7984375 0.046875 0.0375
0 0.2046875 0.775 0.05 0.05625
0 0.840625 0.99765625 0.103125 0.0046875
0 0.3546875 0.534375 0.053125 0.065625
0 0.0578125 0.6109375 0.0375 0.028125
0 0.4578125 0.9953125 0.025 0.009375
0 0.559375 0.8296875 0.025 0.06875
0 0.8328125 0.7046875 0.025 0.040625
0 0.890625 0.6765625 0.01875 0.021875
0 0.9359375 0.684375 0.04375 0.05
0 0.9953125 0.6453125 0.00625 0.021875
0 0.8234375 0.409375 0.040625 0.05
0 0.2453125 0.7015625 0.053125 0.06875
0 0.1890625 0.484375 0.015625 0.009375
0 0.2828125 0.4 0.015625 0.01875
