0 0.296875 0.5765625 0.025 0.01875
0 0.309375 0.5640625 0.0125 0.021875
0 0.3296875 0.540625 0.04375 0.0375
0 0.1515625 0.5703125 0.0375 0.034375
0 0.7765625 0.5359375 0.025 0.028125
0 0.7921875 0.6375 0.0125 0.015625
0 0.8390625 0.5953125 0.01875 0.0125
0 0.665625 0.65 0.0125 0.009375
0 0.6875 0.640625 0.0125 0.009375
0 0.69375 0.628125 0.015625 0.009375
0 0.7046875 0.621875 0.021875 0.021875
0 0.89375 0.675 0.015625 0.01875
0 0.934375 0.6515625 0.0125 0.01875
0 0.5625 0.6515625 0.01875 0.0125
0 0.5625 0.559375 0.01875 0.015625
0 0.5953125 0.6046875 0.01875 0.01875
0 0.728125 0.609375 0.01875 0.015625
0 0.8328125 0.58125 0.01875 0.015625
0 0.1109375 0.7421875 0.021875 0.01875
0 0.2125 0.5609375 0.015625 0.0125
0 0.6765625 0.5078125 0.0125 0.009375
0 0.6625 0.575 0.0125 0.009375
0 0.684375 0.5765625 0.0125 0.0125
0 0.640625 0.528125 0.009375 0.0125
