0 0.5734375 0.803125 0.0375 0.03125
0 0.9015625 0.5703125 0.0375 0.034375
0 0.575 0.7125 0.03125 0.034375
0 0.0140625 0.440625 0.01875 0.01875
0 0.06875 0.4171875 0.0125 0.0125
0 0.0546875 0.5125 0.0125 0.009375
0 0.075 0.5140625 0.0125 0.0125
0 0.090625 0.5484375 0.01875 0.009375
0 0.0984375 0.53125 0.015625 0.0125
0 0.0671875 0.4796875 0.01875 0.015625
0 0.596875 0.7703125 0.0375 0.034375
0 0.6140625 0.71875 0.0375 0.025
0 0.6875 0.60625 0.025 0.025
0 0.728125 0.6453125 0.040625 0.03125
0 0.8609375 0.7421875 0.021875 0.01875
0 0.66875 0.590625 0.025 0.025
0 0.9625 0.5609375 0.015625 0.0125
0 0.3203125 0.54375 0.015625 0.0125
