0 0.0265625 0.5359375 0.025 0.028125
0 0.0421875 0.6375 0.0125 0.015625
0 0.0890625 0.5953125 0.01875 0.0125
0 0.9796875 0.7015625 0.025 0.021875
0 0.984375 0.6734375 0.028125 0.021875
0 0.14375 0.675 0.015625 0.01875
0 0.184375 0.6515625 0.0125 0.01875
0 0.3328125 0.628125 0.0125 0.015625
0 0.0828125 0.58125 0.01875 0.015625
0 0.8953125 0.7671875 0.015625 0.0125
0 0.99375 0.8234375 0.009375 0.01875
0 0.9171875 0.759375 0.0125 0.0125
0 0.9390625 0.7453125 0.015625 0.021875
0 0.8390625 0.7296875 0.009375 0.009375
