0 0.0375 0.746875 0.015625 0.01875
0 0.05625 0.746875 0.028125 0.025
0 0.453125 0.75625 0.028125 0.028125
0 0.4890625 0.625 0.01875 0.021875
0 0.6890625 0.88125 0.015625 0.0125
0 0.7015625 0.871875 0.028125 0.028125
0 0.7265625 0.753125 0.03125 0.025
0 0.5234375 0.7578125 0.025 0.021875
0 0.7671875 0.840625 0.0375 0.03125
0 0.521875 0.628125 0.028125 0.025
0 0.6109375 0.603125 0.021875 0.025
0 0.1640625 0.6359375 0.009375 0.0125
0 0.178125 0.6359375 0.0125 0.0125
0 0.1890625 0.65 0.009375 0.015625
0 0.3125 0.6234375 0.015625 0.01875
0 0.246875 0.6 0.0125 0.015625
0 0.4953125 0.81875 0.01875 0.015625
0 0.5125 0.7984375 0.021875 0.015625
0 0.5625 0.834375 0.015625 0.0125
0 0.5796875 0.81875 0.015625 0.015625
0 0.6125 0.753125 0.015625 0.01875
0 0.6265625 0.771875 0.015625 0.015625
0 0.6515625 0.775 0.015625 0.015625
0 0.665625 0.7734375 0.0125 0.015625
0 0.8390625 0.89375 0.03125 0.03125
0 0.9203125 0.9171875 0.03125 0.034375
0 0.99375 0.940625 0.009375 0.028125
0 0.315625 0.7078125 0.021875 0.01875
0 0.2203125 0.6421875 0.0125 0.015625
0 0.7421875 0.8953125 0.015625 0.0125
