0 0.01015625 0.7140625 0.0203125 0.028125
0 0.440625 0.734375 0.021875 0.021875
0 0.475 0.725 0.028125 0.025
0 0.7875 0.746875 0.015625 0.01875
0 0.80625 0.746875 0.028125 0.025
0 0.5734375 0.7140625 0.021875 0.025
0 0.628125 0.6984375 0.03125 0.025
0 0.0859375 0.5953125 0.028125 0.028125
0 0.14375 0.6171875 0.021875 0.021875
0 0.16875 0.615625 0.025 0.025
0 0.7203125 0.8046875 0.015625 0.01875
0 0.6046875 0.759375 0.01875 0.015625
0 0.378125 0.73125 0.034375 0.025
0 0.3859375 0.6578125 0.015625 0.01875
0 0.440625 0.4859375 0.01875 0.021875
0 0.4421875 0.6140625 0.015625 0.025
0 0.4328125 0.6953125 0.021875 0.021875
0 0.546875 0.6765625 0.021875 0.015625
0 0.6359375 0.6109375 0.021875 0.015625
0 0.646875 0.7328125 0.025 0.015625
0 0.65 0.709375 0.021875 0.021875
0 0.9140625 0.6359375 0.009375 0.0125
0 0.928125 0.6359375 0.0125 0.0125
0 0.9390625 0.65 0.009375 0.015625
0 0.9953125 0.6 0.009375 0.015625
0 0.9703125 0.6421875 0.0125 0.015625
