0 0.1140625 0.7390625 0.05 0.046875
0 0.059375 0.7390625 0.053125 0.046875
0 0.653125 0.8203125 0.040625 0.0375
0 0.3640625 0.9578125 0.040625 0.0375
0 0.028125 0.496875 0.053125 0.05
0 0.1796875 0.4765625 0.05 0.046875
0 0.0171875 0.746875 0.03125 0.04375
0 0.428125 0.8390625 0.040625 0.040625
0 0.059375 0.459375 0.05625 0.05
0 0.23125 0.4953125 0.0375 0.034375
0 0.703125 0.846875 0.03125 0.0375
0 0.2375 0.4234375 0.05 0.040625
0 0.396875 0.85 0.0375 0.04375
0 0.253125 0.675 0.0375 0.03125
0 0.2953125 0.6453125 0.040625 0.0375
0 0.4578125 0.65625 0.0375 0.040625
0 0.11875 0.475 0.0375 0.0375
0 0.8484375 0.9640625 0.0375 0.034375
0 0.1640625 0.5203125 0.04375 0.040625
0 0.3984375 0.4453125 0.053125 0.04375
0 0.7296875 0.9234375 0.01875 0.021875
0 0.7890625 0.884375 0.034375 0.028125
0 0.2578125 0.90625 0.04375 0.040625
0 0.109375 0.653125 0.034375 0.028125
0 0.7546875 0.9109375 0.03125 0.034375
0 0.253125 0.628125 0.04375 0.04375
0 0.9046875 0.8484375 0.034375 0.034375
0 0.8484375 0.928125 0.065625 0.021875
0 0.8265625 0.884375 0.028125 0.03125
0 0.6984375 0.80625 0.0375 0.03125
0 0.721875 0.759375 0.034375 0.0375
0 0.7640625 0.7578125 0.028125 0.028125
0 0.834375 0.7390625 0.028125 0.028125
0 0.3328125 0.6359375 0.05 0.046875
0 0.2515625 0.628125 0.040625 0.04375
0 0.4265625 0.884375 0.04375 0.0375
0 0.5421875 0.7484375 0.025 0.025
0 0.584375 0.725 0.034375 0.03125
0 0.8625 0.7421875 0.028125 0.028125
0 0.021875 0.8265625 0.040625 0.04375
0 0.103125 0.2859375 0.05 0.053125
0 0.215625 0.903125 0.040625 0.04375
0 0.953125 0.446875 0.025 0.034375
0 0.8796875 0.428125 0.03125 0.025
0 0.915625 0.4078125 0.021875 0.01875
0 0.740625 0.5546875 0.025 0.03125
0 0.7578125 0.4546875 0.040625 0.034375
0 0.5453125 0.8953125 0.034375 0.034375
0 0.5796875 0.890625 0.028125 0.034375
0 0.5890625 0.8484375 0.04375 0.028125
0 0.4796875 0.765625 0.040625 0.034375
0 0.596875 0.7921875 0.028125 0.021875
0 0.6046875 0.7484375 0.03125 0.040625
0 0.3734375 0.5609375 0.04375 0.040625
0 0.4890625 0.5203125 0.025 0.025
0 0.5578125 0.528125 0.021875 0.01875
0 0.15 0.2875 0.040625 0.03125
0 0.790625 0.54375 0.01875 0.028125
