0 0.36875 0.075 0.025 0.03125
0 0.7359375 0.140625 0.021875 0.021875
0 0.4390625 0.2265625 0.021875 0.01875
0 0.665625 0.159375 0.025 0.025
0 0.6875 0.1640625 0.028125 0.025
0 0.3078125 0.25 0.01875 0.015625
0 0.334375 0.234375 0.021875 0.01875
0 0.4984375 0.2921875 0.01875 0.015625
0 0.59375 0.3125 0.021875 0.021875
0 0.6171875 0.3015625 0.015625 0.01875
0 0.6578125 0.2953125 0.01875 0.021875
0 0.5859375 0.0484375 0.021875 0.021875
0 0.721875 0.2640625 0.025 0.015625
0 0.728125 0.24375 0.021875 0.025
0 0.5375 0.3 0.021875 0.021875
0 0.8546875 0.2640625 0.021875 0.01875
0 0.5625 0.296875 0.021875 0.021875
0 0.53125 0.0859375 0.021875 0.021875
0 0.8140625 0.265625 0.021875 0.015625
0 0.546875 0.0453125 0.028125 0.021875
0 0.615625 0.165625 0.025 0.025
0 0.8703125 0.190625 0.01875 0.015625
0 0.2390625 0.253125 0.021875 0.0125
0 0.240625 0.2265625 0.015625 0.0125
0 0.8734375 0.2609375 0.015625 0.0125
0 0.8515625 0.209375 0.021875 0.021875
0 0.915625 0.3140625 0.015625 0.0125
0 0.9171875 0.290625 0.025 0.021875
0 0.2296875 0.1703125 0.01875 0.015625
0 0.278125 0.1734375 0.015625 0.01875
0 0.2578125 0.1109375 0.015625 0.0125
0 0.2484375 0.1 0.015625 0.01875
0 0.4578125 0.2421875 0.021875 0.01875
0 0.4109375 0.2109375 0.015625 0.015625
0 0.4734375 0.225 0.01875 0.01875
0 0.5203125 0.2328125 0.01875 0.01875
0 0.5078125 0.2140625 0.028125 0.028125
0 0.5546875 0.25 0.021875 0.01875
0 0.8875 0.0953125 0.021875 0.015625
0 0.9140625 0.0375 0.021875 0.015625
0 0.6484375 0.271875 0.015625 0.015625
0 0.996875 0.2140625 0.00625 0.01875
0 0.35 0.2484375 0.015625 0.015625
0 0.4328125 0.2140625 0.021875 0.015625
0 0.44375 0.203125 0.021875 0.025
0 0.465625 0.20625 0.021875 0.025
0 0.49375 0.315625 0.015625 0.0125
0 0.7125 0.25 0.01875 0.021875
0 0.7546875 0.14375 0.01875 0.01875
0 0.2453125 0.2328125 0.0125 0.015625
