0 0.0453125 0.3390625 0.071875 0.071875
0 0.725 0.8015625 0.059375 0.05625
0 0.4890625 0.396875 0.065625 0.065625
0 0.4359375 0.246875 0.059375 0.059375
0 0.4203125 0.6234375 0.05 0.053125
0 0.3296875 0.703125 0.053125 0.053125
0 0.7828125 0.01484375 0.059375 0.0296875
0 0.4046875 0.428125 0.059375 0.053125
0 0.66875 0.18125 0.05625 0.05
0 0.2890625 0.721875 0.04375 0.0375
0 0.5171875 0.215625 0.075 0.065625
0 0.98125 0.225 0.0375 0.053125
0 0.396875 0.50625 0.05625 0.078125
0 0.340625 0.178125 0.05 0.04375
0 0.846875 0.1421875 0.06875 0.059375
0 0.9140625 0.115625 0.05625 0.053125
0 0.3546875 0.4828125 0.040625 0.03125
0 0.546875 0.5234375 0.05 0.046875
0 0.28125 0.690625 0.05 0.04375
