0 0.1609375 0.9890625 0.040625 0.021875
0 0.0265625 0.8046875 0.040625 0.0375
0 0.203125 0.7375 0.034375 0.034375
0 0.884375 0.746875 0.034375 0.025
0 0.796875 0.9109375 0.028125 0.025
0 0.490625 0.85625 0.028125 0.01875
0 0.496875 0.8140625 0.034375 0.028125
0 0.2 0.8828125 0.046875 0.04375
0 0.00390625 0.9484375 0.0078125 0.034375
0 0.6234375 0.8515625 0.021875 0.01875
0 0.66875 0.8453125 0.025 0.01875
0 0.015625 0.6421875 0.03125 0.040625
0 0.6171875 0.825 0.025 0.025
0 0.675 0.8109375 0.025 0.021875
0 0.709375 0.821875 0.0375 0.03125
0 0.759375 0.9171875 0.03125 0.028125
0 0.64375 0.9078125 0.01875 0.01875
0 0.0359375 0.7640625 0.034375 0.03125
0 0.9140625 0.8640625 0.025 0.021875
0 0.6375 0.6484375 0.028125 0.025
0 0.0890625 0.6328125 0.028125 0.01875
0 0.7234375 0.9125 0.028125 0.021875
0 0.175 0.9171875 0.03125 0.028125
0 0.6953125 0.8890625 0.01875 0.021875
0 0.7546875 0.865625 0.028125 0.028125
0 0.30625 0.9953125 0.021875 0.009375
0 0.0625 0.9109375 0.021875 0.025
0 0.0140625 0.971875 0.025 0.021875
0 0.425 0.890625 0.01875 0.01875
0 0.1171875 0.65 0.034375 0.03125
0 0.515625 0.89375 0.021875 0.021875
0 0.6484375 0.7640625 0.021875 0.015625
0 0.8265625 0.95625 0.01875 0.015625
0 0.84375 0.95 0.021875 0.015625
0 0.9515625 0.928125 0.021875 0.015625
0 0.971875 0.9125 0.01875 0.015625
0 0.990625 0.9203125 0.015625 0.021875
0 0.9234375 0.809375 0.015625 0.009375
0 0.93125 0.7734375 0.015625 0.0125
