0 0.75625 0.7140625 0.028125 0.028125
0 0.5546875 0.540625 0.03125 0.021875
0 0.5515625 0.51875 0.021875 0.025
0 0.4765625 0.7171875 0.028125 0.025
0 0.1921875 0.684375 0.028125 0.021875
0 0.3015625 0.6984375 0.03125 0.046875
0 0.35 0.6828125 0.025 0.025
0 0.6515625 0.6703125 0.028125 0.01875
0 0.6328125 0.4921875 0.025 0.028125
0 0.4625 0.3734375 0.025 0.025
0 0.2765625 0.775 0.028125 0.028125
0 0.54375 0.6546875 0.021875 0.028125
0 0.8359375 0.5953125 0.028125 0.028125
0 0.615625 0.6734375 0.0125 0.0125
0 0.5859375 0.6796875 0.025 0.025
0 0.1953125 0.653125 0.03125 0.025
0 0.3078125 0.6125 0.03125 0.03125
0 0.434375 0.5765625 0.025 0.025
0 0.63125 0.6078125 0.01875 0.01875
0 0.6515625 0.55625 0.025 0.025
0 0.6140625 0.621875 0.025 0.021875
0 0.678125 0.64375 0.025 0.021875
0 0.465625 0.7875 0.034375 0.028125
0 0.89375 0.6171875 0.021875 0.021875
0 0.91875 0.615625 0.025 0.025
