0 0.3671875 0.99140625 0.053125 0.0171875
0 0.446875 0.99296875 0.05625 0.0140625
0 0.40625 0.975 0.059375 0.046875
0 0.284375 0.9 0.05 0.04375
0 0.521875 0.9484375 0.03125 0.04375
0 0.353125 0.5703125 0.025 0.03125
0 0.515625 0.9921875 0.04375 0.015625
0 0.3984375 0.5765625 0.028125 0.025
0 0.409375 0.5390625 0.03125 0.025
0 0.6765625 0.97578125 0.075 0.0484375
0 0.7296875 0.98125 0.046875 0.0375
0 0.78125 0.9828125 0.05 0.034375
0 0.503125 0.89375 0.06875 0.053125
0 0.8109375 0.7640625 0.084375 0.059375
0 0.296875 0.8515625 0.05625 0.040625
0 0.48125 0.8109375 0.05625 0.025
