0 0.3171875 0.4140625 0.04375 0.0375
0 0.5015625 0.5953125 0.034375 0.03125
0 0.5640625 0.6328125 0.040625 0.03125
0 0.9640625 0.5484375 0.028125 0.025
0 0.278125 0.453125 0.046875 0.034375
0 0.8453125 0.3078125 0.040625 0.0375
0 0.5078125 0.1421875 0.03125 0.034375
0 0.753125 0.3546875 0.034375 0.0375
0 0.1828125 0.18125 0.034375 0.0375
0 0.6234375 0.3515625 0.03125 0.040625
0 0.43125 0.471875 0.03125 0.034375
0 0.690625 0.603125 0.028125 0.025
0 0.3984375 0.43125 0.0375 0.04375
0 0.8125 0.5421875 0.046875 0.0375
0 0.83125 0.5046875 0.034375 0.040625
0 0.45625 0.6015625 0.0375 0.034375
0 0.39375 0.5828125 0.03125 0.025
0 0.71875 0.3421875 0.03125 0.034375
0 0.58125 0.1421875 0.034375 0.03125
0 0.48125 0.2125 0.03125 0.0375
0 0.6125 0.6140625 0.03125 0.028125
0 0.1328125 0.46875 0.025 0.025
0 0.79375 0.5140625 0.034375 0.034375
0 0.3234375 0.4796875 0.034375 0.03125
0 0.375 0.48125 0.021875 0.021875
0 0.75 0.5859375 0.034375 0.025
0 0.884375 0.3109375 0.0375 0.040625
0 0.2390625 0.49375 0.028125 0.025
0 0.26875 0.434375 0.046875 0.021875
0 0.271875 0.409375 0.0375 0.040625
0 0.2 0.384375 0.03125 0.028125
0 0.2140625 0.3640625 0.028125 0.021875
0 0.6609375 0.565625 0.021875 0.015625
0 0.496875 0.5109375 0.028125 0.028125
0 0.53125 0.5265625 0.01875 0.009375
0 0.5328125 0.4796875 0.015625 0.015625
0 0.615625 0.4640625 0.01875 0.034375
0 0.6765625 0.3734375 0.028125 0.015625
0 0.3484375 0.4578125 0.0375 0.025
0 0.378125 0.4109375 0.021875 0.015625
0 0.14375 0.4921875 0.01875 0.0125
0 0.7265625 0.28125 0.01875 0.01875
0 0.840625 0.2046875 0.0125 0.015625
0 0.54375 0.1421875 0.028125 0.021875
0 0.4703125 0.1828125 0.025 0.015625
0 0.9484375 0.4296875 0.028125 0.025
0 0.7703125 0.3828125 0.03125 0.025
0 0.9921875 0.36875 0.015625 0.021875
0 0.5359375 0.3328125 0.0125 0.0125
0 0.4328125 0.6125 0.015625 0.015625
