0 0.93125 0.5078125 0.025 0.025
0 0.1578125 0.5515625 0.0125 0.0125
0 0.08125 0.56875 0.028125 0.021875
0 0.7890625 0.5515625 0.0125 0.0125
0 0.85 0.5453125 0.0125 0.015625
0 0.8640625 0.5234375 0.01875 0.01875
0 0.9625 0.528125 0.015625 0.0125
0 0.959375 0.515625 0.015625 0.0125
0 0.978125 0.5671875 0.009375 0.01875
0 0.984375 0.49375 0.021875 0.021875
0 0.778125 0.575 0.009375 0.009375
0 0.7765625 0.503125 0.0125 0.009375
0 0.2875 0.5046875 0.00625 0.0125
0 0.2421875 0.48125 0.009375 0.009375
0 0.39375 0.4890625 0.009375 0.009375
0 0.4125 0.465625 0.009375 0.0125
0 0.446875 0.5234375 0.009375 0.009375
0 0.0125 0.484375 0.0125 0.015625
0 0.034375 0.46875 0.01875 0.015625
0 0.0390625 0.515625 0.015625 0.01875
0 0.03125 0.5828125 0.01875 0.015625
0 0.0734375 0.534375 0.015625 0.021875
0 0.05 0.4828125 0.015625 0.015625
0 0.06875 0.5 0.021875 0.015625
0 0.1390625 0.4859375 0.015625 0.01875
0 0.0671875 0.471875 0.01875 0.01875
0 0.0546875 0.4546875 0.009375 0.009375
0 0.1734375 0.5375 0.015625 0.015625
0 0.146875 0.39375 0.0125 0.0125
