0 0.5796875 0.5921875 0.025 0.025
0 0.534375 0.475 0.028125 0.025
0 0.9078125 0.5515625 0.0125 0.0125
0 0.83125 0.56875 0.028125 0.021875
0 0.9921875 0.48125 0.009375 0.009375
0 0.6296875 0.5109375 0.01875 0.015625
0 0.6671875 0.3796875 0.028125 0.021875
0 0.6546875 0.4515625 0.021875 0.01875
0 0.6640625 0.475 0.021875 0.021875
0 0.7625 0.484375 0.0125 0.015625
0 0.784375 0.46875 0.01875 0.015625
0 0.7890625 0.515625 0.015625 0.01875
0 0.78125 0.5828125 0.01875 0.015625
0 0.8234375 0.534375 0.015625 0.021875
0 0.8 0.4828125 0.015625 0.015625
0 0.81875 0.5 0.021875 0.015625
0 0.8890625 0.4859375 0.015625 0.01875
0 0.8171875 0.471875 0.01875 0.01875
0 0.8046875 0.4546875 0.009375 0.009375
0 0.9234375 0.5375 0.015625 0.015625
0 0.63125 0.5921875 0.015625 0.015625
0 0.6140625 0.5765625 0.01875 0.01875
0 0.3578125 0.428125 0.0125 0.0125
0 0.3578125 0.3984375 0.015625 0.009375
0 0.3203125 0.359375 0.015625 0.0125
0 0.896875 0.39375 0.0125 0.0125
