0 0.2140625 0.86875 0.05625 0.0625
0 0.0375 0.8203125 0.065625 0.05
0 0.0375 0.7140625 0.059375 0.059375
0 0.24375 0.9390625 0.053125 0.06875
0 0.590625 0.98828125 0.05625 0.0234375
0 0.0375 0.946875 0.04375 0.05625
0 0.0734375 0.678125 0.0625 0.06875
0 0.396875 0.8109375 0.0625 0.06875
0 0.4328125 0.7640625 0.05 0.05
0 0.7359375 0.8875 0.04375 0.0375
0 0.753125 0.8546875 0.03125 0.04375
0 0.6296875 0.7234375 0.059375 0.0625
0 0.325 0.803125 0.046875 0.04375
0 0.7890625 0.9046875 0.046875 0.040625
0 0.4546875 0.7140625 0.04375 0.053125
0 0.4046875 0.6703125 0.046875 0.040625
