0 0.546875 0.6875 0.04375 0.04375
0 0.7375 0.7453125 0.05 0.04375
0 0.8 0.8609375 0.040625 0.04375
0 0.865625 0.8375 0.046875 0.040625
0 0.4578125 0.871875 0.034375 0.034375
0 0.9515625 0.765625 0.034375 0.046875
0 0.6734375 0.9484375 0.053125 0.05
0 0.1390625 0.7515625 0.03125 0.025
0 0.9296875 0.6359375 0.04375 0.04375
0 0.978125 0.7828125 0.028125 0.040625
0 0.5640625 0.809375 0.03125 0.028125
0 0.896875 0.7390625 0.028125 0.034375
0 0.0578125 0.8375 0.03125 0.03125
0 0.7234375 0.8234375 0.040625 0.034375
0 0.3703125 0.61875 0.015625 0.01875
0 0.2578125 0.728125 0.028125 0.025
0 0.2484375 0.7015625 0.03125 0.025
0 0.6203125 0.6421875 0.040625 0.0375
0 0.4890625 0.9546875 0.040625 0.028125
0 0.0859375 0.790625 0.01875 0.01875
