0 0.04375 0.578125 0.078125 0.078125
0 0.8640625 0.35 0.065625 0.071875
0 0.0125 0.6171875 0.025 0.05625
0 0.6953125 0.6984375 0.059375 0.040625
0 0.7046875 0.65 0.065625 0.059375
0 0.775 0.6625 0.0625 0.05625
0 0.7390625 0.4046875 0.059375 0.053125
0 0.5921875 0.98125 0.053125 0.0375
0 0.8671875 0.68125 0.046875 0.05625
0 0.4046875 0.071875 0.071875 0.075
0 0.625 0.59375 0.05 0.053125
0 0.4609375 0.096875 0.08125 0.078125
0 0.3921875 0.5765625 0.053125 0.065625
0 0.8296875 0.778125 0.0625 0.065625
0 0.7515625 0.98125 0.0375 0.034375
0 0.23125 0.85625 0.0375 0.0375
0 0.546875 0.9734375 0.040625 0.04375
0 0.76875 0.5296875 0.059375 0.0375
0 0.8921875 0.425 0.05 0.071875
0 0.665625 0.1578125 0.053125 0.059375
0 0.5765625 0.6515625 0.065625 0.05625
0 0.01171875 0.946875 0.0234375 0.021875
0 0.275 0.15625 0.04375 0.028125
0 0.3328125 0.08125 0.075 0.078125
0 0.4203125 0.98046875 0.046875 0.0390625
0 0.7671875 0.528125 0.059375 0.034375
0 0.625 0.6703125 0.053125 0.071875
0 0.6953125 0.98125 0.0375 0.0375
0 0.4515625 0.940625 0.04375 0.034375
0 0.5265625 0.8671875 0.059375 0.040625
0 0.678125 0.546875 0.04375 0.0625
0 0.80625 0.403125 0.0625 0.05
0 0.33125 0.5421875 0.06875 0.09375
0 0.8484375 0.790625 0.05625 0.06875
0 0.6796875 0.528125 0.040625 0.028125
0 0.125 0.2875 0.059375 0.065625
0 0.596875 0.33125 0.08125 0.0625
0 0.7046875 0.846875 0.05625 0.053125
0 0.0875 0.865625 0.0375 0.053125
0 0.134375 0.5671875 0.065625 0.0625
0 0.3640625 0.4625 0.1125 0.065625
0 0.2609375 0.74375 0.034375 0.03125
0 0.153125 0.7171875 0.025 0.025
0 0.515625 0.6765625 0.05 0.053125
0 0.54375 0.7 0.040625 0.040625
0 0.58125 0.6921875 0.04375 0.040625
