0 0.5671875 0.2875 0.025 0.03125
0 0.028125 0.4265625 0.028125 0.03125
0 0.490625 0.3203125 0.040625 0.0375
0 0.4125 0.225 0.028125 0.03125
0 0.315625 0.3046875 0.03125 0.040625
0 0.3984375 0.0234375 0.03125 0.028125
0 0.425 0.1046875 0.040625 0.03125
0 0.509375 0.284375 0.021875 0.0375
0 0.928125 0.034375 0.053125 0.046875
0 0.2484375 0.3296875 0.03125 0.034375
0 0.271875 0.259375 0.021875 0.025
0 0.3828125 0.2875 0.025 0.028125
0 0.3515625 0.2828125 0.01875 0.025
0 0.325 0.325 0.025 0.025
0 0.5328125 0.3015625 0.015625 0.021875
0 0.659375 0.3171875 0.01875 0.03125
0 0.4703125 0.2796875 0.021875 0.028125
0 0.4546875 0.1328125 0.021875 0.028125
0 0.46875 0.146875 0.021875 0.03125
0 0.8203125 0.1546875 0.01875 0.01875
0 0.8125 0.0875 0.015625 0.0125
0 0.765625 0.1109375 0.01875 0.01875
0 0.775 0.015625 0.01875 0.01875
0 0.7890625 0.15625 0.015625 0.015625
0 0.8046875 0.1421875 0.015625 0.015625
