0 0.01484375 0.690625 0.0296875 0.31875
0 0.1484375 0.2125 0.234375 0.290625
0 0.7265625 0.33125 0.340625 0.328125
0 0.215625 0.86875 0.165625 0.15625
0 0.384375 0.803125 0.184375 0.184375
0 0.3671875 0.9234375 0.196875 0.153125
0 0.96796875 0.96328125 0.0640625 0.0734375
0 0.93359375 0.8734375 0.1328125 0.175
0 0.4625 0.6828125 0.14375 0.140625
0 0.7359375 0.715625 0.11875 0.134375
0 0.8625 0.7703125 0.140625 0.140625
0 0.84375 0.5578125 0.1125 0.109375
0 0.95703125 0.69375 0.0859375 0.084375
0 0.8453125 0.1734375 0.203125 0.225
0 0.1671875 0.6609375 0.25625 0.29375
