0 0.91875 0.578125 0.078125 0.078125
0 0.45 0.4859375 0.075 0.071875
0 0.759375 0.2265625 0.078125 0.075
0 0.4546875 0.2015625 0.075 0.08125
0 0.584375 0.74375 0.046875 0.04375
0 0.5390625 0.7390625 0.04375 0.04375
0 0.865625 0.6171875 0.06875 0.05625
0 0.6875 0.2328125 0.06875 0.0625
0 0.7890625 0.634375 0.075 0.090625
0 0.175 0.6890625 0.05 0.05
0 0.23125 0.634375 0.05625 0.046875
0 0.2390625 0.2 0.053125 0.053125
0 0.1203125 0.5234375 0.03125 0.040625
0 0.2703125 0.5265625 0.065625 0.059375
0 0.85625 0.6984375 0.034375 0.03125
0 0.665625 0.3546875 0.053125 0.0375
0 0.696875 0.3125 0.059375 0.06875
0 0.203125 0.215625 0.05 0.0625
0 0.2296875 0.5328125 0.0375 0.046875
0 0.321875 0.2921875 0.046875 0.04375
0 0.5640625 0.3015625 0.075 0.05625
0 0.0796875 0.540625 0.025 0.021875
0 0.009375 0.471875 0.01875 0.03125
0 0.3375 0.696875 0.034375 0.05
0 0.884375 0.946875 0.028125 0.021875
0 0.7671875 0.8625 0.021875 0.021875
0 0.146875 0.634375 0.021875 0.028125
0 0.2296875 0.5296875 0.0375 0.046875
0 0.8015625 0.871875 0.01875 0.028125
0 0.83125 0.8859375 0.028125 0.025
0 0.3515625 0.7375 0.028125 0.028125
0 0.98515625 0.2875 0.0296875 0.065625
0 0.09375 0.4671875 0.028125 0.028125
0 0.8625 0.8890625 0.0125 0.0125
0 0.9625 0.865625 0.0375 0.053125
0 0.98828125 0.5671875 0.0234375 0.0625
0 0.7171875 0.00703125 0.034375 0.0140625
0 0.80625 0.0515625 0.084375 0.05625
0 0.275 0.23125 0.046875 0.05
0 0.7 0.8515625 0.009375 0.009375
0 0.584375 0.5046875 0.05625 0.021875
0 0.7765625 0.775 0.05625 0.028125
0 0.2109375 0.7390625 0.0125 0.009375
0 0.5015625 0.215625 0.034375 0.053125
0 0.5296875 0.8421875 0.009375 0.009375
0 0.5453125 0.865625 0.00625 0.015625
0 0.5421875 0.84375 0.009375 0.0125
