0 0.4984375 0.2359375 0.0625 0.08125
0 0.1234375 0.3765625 0.06875 0.071875
0 0.675 0.040625 0.08125 0.08125
0 0.1328125 0.025 0.053125 0.05
0 0.2859375 0.01953125 0.059375 0.0390625
0 0.9015625 0.2078125 0.06875 0.065625
0 0.0609375 0.0390625 0.040625 0.04375
0 0.0171875 0.4234375 0.03125 0.03125
0 0.0515625 0.421875 0.0375 0.0375
0 0.1734375 0.0296875 0.05 0.05
0 0.46875 0.0234375 0.04375 0.046875
0 0.0171875 0.384375 0.034375 0.04375
0 0.171875 0.02734375 0.05 0.0546875
0 0.0296875 0.1203125 0.028125 0.03125
0 0.096875 0.065625 0.040625 0.034375
0 0.075 0.4171875 0.0625 0.05625
0 0.0296875 0.009375 0.034375 0.01875
0 0.2015625 0.10625 0.040625 0.0375
0 0.3546875 0.01953125 0.040625 0.0390625
0 0.753125 0.203125 0.05 0.053125
0 0.2296875 0.2375 0.025 0.025
0 0.00546875 0.296875 0.0109375 0.03125
0 0.4453125 0.1953125 0.015625 0.01875
0 0.1234375 0.2296875 0.025 0.03125
