0 0.4984375 0.97265625 0.0625 0.0546875
0 0.859375 0.496875 0.06875 0.0625
0 0.675 0.7875 0.08125 0.0875
0 0.0484375 0.509375 0.065625 0.075
0 0.7390625 0.540625 0.0375 0.03125
0 0.8 0.4828125 0.065625 0.059375
0 0.1328125 0.76875 0.053125 0.0625
0 0.2859375 0.76875 0.059375 0.040625
0 0.328125 0.6984375 0.0625 0.053125
0 0.9015625 0.9578125 0.06875 0.065625
0 0.0609375 0.7890625 0.040625 0.04375
0 0.1734375 0.7796875 0.05 0.05
0 0.46875 0.7671875 0.04375 0.059375
0 0.171875 0.775 0.05 0.059375
0 0.7734375 0.6109375 0.040625 0.04375
0 0.0296875 0.8703125 0.028125 0.03125
0 0.096875 0.815625 0.040625 0.034375
0 0.3015625 0.365625 0.04375 0.05
0 0.2078125 0.6828125 0.059375 0.05625
0 0.0296875 0.75 0.034375 0.0375
0 0.2015625 0.85625 0.040625 0.0375
0 0.3546875 0.76875 0.040625 0.040625
0 0.753125 0.953125 0.05 0.053125
0 0.2296875 0.9875 0.025 0.025
0 0.4453125 0.9453125 0.015625 0.01875
0 0.1234375 0.9796875 0.025 0.03125
0 0.0640625 0.6421875 0.025 0.021875
