0 0.4109375 0.3265625 0.1125 0.1
0 0.821875 0.5625 0.0875 0.09375
0 0.20625 0.8453125 0.1125 0.109375
0 0.371875 0.525 0.078125 0.084375
0 0.48125 0.7328125 0.103125 0.115625
0 0.8890625 0.5890625 0.078125 0.08125
0 0.221875 0.6828125 0.090625 0.0875
0 0.56875 0.196875 0.09375 0.08125
0 0.4140625 0.97265625 0.06875 0.0546875
0 0.340625 0.9765625 0.08125 0.046875
0 0.9703125 0.5078125 0.059375 0.096875
0 0.5453125 0.953125 0.08125 0.09375
0 0.546875 0.478125 0.071875 0.071875
0 0.234375 0.2953125 0.0625 0.08125
0 0.815625 0.284375 0.08125 0.103125
0 0.71875 0.8015625 0.05 0.078125
0 0.5421875 0.75 0.0375 0.03125
0 0.4953125 0.4515625 0.0375 0.0375
0 0.375 0.05 0.025 0.025
0 0.96796875 0.81875 0.0640625 0.075
