0 0.5765625 0.7421875 0.05625 0.053125
0 0.00625 0.7453125 0.0125 0.04375
0 0.05 0.8609375 0.040625 0.04375
0 0.115625 0.8375 0.046875 0.040625
0 0.7375 0.7859375 0.05625 0.0625
0 0.4484375 0.9 0.046875 0.046875
0 0.2015625 0.765625 0.034375 0.046875
0 0.7609375 0.8890625 0.04375 0.071875
0 0.325 0.803125 0.028125 0.025
0 0.1796875 0.6359375 0.04375 0.04375
0 0.4 0.853125 0.028125 0.0375
0 0.228125 0.7828125 0.028125 0.040625
0 0.271875 0.7890625 0.028125 0.021875
0 0.146875 0.7390625 0.028125 0.034375
