0 0.125 0.6125 0.084375 0.08125
0 0.571875 0.7421875 0.071875 0.078125
0 0.734375 0.5171875 0.0625 0.059375
0 0.4078125 0.4921875 0.06875 0.065625
0 0.8515625 0.55625 0.046875 0.028125
0 0.846875 0.5171875 0.046875 0.0375
0 0.9234375 0.509375 0.065625 0.075
0 0.603125 0.90625 0.05 0.053125
0 0.3890625 0.8453125 0.059375 0.046875
0 0.45 0.790625 0.053125 0.0625
0 0.41875 0.9765625 0.05625 0.0375
0 0.79375 0.940625 0.0375 0.059375
0 0.990625 0.76875 0.01875 0.0625
0 0.3890625 0.9 0.053125 0.053125
0 0.1375 0.53125 0.075 0.0625
0 0.9359375 0.7890625 0.040625 0.04375
0 0.4203125 0.9234375 0.05625 0.05625
0 0.4515625 0.8640625 0.065625 0.05625
0 0.6828125 0.9015625 0.046875 0.05
0 0.9046875 0.8703125 0.028125 0.03125
0 0.971875 0.815625 0.040625 0.034375
0 0.8546875 0.6125 0.034375 0.0375
0 0.8171875 0.6140625 0.04375 0.0375
0 0.8140625 0.6171875 0.0375 0.0375
0 0.9046875 0.75 0.034375 0.0375
0 0.603125 0.7984375 0.05 0.03125
0 0.99296875 0.9796875 0.0140625 0.03125
0 0.9390625 0.6421875 0.025 0.021875
