0 0.5953125 0.9015625 0.075 0.059375
0 0.7109375 0.97578125 0.05625 0.0484375
0 0.18125 0.5078125 0.025 0.025
0 0.675 0.778125 0.03125 0.028125
0 0.3140625 0.534375 0.03125 0.021875
0 0.8734375 0.9328125 0.078125 0.084375
0 0.353125 0.65 0.021875 0.01875
0 0.4578125 0.590625 0.0125 0.025
0 0.475 0.5890625 0.01875 0.021875
0 0.3921875 0.58125 0.01875 0.01875
0 0.3265625 0.515625 0.025 0.01875
0 0.371875 0.521875 0.015625 0.0125
0 0.325 0.4953125 0.015625 0.015625
0 0.340625 0.4890625 0.01875 0.01875
0 0.0390625 0.5515625 0.0125 0.0125
0 0.1 0.5453125 0.0125 0.015625
0 0.1140625 0.5234375 0.01875 0.01875
0 0.2125 0.528125 0.015625 0.0125
0 0.209375 0.515625 0.015625 0.0125
0 0.228125 0.5671875 0.009375 0.01875
0 0.234375 0.49375 0.021875 0.021875
0 0.028125 0.575 0.009375 0.009375
0 0.0265625 0.503125 0.0125 0.009375
