0 0.853125 0.3671875 0.065625 0.084375
0 0.2140625 0.11875 0.05625 0.0625
0 0.7734375 0.440625 0.065625 0.065625
0 0.190625 0.603125 0.04375 0.046875
0 0.15 0.6296875 0.046875 0.053125
0 0.0375 0.0703125 0.065625 0.05
0 0.5390625 0.6125 0.053125 0.053125
0 0.24375 0.1890625 0.053125 0.06875
0 0.9828125 0.3203125 0.034375 0.0875
0 0.0984375 0.3703125 0.04375 0.05
0 0.1515625 0.3734375 0.046875 0.046875
0 0.775 0.3828125 0.06875 0.053125
0 0.4671875 0.3875 0.053125 0.08125
0 0.5390625 0.359375 0.059375 0.06875
0 0.590625 0.25625 0.05625 0.059375
0 0.5859375 0.4984375 0.05 0.040625
0 0.99296875 0.5078125 0.0140625 0.0375
0 0.0375 0.196875 0.04375 0.05625
0 0.9828125 0.65 0.034375 0.065625
0 0.925 0.49375 0.059375 0.059375
0 0.396875 0.0609375 0.0625 0.06875
0 0.4328125 0.01953125 0.05 0.0390625
0 0.7359375 0.1375 0.04375 0.0375
0 0.753125 0.1046875 0.03125 0.04375
0 0.909375 0.503125 0.046875 0.05625
0 0.1046875 0.55 0.03125 0.04375
0 0.6296875 0.00234375 0.059375 0.0046875
0 0.325 0.053125 0.046875 0.04375
0 0.2328125 0.6703125 0.04375 0.0375
0 0.346875 0.6109375 0.028125 0.034375
0 0.7890625 0.1546875 0.046875 0.040625
0 0.3921875 0.634375 0.040625 0.034375
0 0.7359375 0.721875 0.078125 0.0875
0 0.2609375 0.390625 0.05 0.046875
0 0.3 0.440625 0.034375 0.0375
0 0.78125 0.65625 0.0625 0.046875
