0 0.3546875 0.440625 0.025 0.034375
0 0.4234375 0.4578125 0.03125 0.03125
0 0.54375 0.54375 0.025 0.025
0 0.403125 0.678125 0.028125 0.025
0 0.175 0.7109375 0.040625 0.040625
0 0.4125 0.975 0.028125 0.03125
0 0.3984375 0.7734375 0.03125 0.028125
0 0.425 0.8546875 0.040625 0.03125
0 0.928125 0.784375 0.053125 0.046875
0 0.70625 0.628125 0.015625 0.015625
0 0.26875 0.6578125 0.01875 0.021875
0 0.35625 0.471875 0.01875 0.0125
0 0.4546875 0.8828125 0.021875 0.028125
0 0.46875 0.896875 0.021875 0.03125
0 0.8203125 0.9046875 0.01875 0.01875
0 0.8125 0.8375 0.015625 0.0125
0 0.765625 0.8609375 0.01875 0.01875
0 0.775 0.765625 0.01875 0.01875
0 0.7890625 0.90625 0.015625 0.015625
0 0.8046875 0.8921875 0.015625 0.015625
