0 0.3421875 0.5921875 0.053125 0.05
0 0.1484375 0.290625 0.05 0.0625
0 0.446875 0.2296875 0.040625 0.05
0 0.7390625 0.1359375 0.053125 0.06875
0 0.8109375 0.0796875 0.075 0.06875
0 0.7453125 0.2640625 0.065625 0.075
0 0.884375 0.403125 0.0375 0.05
0 0.2421875 0.0703125 0.05625 0.05
0 0.45 0.00703125 0.065625 0.0140625
0 0.71875 0.0296875 0.053125 0.05625
0 0.565625 0.15625 0.05 0.046875
0 0.496875 0.209375 0.053125 0.05
0 0.9328125 0.225 0.04375 0.053125
0 0.940625 0.3671875 0.05 0.053125
0 0.9890625 0.390625 0.01875 0.046875
0 0.896875 0.3734375 0.04375 0.046875
0 0.321875 0.2234375 0.053125 0.053125
0 0.15 0.2296875 0.04375 0.046875
0 0.4265625 0.0828125 0.053125 0.053125
0 0.5109375 0.0328125 0.046875 0.028125
0 0.053125 0.034375 0.053125 0.046875
