0 0.7265625 0.5984375 0.046875 0.0375
0 0.5578125 0.4296875 0.04375 0.053125
0 0.465625 0.4296875 0.021875 0.025
0 0.50625 0.421875 0.046875 0.04375
0 0.5703125 0.065625 0.040625 0.04375
0 0.4359375 0.4484375 0.04375 0.053125
0 0.54375 0.584375 0.034375 0.03125
0 0.98671875 0.471875 0.0265625 0.0375
0 0.6703125 0.6078125 0.046875 0.040625
0 0.7703125 0.6296875 0.040625 0.03125
0 0.240625 0.1234375 0.0375 0.059375
0 0.678125 0.153125 0.04375 0.04375
0 0.8609375 0.3328125 0.021875 0.0125
0 0.86875 0.309375 0.034375 0.040625
0 0.7234375 0.5078125 0.040625 0.040625
0 0.6609375 0.071875 0.034375 0.034375
0 0.7640625 0.0640625 0.034375 0.034375
0 0.5953125 0.471875 0.034375 0.034375
0 0.471875 0.48125 0.028125 0.04375
0 0.621875 0.440625 0.040625 0.046875
0 0.784375 0.321875 0.0375 0.034375
0 0.51875 0.459375 0.0375 0.034375
0 0.2828125 0.5375 0.03125 0.021875
0 0.8265625 0.6015625 0.04375 0.040625
0 0.8421875 0.221875 0.028125 0.0375
0 0.2171875 0.440625 0.034375 0.028125
0 0.825 0.6 0.04375 0.040625
0 0.35625 0.4234375 0.03125 0.0375
0 0.965625 0.5 0.021875 0.025
0 0.878125 0.58125 0.04375 0.0375
0 0.5140625 0.5125 0.040625 0.034375
0 0.1703125 0.4 0.025 0.015625
0 0.0921875 0.45625 0.040625 0.01875
0 0.5015625 0.315625 0.028125 0.04375
0 0.4078125 0.21875 0.025 0.021875
0 0.7953125 0.5609375 0.025 0.028125
0 0.7203125 0.421875 0.028125 0.0125
0 0.8109375 0.440625 0.021875 0.009375
0 0.6296875 0.1390625 0.01875 0.01875
0 0.521875 0.1328125 0.021875 0.025
0 0.9796875 0.525 0.021875 0.025
0 0.875 0.534375 0.021875 0.0375
0 0.271875 0.4171875 0.021875 0.01875
