0 0.1328125 0.040625 0.05625 0.053125
0 0.8875 0.0375 0.046875 0.040625
0 0.9015625 0.0765625 0.04375 0.05
0 0.3140625 0.3 0.053125 0.040625
0 0.3203125 0.278125 0.053125 0.053125
0 0.459375 0.2984375 0.0625 0.05625
0 0.925 0.321875 0.0625 0.05625
0 0.69375 0.353125 0.053125 0.05625
0 0.6390625 0.3578125 0.0625 0.059375
0 0.4921875 0.3828125 0.05625 0.053125
0 0.5640625 0.41875 0.05625 0.05625
0 0.665625 0.40625 0.059375 0.065625
0 0.70625 0.4359375 0.05625 0.059375
0 0.58125 0.3015625 0.059375 0.05
0 0.3453125 0.39375 0.01875 0.025
0 0.7359375 0.628125 0.059375 0.053125
0 0.8578125 0.63125 0.065625 0.071875
0 0.959375 0.6328125 0.06875 0.071875
0 0.846875 0.690625 0.05625 0.053125
0 0.965625 0.9515625 0.06875 0.08125
