0 0.93125 0.4921875 0.040625 0.046875
0 0.0359375 0.296875 0.01875 0.01875
0 0.728125 0.4015625 0.01875 0.01875
0 0.51875 0.309375 0.01875 0.01875
0 0.5390625 0.3203125 0.015625 0.01875
0 0.334375 0.421875 0.025 0.025
0 0.159375 0.3640625 0.021875 0.021875
0 0.615625 0.44375 0.0125 0.01875
0 0.45625 0.434375 0.01875 0.01875
0 0.2203125 0.4625 0.01875 0.01875
0 0.634375 0.4390625 0.015625 0.015625
0 0.540625 0.2859375 0.01875 0.0125
0 0.065625 0.3390625 0.0125 0.0125
0 0.096875 0.328125 0.0125 0.0125
0 0.9125 0.3375 0.0125 0.009375
0 0.8125 0.30625 0.015625 0.00625
