0 0.7421875 0.6546875 0.025 0.021875
0 0.484375 0.6484375 0.021875 0.021875
0 0.1484375 0.8890625 0.034375 0.034375
0 0.790625 0.7140625 0.021875 0.01875
0 0.671875 0.7421875 0.01875 0.015625
0 0.6578125 0.725 0.0125 0.015625
0 0.64375 0.7078125 0.0125 0.0125
0 0.5609375 0.640625 0.01875 0.01875
0 0.584375 0.6796875 0.009375 0.0125
0 0.5109375 0.5828125 0.0125 0.0125
0 0.3921875 0.6703125 0.0125 0.009375
0 0.34375 0.6921875 0.01875 0.015625
0 0.421875 0.7609375 0.009375 0.0125
0 0.75 0.6359375 0.015625 0.015625
0 0.8234375 0.7421875 0.01875 0.015625
0 0.7859375 0.75 0.025 0.015625
0 0.8890625 0.7390625 0.01875 0.015625
0 0.446875 0.759375 0.0125 0.0125
0 0.4921875 0.7421875 0.015625 0.0125
0 0.1171875 0.6890625 0.025 0.015625
0 0.1125 0.8671875 0.021875 0.028125
