0 0.7109375 0.5921875 0.075 0.075
0 0.6421875 0.5078125 0.075 0.065625
0 0.99453125 0.665625 0.0109375 0.06875
0 0.3375 0.5453125 0.071875 0.065625
0 0.6421875 0.603125 0.06875 0.06875
0 0.0203125 0.1671875 0.028125 0.03125
0 0.38125 0.6171875 0.025 0.03125
0 0.8828125 0.678125 0.03125 0.046875
0 0.915625 0.66875 0.028125 0.03125
0 0.0234375 0.2984375 0.034375 0.025
0 0.271875 0.2578125 0.05625 0.05
0 0.2484375 0.4515625 0.05625 0.065625
0 0.06875 0.16875 0.04375 0.028125
0 0.053125 0.2578125 0.075 0.0375
0 0.571875 0.234375 0.046875 0.065625
0 0.946875 0.5046875 0.034375 0.046875
0 0.771875 0.528125 0.05 0.0375
