0 0.1296875 0.5171875 0.103125 0.096875
0 0.23125 0.7109375 0.09375 0.090625
0 0.0390625 0.50625 0.078125 0.1
0 0.4015625 0.6515625 0.084375 0.075
0 0.9984375 0.859375 0.003125 0.090625
0 0.5 0.3203125 0.096875 0.078125
0 0.9109375 0.1765625 0.1 0.096875
0 0.296875 0.8203125 0.0625 0.053125
0 0.0328125 0.7703125 0.059375 0.05625
0 0.4953125 0.646875 0.059375 0.08125
0 0.96171875 0.9234375 0.0765625 0.090625
0 0.0421875 0.58125 0.059375 0.05
0 0.5484375 0.690625 0.06875 0.078125
0 0.0796875 0.60625 0.065625 0.06875
0 0.603125 0.6734375 0.046875 0.071875
0 0.3765625 0.4296875 0.04375 0.0875
0 0.2046875 0.4859375 0.065625 0.065625
0 0.2421875 0.0609375 0.040625 0.04375
0 0.3984375 0.7140625 0.040625 0.04375
