0 0.2703125 0.5 0.06875 0.06875
0 0.140625 0.5765625 0.059375 0.06875
0 0.0515625 0.61875 0.046875 0.05
0 0.3984375 0.640625 0.05 0.04375
0 0.00546875 0.3 0.0109375 0.0625
0 0.5703125 0.4109375 0.046875 0.04375
0 0.3125 0.7375 0.0375 0.040625
0 0.3609375 0.6703125 0.034375 0.046875
0 0.396875 0.575 0.05 0.05
0 0.3015625 0.8328125 0.028125 0.028125
0 0.1203125 0.878125 0.059375 0.05625
0 0.334375 0.8296875 0.034375 0.034375
0 0.4375 0.6078125 0.0375 0.03125
0 0.6234375 0.3078125 0.01875 0.025
0 0.5515625 0.2921875 0.0125 0.015625
0 0.6 0.2875 0.01875 0.01875
0 0.815625 0.2453125 0.028125 0.025
0 0.3984375 0.68125 0.04375 0.04375
0 0.5453125 0.5171875 0.05625 0.05625
0 0.68125 0.3265625 0.025 0.028125
0 0.93125 0.2703125 0.015625 0.0125
0 0.975 0.2546875 0.0125 0.0125
0 0.64375 0.3046875 0.01875 0.01875
0 0.5953125 0.3046875 0.015625 0.015625
