0 0.253125 0.1265625 0.03125 0.06875
0 0.3140625 0.13125 0.084375 0.078125
0 0.4171875 0.7359375 0.053125 0.04375
0 0.4625 0.6765625 0.075 0.075
0 0.99140625 0.3765625 0.0171875 0.078125
0 0.1171875 0.6046875 0.065625 0.0625
0 0.6265625 0.4328125 0.06875 0.065625
0 0.55625 0.4328125 0.06875 0.0625
0 0.4015625 0.6875 0.065625 0.059375
0 0.0625 0.621875 0.071875 0.06875
0 0.44375 0.3984375 0.075 0.096875
0 0.8796875 0.4453125 0.034375 0.05625
0 0.9875 0.56875 0.025 0.046875
0 0.7390625 0.5796875 0.03125 0.025
0 0.515625 0.2609375 0.053125 0.059375
0 0.2578125 0.31875 0.0625 0.059375
0 0.0046875 0.4453125 0.009375 0.053125
0 0.3578125 0.6703125 0.028125 0.05
0 0.5390625 0.73125 0.0375 0.04375
0 0.4984375 0.634375 0.025 0.028125
