0 0.56875 0.9734375 0.1125 0.053125
0 0.346875 0.459375 0.10625 0.1125
0 0.6234375 0.7671875 0.121875 0.11875
0 0.4171875 0.5234375 0.109375 0.0875
0 0.9296875 0.81875 0.103125 0.103125
0 0.45 0.9953125 0.065625 0.009375
0 0.6296875 0.884375 0.0875 0.065625
0 0.378125 0.9609375 0.071875 0.078125
0 0.0203125 0.659375 0.040625 0.071875
0 0.5765625 0.8109375 0.059375 0.090625
0 0.825 0.8546875 0.065625 0.0625
0 0.5109375 0.3984375 0.0625 0.0625
0 0.0890625 0.19375 0.025 0.021875
0 0.7109375 0.2515625 0.059375 0.053125
0 0.9578125 0.559375 0.046875 0.059375
0 0.396875 0.19375 0.021875 0.046875
