0 0.915625 0.90625 0.16875 0.1875
0 0.9015625 0.6796875 0.05 0.040625
0 0.61875 0.1390625 0.109375 0.115625
0 0.71875 0.475 0.125 0.090625
0 0.746875 0.1171875 0.115625 0.1125
0 0.5375 0.803125 0.103125 0.128125
0 0.3203125 0.0578125 0.075 0.071875
0 0.609375 0.325 0.109375 0.0875
0 0.8171875 0.309375 0.13125 0.128125
0 0.865625 0.4140625 0.071875 0.103125
0 0.4171875 0.959375 0.103125 0.08125
0 0.5 0.95859375 0.08125 0.0828125
0 0.1484375 0.2046875 0.096875 0.084375
0 0.1609375 0.121875 0.065625 0.040625
0 0.934375 0.2171875 0.04375 0.040625
