0 0.4328125 0.575 0.140625 0.153125
0 0.471875 0.05625 0.15 0.1125
0 0.9921875 0.25 0.015625 0.153125
0 0.203125 0.8171875 0.096875 0.08125
0 0.2109375 0.878125 0.096875 0.06875
0 0.2671875 0.125 0.109375 0.10625
0 0.0875 0.9328125 0.08125 0.071875
0 0.7109375 0.796875 0.08125 0.0875
0 0.153125 0.6125 0.059375 0.053125
0 0.834375 0.99609375 0.046875 0.0078125
0 0.8375 0.98671875 0.06875 0.0265625
0 0.0359375 0.2421875 0.071875 0.1
0 0.078125 0.153125 0.065625 0.084375
0 0.0234375 0.0890625 0.046875 0.08125
0 0.85625 0.9734375 0.028125 0.028125
0 0.9734375 0.6203125 0.028125 0.025
0 0.8765625 0.496875 0.04375 0.046875
0 0.778125 0.2390625 0.04375 0.040625
