0 0.2609375 0.365625 0.046875 0.05
0 0.89375 0.71875 0.04375 0.046875
0 0.940625 0.7265625 0.053125 0.04375
0 0.234375 0.425 0.046875 0.046875
0 0.7046875 0.7890625 0.05 0.04375
0 0.7484375 0.671875 0.0375 0.03125
0 0.6625 0.5125 0.053125 0.0625
0 0.6390625 0.4671875 0.05 0.05
0 0.5296875 0.3828125 0.04375 0.028125
0 0.9734375 0.44375 0.04375 0.04375
0 0.5859375 0.8046875 0.05625 0.05
0 0.6359375 0.6171875 0.059375 0.03125
0 0.709375 0.5859375 0.04375 0.05625
0 0.771875 0.484375 0.05625 0.0625
0 0.3390625 0.3609375 0.0375 0.046875
0 0.825 0.64375 0.03125 0.040625
0 0.29375 0.35 0.04375 0.04375
