0 0.71875 0.4515625 0.05625 0.04375
0 0.7375 0.3828125 0.075 0.075
0 0.471875 0.290625 0.04375 0.071875
0 0.578125 0.296875 0.071875 0.084375
0 0.390625 0.3625 0.065625 0.065625
0 0.425 0.90625 0.071875 0.06875
0 0.31875 0.5625 0.0625 0.053125
0 0.453125 0.8640625 0.05625 0.05625
0 0.5171875 0.2828125 0.065625 0.071875
0 0.8359375 0.4921875 0.03125 0.046875
0 0.8765625 0.4828125 0.0375 0.04375
0 0.95 0.4515625 0.0375 0.0375
0 0.9140625 0.396875 0.03125 0.025
0 0.8890625 0.21875 0.034375 0.034375
0 0.425 0.803125 0.0625 0.059375
0 0.9546875 0.4171875 0.034375 0.028125
0 0.403125 0.871875 0.05 0.04375
0 0.909375 0.2109375 0.021875 0.021875
