0 0.1734375 0.68125 0.08125 0.075
0 0.346875 0.8734375 0.04375 0.04375
0 0.2078125 0.825 0.071875 0.078125
0 0.840625 0.7734375 0.040625 0.040625
0 0.2546875 0.8125 0.03125 0.046875
0 0.790625 0.646875 0.04375 0.04375
0 0.9 0.684375 0.040625 0.040625
0 0.5296875 0.5109375 0.040625 0.03125
0 0.534375 0.4703125 0.0375 0.034375
0 0.659375 0.66875 0.0375 0.034375
0 0.6484375 0.734375 0.046875 0.040625
0 0.559375 0.775 0.040625 0.0375
0 0.284375 0.6671875 0.103125 0.084375
0 0.18125 0.909375 0.04375 0.0375
0 0.528125 0.98203125 0.05 0.0359375
0 0.484375 0.98359375 0.046875 0.0328125
