0 0.234375 0.7375 0.05625 0.05625
0 0.334375 0.9640625 0.065625 0.053125
0 0.4359375 0.7921875 0.0625 0.071875
0 0.4828125 0.8375 0.05625 0.053125
0 0.8890625 0.971875 0.034375 0.0375
0 0.54375 0.7828125 0.04375 0.046875
0 0.5859375 0.803125 0.05 0.046875
0 0.8125 0.978125 0.053125 0.04375
0 0.209375 0.7890625 0.053125 0.046875
0 0.396875 0.8046875 0.040625 0.053125
0 0.7375 0.8953125 0.05 0.040625
0 0.6234375 0.9703125 0.0375 0.046875
0 0.0234375 0.9484375 0.04375 0.075
0 0.6453125 0.48125 0.03125 0.021875
0 0.0109375 0.99296875 0.01875 0.0140625
0 0.3859375 0.8578125 0.01875 0.021875
0 0.5734375 0.915625 0.0125 0.01875
0 0.6984375 0.8890625 0.025 0.021875
0 0.671875 0.878125 0.025 0.01875
0 0.521875 0.8234375 0.040625 0.034375
