0 0.328125 0.2421875 0.146875 0.1625
0 0.821875 0.0359375 0.184375 0.071875
0 0.6984375 0.353125 0.171875 0.171875
0 0.0515625 0.7953125 0.103125 0.153125
0 0.4328125 0.9859375 0.115625 0.028125
0 0.69375 0.490625 0.165625 0.140625
0 0.2390625 0.803125 0.078125 0.065625
0 0.740625 0.578125 0.1625 0.1125
0 0.1921875 0.76875 0.071875 0.071875
0 0.96640625 0.95 0.0671875 0.1
0 0.525 0.98203125 0.078125 0.0359375
0 0.8296875 0.221875 0.075 0.0875
0 0.8984375 0.2234375 0.0625 0.075
0 0.790625 0.8875 0.01875 0.0125
0 0.6734375 0.9453125 0.08125 0.025
0 0.6859375 0.865625 0.05625 0.084375
0 0.121875 0.9859375 0.0125 0.0125
0 0.1390625 0.9875 0.015625 0.0125
0 0.15625 0.965625 0.034375 0.025
0 0.178125 0.940625 0.01875 0.015625
0 0.1109375 0.8921875 0.03125 0.028125
0 0.1015625 0.7109375 0.13125 0.125
0 0.021875 0.5515625 0.04375 0.034375
0 0.4125 0.6703125 0.040625 0.053125
0 0.6046875 0.375 0.084375 0.090625
