0 0.00390625 0.2859375 0.0078125 0.121875
0 0.2046875 0.609375 0.084375 0.090625
0 0.96875 0.02421875 0.0625 0.0484375
0 0.94453125 0.25625 0.1109375 0.125
0 0.01875 0.03359375 0.0375 0.0671875
0 0.096875 0.721875 0.0875 0.0875
0 0.1609375 0.6859375 0.0875 0.1
0 0.99296875 0.278125 0.0140625 0.1
0 0.04375 0.315625 0.071875 0.075
0 0.48125 0.28125 0.084375 0.084375
0 0.7109375 0.196875 0.034375 0.03125
0 0.7890625 0.125 0.06875 0.059375
0 0.01015625 0.5859375 0.0203125 0.078125
0 0.971875 0.3640625 0.05 0.046875
0 0.4703125 0.4453125 0.059375 0.065625
0 0.4203125 0.25 0.04375 0.04375
0 0.5125 0.1796875 0.034375 0.0375
0 0.55625 0.1234375 0.065625 0.059375
0 0.30625 0.1515625 0.05625 0.05625
0 0.36875 0.096875 0.06875 0.053125
0 0.29375 0.459375 0.059375 0.05625
0 0.371875 0.4875 0.046875 0.046875
0 0.45 0.03515625 0.10625 0.0703125
0 0.7921875 0.5421875 0.015625 0.01875
0 0.803125 0.5234375 0.015625 0.01875
0 0.8296875 0.453125 0.028125 0.021875
0 0.8890625 0.4375 0.059375 0.05625
0 0.3984375 0.1453125 0.0625 0.059375
0 0.9484375 0.515625 0.05 0.05
0 0.31875 0.4859375 0.05 0.05
0 0.45 0.03515625 0.103125 0.0703125
0 0.2265625 0.3921875 0.025 0.028125
0 0.271875 0.365625 0.021875 0.025
0 0.3015625 0.3296875 0.065625 0.053125
0 0.228125 0.2859375 0.0375 0.0375
0 0.2921875 0.2828125 0.04375 0.04375
0 0.7875 0.4703125 0.075 0.071875
0 0.975 0.146875 0.05 0.06875
0 0.975 0.1484375 0.05 0.075
0 0.596875 0.25625 0.028125 0.01875
0 0.59375 0.221875 0.034375 0.04375
0 0.2921875 0.2796875 0.04375 0.046875
0 0.48125 0.5 0.025 0.028125
0 0.35625 0.334375 0.034375 0.05
0 0.7765625 0.2015625 0.04375 0.03125
0 0.7875 0.5421875 0.021875 0.015625
0 0.1328125 0.4125 0.03125 0.028125
0 0.14375 0.3828125 0.03125 0.0375
0 0.084375 0.0625 0.05 0.04375
0 0.2140625 0.0375 0.03125 0.028125
0 0.2421875 0.08125 0.05 0.053125
0 0.6640625 0.2765625 0.015625 0.025
0 0.6640625 0.2484375 0.01875 0.015625
0 0.7125 0.3921875 0.01875 0.015625
0 0.803125 0.3703125 0.0375 0.0375
0 0.303125 0.903125 0.034375 0.034375
0 0.8046875 0.7296875 0.021875 0.021875
0 0.7125 0.3125 0.040625 0.03125
0 0.84375 0.5234375 0.01875 0.021875
