0 0.3171875 0.071875 0.25 0.14375
0 0.646875 0.2859375 0.121875 0.121875
0 0.9046875 0.609375 0.084375 0.090625
0 0.678125 0.03359375 0.11875 0.0671875
0 0.796875 0.721875 0.0875 0.0875
0 0.8609375 0.6859375 0.0875 0.1
0 0.74375 0.315625 0.071875 0.075
0 0.6828125 0.5859375 0.075 0.078125
0 0.9890625 0.1515625 0.021875 0.05625
0 0.98203125 0.459375 0.0359375 0.05625
0 0.5359375 0.3265625 0.0375 0.04375
0 0.996875 0.4859375 0.00625 0.05
0 0.9265625 0.3921875 0.025 0.028125
0 0.971875 0.365625 0.021875 0.025
0 0.984375 0.3296875 0.03125 0.053125
0 0.928125 0.2859375 0.0375 0.0375
0 0.98515625 0.2828125 0.0296875 0.04375
0 0.2859375 0.2140625 0.040625 0.040625
0 0.046875 0.8859375 0.090625 0.171875
0 0.3421875 0.3671875 0.040625 0.034375
0 0.2265625 0.4125 0.05 0.04375
0 0.98515625 0.2796875 0.0296875 0.046875
0 0.8328125 0.4125 0.03125 0.028125
0 0.84375 0.3828125 0.03125 0.0375
0 0.6421875 0.4515625 0.021875 0.025
0 0.578125 0.58125 0.0375 0.021875
0 0.5734375 0.6625 0.021875 0.01875
0 0.6140625 0.665625 0.015625 0.034375
0 0.671875 0.6671875 0.028125 0.021875
0 0.784375 0.0625 0.05 0.04375
0 0.9140625 0.0375 0.03125 0.028125
0 0.9421875 0.08125 0.05 0.053125
0 0.99296875 0.903125 0.0140625 0.034375
