0 0.6046875 0.575 0.184375 0.20625
0 0.3671875 0.25 0.165625 0.153125
0 0.02578125 0.796875 0.0515625 0.0875
0 0.134375 0.99609375 0.046875 0.0078125
0 0.1375 0.98671875 0.06875 0.0265625
0 0.99140625 0.0578125 0.0171875 0.071875
0 0.8484375 0.2046875 0.096875 0.084375
0 0.8609375 0.121875 0.065625 0.040625
0 0.45 0.5625 0.109375 0.1125
0 0.553125 0.71875 0.09375 0.078125
0 0.6609375 0.98125 0.075 0.0375
0 0.5890625 0.99453125 0.046875 0.0109375
0 0.15625 0.9734375 0.028125 0.028125
0 0.4171875 0.415625 0.028125 0.0375
0 0.2734375 0.6203125 0.028125 0.025
0 0.1765625 0.496875 0.04375 0.046875
0 0.078125 0.2390625 0.04375 0.040625
