0 0.121875 0.0359375 0.184375 0.071875
0 0.0421875 0.353125 0.084375 0.171875
0 0.99375 0.3734375 0.0125 0.190625
0 0.5921875 0.96796875 0.125 0.0640625
0 0.6703125 0.5359375 0.146875 0.1875
0 0.415625 0.4015625 0.14375 0.140625
0 0.03828125 0.490625 0.0765625 0.140625
0 0.0609375 0.578125 0.121875 0.1125
0 0.2859375 0.95 0.10625 0.1
0 0.6875 0.99921875 0.1125 0.0015625
0 0.75625 0.640625 0.175 0.128125
0 0.1296875 0.221875 0.075 0.0875
0 0.1984375 0.2234375 0.0625 0.075
0 0.090625 0.8875 0.01875 0.0125
0 0.00703125 0.9453125 0.0140625 0.025
0 0.00703125 0.865625 0.0140625 0.084375
0 0.95859375 0.8828125 0.0828125 0.19375
0 0.875 0.825 0.128125 0.134375
