0 0.9359375 0.5078125 0.128125 0.190625
0 0.5296875 0.4078125 0.13125 0.1375
0 0.3234375 0.3453125 0.128125 0.128125
0 0.0515625 0.06953125 0.103125 0.1390625
0 0.4328125 0.2984375 0.115625 0.11875
0 0.2390625 0.0703125 0.078125 0.065625
0 0.1921875 0.0359375 0.071875 0.071875
0 0.96640625 0.228125 0.0671875 0.121875
0 0.525 0.26875 0.078125 0.075
0 0.80625 0.3296875 0.0125 0.025
0 0.790625 0.1546875 0.01875 0.0125
0 0.6734375 0.2125 0.08125 0.025
0 0.6859375 0.1328125 0.05625 0.084375
0 0.121875 0.2765625 0.0125 0.01875
0 0.121875 0.253125 0.0125 0.0125
0 0.1390625 0.2546875 0.015625 0.0125
0 0.15625 0.2328125 0.034375 0.025
0 0.178125 0.2078125 0.01875 0.015625
0 0.1109375 0.159375 0.03125 0.028125
0 0.1015625 0.0203125 0.13125 0.040625
