0 0.8390625 0.534375 0.321875 0.315625
0 0.2625 0.5078125 0.18125 0.190625
0 0.5921875 0.284375 0.125 0.1625
0 0.94921875 0.8375 0.1015625 0.159375
0 0.2859375 0.228125 0.10625 0.121875
0 0.6875 0.3375 0.1125 0.14375
0 0.565625 0.553125 0.05625 0.053125
0 0.10625 0.3296875 0.0125 0.025
0 0.090625 0.1546875 0.01875 0.0125
0 0.00703125 0.2125 0.0140625 0.025
0 0.00703125 0.1328125 0.0140625 0.084375
0 0.45625 0.384375 0.03125 0.0375
0 0.4890625 0.3703125 0.0375 0.03125
0 0.4375 0.296875 0.040625 0.04375
0 0.3203125 0.31875 0.021875 0.021875
0 0.95859375 0.15 0.0828125 0.19375
0 0.875 0.0921875 0.128125 0.134375
