0 0.7609375 0.25625 0.1875 0.1875
0 0.215625 0.4109375 0.11875 0.10625
0 0.553125 0.28125 0.1625 0.16875
0 0.8140625 0.1078125 0.1375 0.121875
0 0.1296875 0.5765625 0.1125 0.121875
0 0.059375 0.640625 0.096875 0.075
0 0.61875 0.871875 0.109375 0.115625
0 0.746875 0.85 0.115625 0.1125
0 0.3640625 0.6 0.109375 0.146875
0 0.03984375 0.26875 0.0796875 0.1125
0 0.1125 0.1875 0.096875 0.084375
0 0.1796875 0.1453125 0.084375 0.103125
0 0.25625 0.13125 0.075 0.115625
0 0.3671875 0.34375 0.0625 0.084375
0 0.3203125 0.790625 0.075 0.071875
0 0.5265625 0.4296875 0.10625 0.096875
0 0.665625 0.496875 0.071875 0.084375
0 0.740625 0.54375 0.08125 0.11875
0 0.959375 0.5609375 0.071875 0.15
0 0.8171875 0.9890625 0.13125 0.021875
0 0.1484375 0.9375 0.096875 0.084375
0 0.1609375 0.8546875 0.065625 0.040625
0 0.934375 0.95 0.04375 0.040625
0 0.284375 0.3296875 0.0625 0.046875
