0 0.3171875 0.75625 0.25 0.24375
0 0.646875 0.9796875 0.121875 0.040625
0 0.97109375 0.465625 0.0578125 0.090625
0 0.678125 0.740625 0.11875 0.121875
0 0.203125 0.084375 0.096875 0.08125
0 0.253125 0.44375 0.128125 0.146875
0 0.9890625 0.8859375 0.021875 0.05625
0 0.75 0.6703125 0.11875 0.103125
0 0.2109375 0.1453125 0.096875 0.06875
0 0.0875 0.2 0.08125 0.071875
0 0.7109375 0.0640625 0.08125 0.0875
0 0.5046875 0.45 0.103125 0.078125
0 0.85625 0.3765625 0.065625 0.05625
0 0.98515625 0.99765625 0.0296875 0.0046875
0 0.2859375 0.9484375 0.040625 0.040625
0 0.834375 0.28125 0.046875 0.04375
0 0.8375 0.2671875 0.06875 0.053125
0 0.98515625 0.9953125 0.0296875 0.009375
0 0.9203125 0.3359375 0.0375 0.025
0 0.85625 0.240625 0.028125 0.028125
0 0.784375 0.796875 0.05 0.04375
0 0.8890625 0.65625 0.0375 0.0375
0 0.9140625 0.771875 0.03125 0.028125
0 0.9421875 0.815625 0.05 0.053125
