0 0.43125 0.0125 0.1375 0.025
0 0.740625 0.2078125 0.165625 0.1625
0 0.29375 0.02421875 0.1125 0.0484375
0 0.25 0.25625 0.121875 0.125
0 0.3328125 0.278125 0.09375 0.1
0 0.4015625 0.046875 0.078125 0.075
0 0.0140625 0.196875 0.028125 0.03125
0 0.0890625 0.125 0.06875 0.059375
0 0.271875 0.3640625 0.05 0.046875
0 0.44375 0.1921875 0.125 0.078125
0 0.64375 0.784375 0.109375 0.103125
0 0.5203125 0.096875 0.05625 0.05
0 0.5125 0.0359375 0.078125 0.065625
0 0.503125 0.409375 0.05 0.05625
0 0.0921875 0.5421875 0.015625 0.01875
0 0.103125 0.5234375 0.015625 0.01875
0 0.1296875 0.453125 0.028125 0.021875
0 0.1890625 0.4375 0.059375 0.05625
0 0.2484375 0.515625 0.05 0.05
0 0.0875 0.4703125 0.075 0.071875
0 0.5125 0.509375 0.05 0.040625
0 0.275 0.146875 0.05 0.06875
0 0.2828125 0.1484375 0.065625 0.075
0 0.3703125 0.4578125 0.053125 0.065625
0 0.7296875 0.5515625 0.046875 0.0375
0 0.5921875 0.43125 0.0375 0.04375
0 0.0765625 0.2015625 0.04375 0.03125
0 0.0875 0.5421875 0.021875 0.015625
0 0.60625 0.2359375 0.10625 0.10625
0 0.0125 0.3921875 0.01875 0.015625
0 0.103125 0.3703125 0.0375 0.0375
0 0.1046875 0.7296875 0.021875 0.021875
0 0.3609375 0.9828125 0.040625 0.028125
0 0.4796875 0.30625 0.021875 0.021875
0 0.01640625 0.3125 0.0328125 0.03125
0 0.14375 0.5234375 0.01875 0.021875
