0 0.6890625 0.084375 0.146875 0.16875
0 0.578125 0.02421875 0.196875 0.0484375
0 0.8796875 0.9796875 0.121875 0.040625
0 0.475 0.3546875 0.140625 0.134375
0 0.39375 0.0546875 0.190625 0.109375
0 0.803125 0.384375 0.08125 0.115625
0 0.5859375 0.0703125 0.1125 0.140625
0 0.50625 0.2375 0.10625 0.109375
0 0.0328125 0.5859375 0.065625 0.084375
0 0.390625 0.7453125 0.08125 0.075
0 0.1015625 0.696875 0.05625 0.0625
0 0.2578125 0.8328125 0.040625 0.065625
0 0.20625 0.721875 0.059375 0.08125
0 0.7125 0.534375 0.06875 0.06875
0 0.959375 0.38125 0.06875 0.053125
0 0.8859375 0.2984375 0.1375 0.1
0 0.38125 0.325 0.05 0.059375
