0 0.43125 0.6953125 0.1375 0.128125
0 0.915625 0.175 0.16875 0.190625
0 0.740625 0.93046875 0.165625 0.1390625
0 0.29375 0.7265625 0.1125 0.1125
0 0.25 0.9640625 0.121875 0.071875
0 0.221875 0.628125 0.096875 0.10625
0 0.3328125 0.98125 0.09375 0.0375
0 0.4015625 0.78125 0.078125 0.075
0 0.0140625 0.93125 0.028125 0.03125
0 0.0890625 0.859375 0.06875 0.059375
0 0.44375 0.9265625 0.125 0.078125
0 0.5203125 0.83125 0.05625 0.05
0 0.5125 0.7703125 0.078125 0.065625
0 0.5375 0.0703125 0.103125 0.128125
0 0.275 0.88125 0.05 0.06875
0 0.2828125 0.8828125 0.065625 0.075
0 0.4171875 0.2296875 0.103125 0.0875
0 0.5 0.23125 0.08125 0.09375
0 0.8125 0.6046875 0.05625 0.065625
0 0.0765625 0.9359375 0.04375 0.03125
0 0.60625 0.95859375 0.10625 0.0828125
0 0.01875 0.5015625 0.0375 0.090625
