0 0.00390625 0.9796875 0.0078125 0.040625
0 0.2890625 0.465625 0.09375 0.090625
0 0.96875 0.7265625 0.0625 0.1125
0 0.94453125 0.9640625 0.1109375 0.071875
0 0.01875 0.740625 0.0375 0.121875
0 0.921875 0.628125 0.096875 0.10625
0 0.99296875 0.98125 0.0140625 0.0375
0 0.425 0.6890625 0.0875 0.090625
0 0.48125 0.98671875 0.084375 0.0265625
0 0.7109375 0.93125 0.034375 0.03125
0 0.7890625 0.859375 0.06875 0.059375
0 0.4203125 0.98125 0.04375 0.0375
0 0.5125 0.9140625 0.034375 0.0375
0 0.55625 0.8578125 0.065625 0.059375
0 0.30625 0.8859375 0.05625 0.05625
0 0.0546875 0.6703125 0.109375 0.103125
0 0.36875 0.83125 0.06875 0.053125
0 0.45 0.7578125 0.10625 0.09375
0 0.3984375 0.8796875 0.0625 0.059375
0 0.02578125 0.0640625 0.0515625 0.0875
0 0.45 0.7625 0.103125 0.084375
0 0.15625 0.3765625 0.065625 0.05625
0 0.2921875 0.99765625 0.04375 0.0046875
0 0.975 0.88125 0.05 0.06875
0 0.975 0.8828125 0.05 0.075
0 0.596875 0.990625 0.028125 0.01875
0 0.59375 0.95625 0.034375 0.04375
0 0.134375 0.28125 0.046875 0.04375
0 0.1375 0.2671875 0.06875 0.053125
0 0.2921875 0.9953125 0.04375 0.009375
0 0.553125 0.0125 0.09375 0.025
0 0.6 0.6921875 0.0375 0.0375
0 0.3453125 0.6671875 0.040625 0.0375
0 0.7765625 0.9359375 0.04375 0.03125
0 0.6609375 0.2546875 0.075 0.05
0 0.5890625 0.28125 0.046875 0.05
0 0.4515625 0.3234375 0.05625 0.034375
0 0.3890625 0.375 0.084375 0.06875
0 0.45 0.5234375 0.065625 0.053125
0 0.6046875 0.51875 0.09375 0.078125
0 0.7109375 0.5015625 0.053125 0.090625
0 0.2203125 0.3359375 0.0375 0.025
0 0.15625 0.240625 0.028125 0.028125
0 0.084375 0.796875 0.05 0.04375
0 0.1890625 0.65625 0.0375 0.0375
0 0.2140625 0.771875 0.03125 0.028125
0 0.2421875 0.815625 0.05 0.053125
0 0.6640625 0.9828125 0.01875 0.015625
