0 0.390625 0.784375 0.025 0.021875
0 0.2671875 0.8203125 0.015625 0.025
0 0.109375 0.80625 0.021875 0.01875
0 0.0140625 0.75625 0.021875 0.021875
0 0.35625 0.6875 0.021875 0.0125
0 0.3859375 0.684375 0.03125 0.034375
0 0.340625 0.6734375 0.025 0.025
0 0.259375 0.6171875 0.028125 0.028125
0 0.2484375 0.684375 0.009375 0.0125
0 0.265625 0.684375 0.028125 0.01875
0 0.1421875 0.690625 0.025 0.01875
0 0.159375 0.56875 0.028125 0.025
0 0.2859375 0.825 0.01875 0.01875
0 0.321875 0.8078125 0.021875 0.021875
0 0.1828125 0.7328125 0.01875 0.009375
0 0.2265625 0.734375 0.028125 0.021875
0 0.54375 0.821875 0.015625 0.015625
0 0.559375 0.821875 0.025 0.015625
0 0.5890625 0.8046875 0.028125 0.028125
0 0.290625 0.6109375 0.015625 0.021875
0 0.309375 0.63125 0.028125 0.021875
0 0.034375 0.6546875 0.021875 0.015625
0 0.0578125 0.6171875 0.021875 0.01875
0 0.0484375 0.6640625 0.021875 0.021875
0 0.1015625 0.646875 0.025 0.021875
0 0.08125 0.7 0.025 0.01875
0 0.1859375 0.7140625 0.025 0.01875
0 0.15625 0.64375 0.015625 0.0125
0 0.2734375 0.60625 0.01875 0.021875
0 0.321875 0.609375 0.01875 0.01875
0 0.3421875 0.5859375 0.01875 0.01875
0 0.375 0.8375 0.021875 0.01875
0 0.559375 0.871875 0.021875 0.01875
0 0.521875 0.83125 0.021875 0.01875
0 0.553125 0.846875 0.021875 0.015625
0 0.05625 0.7828125 0.01875 0.015625
0 0.071875 0.784375 0.015625 0.01875
0 0.5 0.7953125 0.03125 0.01875
0 0.4984375 0.778125 0.01875 0.015625
0 0.5171875 0.765625 0.021875 0.015625
0 0.2015625 0.7796875 0.01875 0.009375
0 0.5578125 0.75625 0.021875 0.0125
0 0.0265625 0.7625 0.0125 0.015625
0 0.2515625 0.73125 0.01875 0.01875
0 0.26875 0.7328125 0.015625 0.021875
0 0.34375 0.61875 0.01875 0.0125
0 0.36875 0.6734375 0.015625 0.015625
0 0.3953125 0.696875 0.01875 0.0125
0 0.4578125 0.85625 0.015625 0.009375
0 0.3921875 0.8109375 0.009375 0.015625
0 0.4578125 0.7421875 0.009375 0.009375
0 0.4875 0.7515625 0.0125 0.00625
0 0.2640625 0.528125 0.01875 0.009375
