0 0.3046875 0.859375 0.04375 0.046875
0 0.1390625 0.971875 0.034375 0.0375
0 0.0625 0.978125 0.053125 0.04375
0 0.859375 0.80625 0.021875 0.01875
0 0.265625 0.9296875 0.025 0.03125
0 0.7640625 0.75625 0.021875 0.021875
0 0.725 0.7546875 0.03125 0.025
0 0.00625 0.8953125 0.0125 0.040625
0 0.99765625 0.6171875 0.0046875 0.028125
0 0.996875 0.684375 0.00625 0.0125
0 0.371875 0.8828125 0.034375 0.03125
0 0.8921875 0.690625 0.025 0.01875
0 0.7203125 0.6 0.03125 0.028125
0 0.909375 0.56875 0.028125 0.025
0 0.64375 0.571875 0.0375 0.021875
0 0.9328125 0.7328125 0.01875 0.009375
0 0.9765625 0.734375 0.028125 0.021875
0 0.6546875 0.75 0.021875 0.025
0 0.4 0.91875 0.03125 0.025
0 0.31875 0.73125 0.03125 0.01875
0 0.6828125 0.5828125 0.015625 0.0125
0 0.63125 0.690625 0.01875 0.00625
0 0.6625 0.675 0.01875 0.01875
0 0.71875 0.5484375 0.021875 0.0125
0 0.784375 0.6546875 0.021875 0.015625
0 0.8078125 0.6171875 0.021875 0.01875
0 0.7984375 0.6640625 0.021875 0.021875
0 0.8515625 0.646875 0.025 0.021875
0 0.83125 0.7 0.025 0.01875
0 0.9359375 0.7140625 0.025 0.01875
0 0.90625 0.64375 0.015625 0.0125
0 0.80625 0.7828125 0.01875 0.015625
0 0.821875 0.784375 0.015625 0.01875
0 0.9515625 0.7796875 0.01875 0.009375
0 0.7765625 0.7625 0.0125 0.015625
0 0.99609375 0.73125 0.0078125 0.01875
