0 0.1671875 0.490625 0.0625 0.06875
0 0.4015625 0.396875 0.053125 0.053125
0 0.10625 0.5078125 0.05625 0.053125
0 0.0546875 0.9890625 0.05625 0.021875
0 0.4203125 0.9484375 0.053125 0.053125
0 0.1015625 0.91875 0.0625 0.059375
0 0.721875 0.8796875 0.0625 0.05625
0 0.5296875 0.54375 0.046875 0.059375
0 0.490625 0.571875 0.0375 0.0375
0 0.56875 0.959375 0.04375 0.040625
0 0.51875 0.9421875 0.05625 0.059375
0 0.4390625 0.615625 0.053125 0.046875
0 0.715625 0.975 0.025 0.040625
0 0.7078125 0.94375 0.028125 0.021875
0 0.3203125 0.575 0.034375 0.034375
0 0.146875 0.99296875 0.040625 0.0140625
0 0.8375 0.6 0.025 0.025
0 0.9078125 0.56875 0.03125 0.021875
0 0.6453125 0.9734375 0.040625 0.03125
0 0.14375 0.4375 0.021875 0.015625
0 0.2359375 0.409375 0.034375 0.05
0 0.4140625 0.521875 0.0375 0.04375
0 0.528125 0.6140625 0.0375 0.028125
0 0.709375 0.6921875 0.034375 0.034375
0 0.56875 0.8796875 0.025 0.0375
0 0.56875 0.553125 0.034375 0.046875
0 0.853125 0.70625 0.015625 0.015625
0 0.903125 0.7015625 0.0125 0.0125
0 0.90625 0.678125 0.015625 0.015625
0 0.840625 0.5234375 0.01875 0.021875
0 0.7359375 0.515625 0.01875 0.0125
0 0.8375 0.4859375 0.021875 0.01875
