0 0.2453125 0.8015625 0.090625 0.090625
0 0.596875 0.9875 0.103125 0.025
0 0.728125 0.559375 0.096875 0.09375
0 0.6140625 0.621875 0.09375 0.090625
0 0.1671875 0.97109375 0.090625 0.0578125
0 0.4453125 0.7953125 0.09375 0.084375
0 0.0015625 0.734375 0.003125 0.0875
0 0.053125 0.625 0.075 0.08125
0 0.30625 0.71875 0.084375 0.08125
0 0.39375 0.4453125 0.084375 0.084375
0 0.159375 0.78125 0.08125 0.078125
0 0.01796875 0.25 0.0359375 0.128125
0 0.6109375 0.5015625 0.08125 0.090625
0 0.771875 0.4984375 0.09375 0.078125
0 0.6015625 0.8890625 0.075 0.08125
0 0.459375 0.7171875 0.1 0.06875
0 0.3046875 0.4875 0.078125 0.078125
0 0.7828125 0.40625 0.0875 0.06875
0 0.4734375 0.353125 0.05 0.065625
0 0.5375 0.3421875 0.06875 0.09375
0 0.25625 0.43125 0.05625 0.0375
0 0.915625 0.528125 0.09375 0.090625
0 0.8625 0.3859375 0.078125 0.06875
0 0.196875 0.309375 0.04375 0.0375
0 0.1984375 0.6734375 0.084375 0.075
