0 0.3390625 0.65 0.103125 0.11875
0 0.234375 0.6390625 0.11875 0.128125
0 0.546875 0.5703125 0.103125 0.1125
0 0.9453125 0.8015625 0.090625 0.090625
0 0.3828125 0.9859375 0.09375 0.028125
0 0.8671875 0.97109375 0.090625 0.0578125
0 0.4515625 0.8953125 0.084375 0.096875
0 0.659375 0.734375 0.0875 0.0875
0 0.753125 0.625 0.075 0.08125
0 0.5015625 0.96953125 0.084375 0.0609375
0 0.98203125 0.71875 0.0359375 0.08125
0 0.859375 0.78125 0.08125 0.078125
0 0.6828125 0.25 0.10625 0.128125
0 0.6171875 0.675 0.084375 0.0875
0 0.1265625 0.0125 0.078125 0.025
0 0.3328125 0.2296875 0.10625 0.11875
0 0.01484375 0.528125 0.0296875 0.08125
0 0.190625 0.51875 0.1 0.103125
0 0.04296875 0.01484375 0.0859375 0.0296875
0 0.1015625 0.4953125 0.1125 0.128125
0 0.5375 0.6890625 0.046875 0.05625
0 0.31875 0.4640625 0.1 0.09375
0 0.9828125 0.4875 0.034375 0.078125
0 0.95625 0.43125 0.05625 0.0375
0 0.225 0.40625 0.09375 0.09375
0 0.1375 0.321875 0.03125 0.040625
0 0.196875 0.203125 0.065625 0.090625
0 0.896875 0.309375 0.04375 0.0375
0 0.8984375 0.6734375 0.084375 0.075
