0 0.18125 0.3234375 0.071875 0.0625
0 0.54375 0.3859375 0.0625 0.0625
0 0.3796875 0.1796875 0.0625 0.05625
0 0.65625 0.1953125 0.05625 0.04375
0 0.8296875 0.6765625 0.03125 0.04375
0 0.865625 0.68125 0.028125 0.040625
0 0.9109375 0.6734375 0.053125 0.053125
0 0.375 0.6484375 0.04375 0.046875
0 0.396875 0.48125 0.05 0.040625
0 0.4546875 0.490625 0.046875 0.053125
0 0.4484375 0.43125 0.040625 0.046875
0 0.2390625 0.7265625 0.046875 0.0375
0 0.2875 0.7390625 0.046875 0.040625
0 0.784375 0.4078125 0.03125 0.04375
0 0.84375 0.4125 0.034375 0.034375
0 0.725 0.246875 0.04375 0.028125
0 0.7703125 0.228125 0.03125 0.034375
0 0.765625 0.171875 0.046875 0.028125
0 0.81875 0.1703125 0.05 0.059375
0 0.8984375 0.384375 0.0375 0.046875
0 0.2390625 0.7625 0.05 0.04375
0 0.9359375 0.3875 0.04375 0.04375
0 0.434375 0.5515625 0.05 0.05
0 0.7328125 0.2203125 0.03125 0.03125
0 0.96875 0.321875 0.0625 0.0625
0 0.68125 0.584375 0.04375 0.059375
0 0.7359375 0.5015625 0.034375 0.046875
0 0.6375 0.4828125 0.04375 0.040625
0 0.8234375 0.6375 0.040625 0.0375
0 0.90625 0.5578125 0.034375 0.025
0 0.8078125 0.3484375 0.040625 0.03125
0 0.1609375 0.2484375 0.05 0.05625
