0 0.9875 0.3484375 0.025 0.05625
0 0.99453125 0.14375 0.0109375 0.05625
0 0.7953125 0.2890625 0.0375 0.040625
0 0.7171875 0.0046875 0.053125 0.009375
0 0.73125 0.23125 0.040625 0.040625
0 0.8109375 0.640625 0.05625 0.059375
0 0.53125 0.1921875 0.053125 0.05625
0 0.5078125 0.4921875 0.046875 0.05
0 0.5859375 0.509375 0.028125 0.028125
0 0.390625 0.6515625 0.05625 0.046875
0 0.1671875 0.709375 0.053125 0.0375
0 0.184375 0.6640625 0.05 0.046875
0 0.071875 0.6421875 0.04375 0.04375
0 0.190625 0.75 0.05 0.04375
0 0.3078125 0.8546875 0.040625 0.0375
0 0.39375 0.8796875 0.040625 0.040625
0 0.084375 0.84375 0.046875 0.04375
0 0.0921875 0.9375 0.04375 0.03125
0 0.13125 0.103125 0.0625 0.0625
0 0.05625 0.171875 0.05625 0.05
0 0.2859375 0.1609375 0.05 0.05
0 0.165625 0.1546875 0.03125 0.040625
0 0.18125 0.1140625 0.046875 0.046875
0 0.015625 0.146875 0.03125 0.053125
0 0.1625 0.3359375 0.04375 0.040625
