0 0.959375 0.84375 0.05 0.05625
0 0.6359375 0.7953125 0.05625 0.05625
0 0.97734375 0.7375 0.0453125 0.05625
0 0.5828125 0.7703125 0.05625 0.05
0 0.8390625 0.98984375 0.046875 0.0203125
0 0.9859375 0.98828125 0.028125 0.0234375
0 0.6953125 0.703125 0.04375 0.04375
0 0.4125 0.9390625 0.046875 0.046875
0 0.7984375 0.803125 0.053125 0.05625
0 0.6578125 0.940625 0.040625 0.040625
0 0.2609375 0.9890625 0.04375 0.021875
0 0.9359375 0.76875 0.05 0.046875
0 0.8 0.8046875 0.053125 0.05625
0 0.4546875 0.8921875 0.028125 0.046875
0 0.66875 0.8140625 0.03125 0.059375
