0 0.1 0.725 0.04375 0.04375
0 0.2390625 0.5078125 0.059375 0.065625
0 0.53125 0.8296875 0.05 0.05
0 0.8953125 0.6 0.0625 0.05625
0 0.9875 0.815625 0.025 0.053125
0 0.5015625 0.5875 0.05625 0.06875
0 0.8046875 0.6734375 0.053125 0.05
0 0.5296875 0.053125 0.053125 0.05
0 0.21875 0.58125 0.05625 0.05625
0 0.375 0.134375 0.053125 0.0625
0 0.8546875 0.01171875 0.04375 0.0234375
0 0.709375 0.65 0.040625 0.046875
0 0.1140625 0.7953125 0.05 0.04375
0 0.3796875 0.7859375 0.05 0.04375
0 0.7984375 0.1984375 0.059375 0.05625
0 0.0890625 0.46875 0.05625 0.046875
0 0.8359375 0.7171875 0.05 0.05
0 0.328125 0.15 0.04375 0.04375
0 0.271875 0.5625 0.05 0.05
0 0.1703125 0.1953125 0.0375 0.046875
0 0.284375 0.2203125 0.040625 0.04375
0 0.7390625 0.2046875 0.059375 0.059375
0 0.2078125 0.228125 0.034375 0.040625
0 0.59375 0.5796875 0.04375 0.028125
0 0.49375 0.28125 0.04375 0.04375
0 0.6828125 0.5765625 0.04375 0.028125
0 0.321875 0.6140625 0.04375 0.040625
0 0.4546875 0.296875 0.0375 0.046875
0 0.4546875 0.734375 0.05 0.04375
0 0.678125 0.2671875 0.05 0.040625
0 0.259375 0.7078125 0.0375 0.05
0 0.534375 0.615625 0.04375 0.046875
0 0.4140625 0.2546875 0.040625 0.040625
0 0.4546875 0.296875 0.0375 0.04375
0 0.9578125 0.6015625 0.028125 0.028125
0 0.759375 0.23125 0.040625 0.028125
0 0.6515625 0.753125 0.0375 0.0375
0 0.440625 0.6 0.0375 0.034375
0 0.321875 0.515625 0.025 0.021875
0 0.290625 0.4546875 0.03125 0.03125
0 0.4203125 0.4546875 0.046875 0.04375
0 0.6703125 0.5515625 0.028125 0.025
0 0.903125 0.4015625 0.040625 0.03125
0 0.821875 0.284375 0.034375 0.05625
0 0.8875 0.2765625 0.021875 0.025
0 0.9796875 0.3578125 0.01875 0.021875
0 0.125 0.7328125 0.034375 0.05
0 0.1140625 0.4703125 0.028125 0.028125
0 0.4578125 0.2453125 0.034375 0.028125
0 0.7609375 0.4421875 0.025 0.025
0 0.621875 0.0109375 0.01875 0.015625
0 0.3109375 0.71875 0.034375 0.0375
