0 0.890625 0.5203125 0.05 0.04375
0 0.33125 0.2796875 0.05 0.05625
0 0.6953125 0.540625 0.05 0.059375
0 0.959375 0.09375 0.05 0.05625
0 0.1984375 0.3078125 0.046875 0.046875
0 0.296875 0.6546875 0.05 0.05
0 0.6359375 0.0453125 0.05625 0.05625
0 0.97734375 0.0078125 0.0453125 0.015625
0 0.5828125 0.02265625 0.05625 0.0453125
0 0.7765625 0.5375 0.04375 0.046875
0 0.8390625 0.2515625 0.046875 0.04375
0 0.9859375 0.25625 0.028125 0.059375
0 0.753125 0.421875 0.034375 0.04375
0 0.1328125 0.3921875 0.040625 0.046875
0 0.4125 0.1890625 0.046875 0.046875
0 0.7984375 0.053125 0.053125 0.05625
0 0.6484375 0.575 0.05 0.040625
0 0.1578125 0.375 0.034375 0.04375
0 0.3109375 0.59375 0.046875 0.046875
0 0.9296875 0.5171875 0.01875 0.0375
0 0.98984375 0.48125 0.0203125 0.040625
0 0.6578125 0.190625 0.040625 0.040625
0 0.2265625 0.2734375 0.05 0.04375
0 0.2609375 0.246875 0.04375 0.0375
0 0.9359375 0.02109375 0.05 0.0421875
0 0.8 0.0546875 0.053125 0.05625
0 0.2484375 0.6546875 0.040625 0.040625
0 0.2484375 0.653125 0.040625 0.040625
0 0.6046875 0.55625 0.03125 0.040625
0 0.415625 0.546875 0.034375 0.053125
0 0.0125 0.2921875 0.025 0.028125
0 0.4546875 0.1421875 0.028125 0.046875
0 0.234375 0.4015625 0.034375 0.05
0 0.3078125 0.4390625 0.03125 0.028125
0 0.29375 0.3546875 0.025 0.034375
0 0.3953125 0.3421875 0.021875 0.01875
0 0.421875 0.2734375 0.021875 0.025
0 0.6609375 0.29375 0.025 0.04375
0 0.85625 0.4671875 0.028125 0.0375
0 0.8375 0.384375 0.034375 0.028125
0 0.66875 0.0640625 0.03125 0.059375
0 0.178125 0.3921875 0.028125 0.034375
