0 0.596875 0.00078125 0.175 0.0015625
0 0.99375 0.65 0.0125 0.11875
0 0.934375 0.6390625 0.11875 0.128125
0 0.2640625 0.1640625 0.175 0.159375
0 0.0953125 0.0453125 0.115625 0.090625
0 0.61875 0.715625 0.11875 0.121875
0 0.8265625 0.0125 0.078125 0.025
0 0.98984375 0.2296875 0.0203125 0.11875
0 0.6921875 0.528125 0.075 0.08125
0 0.890625 0.51875 0.1 0.103125
0 0.7375 0.01484375 0.096875 0.0296875
0 0.8015625 0.4953125 0.1125 0.128125
0 0.984375 0.4640625 0.03125 0.09375
0 0.925 0.40625 0.09375 0.09375
0 0.31875 0.0640625 0.13125 0.05625
0 0.8375 0.321875 0.03125 0.040625
0 0.896875 0.203125 0.065625 0.090625
