0 0.5296875 0.803125 0.053125 0.05
0 0.375 0.884375 0.053125 0.0625
0 0.8546875 0.7453125 0.04375 0.05625
0 0.7984375 0.9484375 0.059375 0.05625
0 0.328125 0.9 0.04375 0.04375
0 0.1703125 0.9453125 0.0375 0.046875
0 0.284375 0.9703125 0.040625 0.04375
0 0.7390625 0.9546875 0.059375 0.059375
0 0.2078125 0.978125 0.034375 0.040625
0 0.678125 0.9984375 0.05 0.003125
0 0.4140625 0.9921875 0.040625 0.015625
0 0.759375 0.98125 0.040625 0.028125
0 0.4578125 0.990625 0.034375 0.01875
0 0.5515625 0.721875 0.021875 0.025
0 0.621875 0.7609375 0.01875 0.015625
