0 0.6875 0.3265625 0.0125 0.0125
0 0.70625 0.3125 0.009375 0.0125
0 0.6625 0.34375 0.015625 0.0125
0 0.5890625 0.403125 0.015625 0.015625
0 0.609375 0.378125 0.015625 0.01875
0 0.509375 0.3390625 0.015625 0.0125
0 0.6296875 0.275 0.0125 0.015625
0 0.65625 0.2921875 0.009375 0.015625
0 0.6953125 0.296875 0.009375 0.009375
0 0.8015625 0.3078125 0.0125 0.009375
0 0.8140625 0.3125 0.009375 0.009375
0 0.7296875 0.221875 0.015625 0.0125
0 0.8390625 0.2875 0.0125 0.009375
0 0.1546875 0.215625 0.0125 0.00625
0 0.715625 0.3046875 0.009375 0.0125
