0 0.6390625 0.7609375 0.01875 0.025
0 0.0859375 0.5421875 0.040625 0.040625
0 0.834375 0.6390625 0.046875 0.04375
0 0.6296875 0.534375 0.040625 0.034375
0 0.7609375 0.5171875 0.040625 0.0375
0 0.734375 0.459375 0.03125 0.03125
0 0.8453125 0.79375 0.0375 0.040625
0 0.1890625 0.7578125 0.046875 0.0375
0 0.2140625 0.4484375 0.034375 0.040625
0 0.178125 0.446875 0.040625 0.046875
0 0.496875 0.825 0.040625 0.040625
0 0.9640625 0.296875 0.03125 0.040625
0 0.9390625 0.3171875 0.040625 0.0375
0 0.334375 0.7359375 0.028125 0.025
0 0.940625 0.4671875 0.040625 0.04375
0 0.353125 0.6125 0.028125 0.025
0 0.3328125 0.5265625 0.046875 0.04375
0 0.2140625 0.625 0.0375 0.040625
0 0.896875 0.625 0.034375 0.040625
0 0.534375 0.3140625 0.025 0.025
0 0.25625 0.6453125 0.01875 0.021875
0 0.8390625 0.403125 0.034375 0.03125
0 0.2796875 0.703125 0.034375 0.03125
0 0.509375 0.6765625 0.028125 0.0375
0 0.95625 0.4234375 0.0375 0.0375
0 0.36875 0.5359375 0.021875 0.028125
0 0.103125 0.5953125 0.040625 0.034375
0 0.3359375 0.671875 0.028125 0.025
0 0.515625 0.5890625 0.0375 0.0375
0 0.0890625 0.3265625 0.021875 0.021875
0 0.834375 0.86875 0.034375 0.028125
0 0.175 0.71875 0.0375 0.0375
0 0.79375 0.8421875 0.03125 0.0375
0 0.521875 0.7890625 0.034375 0.03125
0 0.6828125 0.75625 0.01875 0.025
0 0.69375 0.728125 0.025 0.03125
0 0.790625 0.7515625 0.01875 0.028125
0 0.9140625 0.65 0.028125 0.021875
0 0.8484375 0.509375 0.01875 0.01875
0 0.890625 0.528125 0.025 0.01875
0 0.1453125 0.6890625 0.021875 0.015625
0 0.4765625 0.540625 0.01875 0.015625
0 0.5109375 0.509375 0.028125 0.025
0 0.54375 0.5390625 0.021875 0.01875
0 0.09375 0.3609375 0.015625 0.01875
0 0.346875 0.26875 0.0125 0.015625
0 0.5015625 0.346875 0.01875 0.0125
0 0.4515625 0.3921875 0.025 0.03125
0 0.521875 0.3796875 0.01875 0.021875
0 0.584375 0.390625 0.01875 0.0125
0 0.7140625 0.5671875 0.009375 0.015625
