0 0.8640625 0.3109375 0.09375 0.103125
0 0.3859375 0.278125 0.0875 0.09375
0 0.534375 0.0140625 0.090625 0.028125
0 0.4875 0.1890625 0.06875 0.05625
0 0.5 0.02890625 0.065625 0.0578125
0 0.99453125 0.1359375 0.0109375 0.05625
0 0.95625 0.0953125 0.06875 0.05625
0 0.3984375 0.1703125 0.04375 0.0375
0 0.1 0.078125 0.0625 0.03125
0 0.18125 0.109375 0.025 0.040625
0 0.103125 0.0171875 0.040625 0.034375
0 0.0390625 0.00078125 0.05 0.0015625
0 0.1671875 0.05 0.040625 0.04375
0 0.9109375 0.059375 0.09375 0.075
