0 0.9578125 0.0625 0.0375 0.03125
0 0.5890625 0.3578125 0.053125 0.059375
0 0.6109375 0.2921875 0.059375 0.059375
0 0.740625 0.1828125 0.05625 0.078125
0 0.328125 0.1015625 0.05625 0.059375
0 0.13125 0.2984375 0.040625 0.05
0 0.059375 0.5609375 0.05 0.046875
0 0.13125 0.5171875 0.034375 0.03125
0 0.09375 0.3640625 0.034375 0.046875
0 0.2984375 0.5984375 0.04375 0.040625
0 0.290625 0.2609375 0.0375 0.0375
0 0.159375 0.18125 0.046875 0.03125
0 0.0625 0.103125 0.05 0.0625
0 0.0265625 0.0609375 0.053125 0.05625
0 0.1671875 0.00078125 0.05 0.0015625
0 0.2578125 0.0078125 0.025 0.015625
0 0.3140625 0.0796875 0.04375 0.0375
0 0.396875 0.1046875 0.046875 0.04375
0 0.440625 0.2015625 0.05625 0.0625
0 0.3046875 0.4359375 0.046875 0.034375
0 0.35625 0.4265625 0.04375 0.0375
0 0.390625 0.39375 0.0375 0.046875
0 0.3953125 0.4328125 0.0375 0.04375
0 0.4265625 0.4484375 0.04375 0.034375
0 0.4609375 0.5484375 0.040625 0.04375
0 0.8328125 0.0234375 0.03125 0.03125
0 0.8875 0.028125 0.034375 0.034375
0 0.984375 0.0625 0.025 0.025
0 0.9953125 0.03125 0.00625 0.021875
0 0.7765625 0.171875 0.05625 0.053125
0 0.90625 0.2390625 0.03125 0.021875
0 0.790625 0.275 0.028125 0.025
0 0.70625 0.24375 0.021875 0.025
0 0.93125 0.2578125 0.025 0.021875
0 0.8703125 0.2453125 0.025 0.021875
0 0.7 0.146875 0.025 0.021875
0 0.671875 0.134375 0.025 0.021875
0 0.675 0.0828125 0.025 0.028125
0 0.515625 0.0828125 0.03125 0.034375
0 0.546875 0.21875 0.040625 0.04375
0 0.6328125 0.3375 0.05 0.05
0 0.734375 0.234375 0.021875 0.021875
0 0.4484375 0.3484375 0.03125 0.040625
0 0.371875 0.13125 0.021875 0.021875
