0 0.2125 0.196875 0.04375 0.04375
0 0.584375 0.18125 0.053125 0.04375
0 0.590625 0.1421875 0.04375 0.04375
0 0.5265625 0.3828125 0.040625 0.0375
0 0.4640625 0.1609375 0.04375 0.046875
0 0.98671875 0.4984375 0.0265625 0.046875
0 0.4375 0.3859375 0.040625 0.040625
0 0.490625 0.125 0.04375 0.05
0 0.1296875 0.1265625 0.04375 0.04375
0 0.3890625 0.3703125 0.0375 0.028125
0 0.3796875 0.3359375 0.034375 0.0375
0 0.2484375 0.509375 0.034375 0.03125
0 0.725 0.609375 0.0375 0.04375
0 0.265625 0.01796875 0.046875 0.0359375
0 0.7125 0.3 0.04375 0.053125
0 0.815625 0.3203125 0.03125 0.0375
0 0.0921875 0.3984375 0.04375 0.046875
0 0.7765625 0.5421875 0.0375 0.034375
0 0.6375 0.3328125 0.040625 0.03125
0 0.6453125 0.290625 0.040625 0.04375
0 0.33125 0.028125 0.05 0.040625
0 0.48125 0.384375 0.040625 0.040625
0 0.3109375 0.2953125 0.034375 0.034375
0 0.7578125 0.5078125 0.0375 0.04375
0 0.78125 0.4984375 0.0375 0.04375
0 0.771875 0.1015625 0.034375 0.034375
0 0.446875 0.4609375 0.034375 0.028125
0 0.6421875 0.0890625 0.0375 0.034375
0 0.6328125 0.546875 0.0375 0.040625
0 0.6828125 0.303125 0.040625 0.059375
0 0.196875 0.021875 0.03125 0.034375
0 0.334375 0.3609375 0.034375 0.03125
0 0.5328125 0.1390625 0.046875 0.040625
0 0.028125 0.021875 0.028125 0.03125
0 0.88125 0.5640625 0.028125 0.03125
0 0.91875 0.5578125 0.03125 0.021875
0 0.9390625 0.5203125 0.021875 0.028125
0 0.9328125 0.3984375 0.0375 0.0375
0 0.6421875 0.1609375 0.040625 0.0375
0 0.20625 0.5171875 0.034375 0.03125
0 0.1546875 0.315625 0.0375 0.03125
0 0.16875 0.46875 0.03125 0.021875
0 0.2640625 0.4703125 0.028125 0.03125
0 0.2953125 0.1984375 0.034375 0.034375
0 0.375 0.28125 0.053125 0.04375
0 0.3609375 0.2375 0.028125 0.034375
0 0.1015625 0.215625 0.034375 0.0375
0 0.1453125 0.21875 0.05 0.05
0 0.14375 0.00234375 0.0375 0.0046875
0 0.0671875 0.0265625 0.021875 0.021875
0 0.98984375 0.2078125 0.0203125 0.025
0 0.85 0.1796875 0.021875 0.021875
0 0.60625 0.540625 0.03125 0.034375
0 0.79375 0.5484375 0.025 0.021875
0 0.521875 0.309375 0.03125 0.025
0 0.9484375 0.415625 0.025 0.03125
