0 0.8296875 0.665625 0.08125 0.078125
0 0.85 0.871875 0.071875 0.0625
0 0.1703125 0.3703125 0.0875 0.078125
0 0.7421875 0.7671875 0.0625 0.059375
0 0.640625 0.7578125 0.065625 0.071875
0 0.7171875 0.7046875 0.06875 0.065625
0 0.3296875 0.625 0.065625 0.0625
0 0.7671875 0.0546875 0.065625 0.0625
0 0.9359375 0.9515625 0.059375 0.065625
0 0.1640625 0.578125 0.0625 0.0625
0 0.4734375 0.40625 0.075 0.065625
0 0.2421875 0.5390625 0.06875 0.059375
0 0.8328125 0.071875 0.059375 0.059375
0 0.0953125 0.5359375 0.053125 0.046875
0 0.6125 0.3796875 0.053125 0.065625
0 0.540625 0.4109375 0.05 0.0625
0 0.471875 0.8578125 0.053125 0.034375
0 0.28125 0.63125 0.0375 0.046875
0 0.93125 0.209375 0.065625 0.059375
0 0.678125 0.2046875 0.053125 0.075
0 0.56875 0.696875 0.04375 0.03125
0 0.5046875 0.628125 0.04375 0.05625
0 0.11875 0.3765625 0.0375 0.0375
0 0.99609375 0.3390625 0.0078125 0.034375
0 0.284375 0.4421875 0.025 0.025
0 0.4046875 0.178125 0.059375 0.05
0 0.7796875 0.7421875 0.040625 0.05
