0 0.9609375 0.6625 0.040625 0.04375
0 0.9203125 0.509375 0.03125 0.03125
0 0.725 0.709375 0.046875 0.04375
0 0.1203125 0.6328125 0.046875 0.046875
0 0.5875 0.728125 0.05 0.034375
0 0.821875 0.8375 0.05 0.040625
0 0.18125 0.9578125 0.040625 0.034375
0 0.6796875 0.646875 0.046875 0.04375
0 0.1625 0.6375 0.04375 0.04375
0 0.95 0.4890625 0.03125 0.040625
0 0.921875 0.81875 0.034375 0.0375
0 0.83125 0.98828125 0.0375 0.0234375
0 0.478125 0.78125 0.04375 0.040625
0 0.2875 0.7203125 0.040625 0.0375
0 0.2375 0.8984375 0.040625 0.0375
0 0.8453125 0.5921875 0.0375 0.040625
0 0.5609375 0.5 0.034375 0.03125
0 0.975 0.6203125 0.0375 0.034375
0 0.53125 0.9828125 0.0375 0.034375
0 0.3125 0.803125 0.0375 0.040625
0 0.4609375 0.7 0.040625 0.028125
0 0.3421875 0.9328125 0.034375 0.03125
0 0.5171875 0.565625 0.040625 0.034375
0 0.0765625 0.7328125 0.0375 0.0375
0 0.20625 0.8375 0.03125 0.028125
0 0.934375 0.98125 0.021875 0.028125
0 0.95625 0.9890625 0.025 0.021875
0 0.1 0.7828125 0.025 0.021875
0 0.025 0.503125 0.01875 0.01875
0 0.6109375 0.96875 0.025 0.0125
0 0.6609375 0.9546875 0.03125 0.021875
0 0.6671875 0.9296875 0.034375 0.021875
0 0.7765625 0.9453125 0.025 0.028125
0 0.6875 0.75625 0.03125 0.01875
0 0.509375 0.734375 0.03125 0.028125
0 0.428125 0.7390625 0.03125 0.025
0 0.4578125 0.58125 0.025 0.01875
0 0.340625 0.5734375 0.028125 0.028125
0 0.4140625 0.5703125 0.015625 0.015625
0 0.8875 0.7 0.01875 0.015625
0 0.865625 0.8234375 0.040625 0.0375
0 0.9453125 0.8421875 0.0125 0.021875
0 0.1453125 0.91875 0.034375 0.03125
0 0.1640625 0.8171875 0.028125 0.034375
0 0.2109375 0.4390625 0.0125 0.0125
0 0.378125 0.4265625 0.021875 0.025
