0 0.3640625 0.571875 0.053125 0.05625
0 0.3546875 0.4703125 0.05625 0.04375
0 0.1703125 0.5546875 0.05625 0.0625
0 0.859375 0.2515625 0.04375 0.05625
0 0.221875 0.6046875 0.05 0.040625
0 0.4421875 0.465625 0.0625 0.059375
0 0.1609375 0.6140625 0.040625 0.0375
0 0.703125 0.5671875 0.04375 0.034375
0 0.7875 0.515625 0.0375 0.040625
0 0.78125 0.571875 0.034375 0.03125
0 0.6 0.2921875 0.05625 0.05
0 0.575 0.5578125 0.028125 0.034375
0 0.99609375 0.315625 0.0078125 0.05
0 0.4015625 0.1296875 0.025 0.034375
0 0.98828125 0.1015625 0.0234375 0.0375
