0 0.196875 0.5953125 0.01875 0.021875
0 0.0125 0.6828125 0.015625 0.0125
0 0.03125 0.6875 0.015625 0.015625
0 0.0140625 0.6671875 0.0125 0.0125
0 0.0390625 0.6609375 0.021875 0.021875
0 0.078125 0.75 0.028125 0.021875
0 0.33125 0.7484375 0.0125 0.015625
0 0.0109375 0.5015625 0.021875 0.025
0 0.2234375 0.6984375 0.028125 0.025
0 0.009375 0.746875 0.01875 0.01875
0 0.06875 0.6671875 0.025 0.021875
0 0.015625 0.6125 0.015625 0.009375
0 0.0484375 0.7296875 0.015625 0.015625
0 0.10625 0.7640625 0.01875 0.015625
0 0.103125 0.74375 0.01875 0.015625
0 0.1015625 0.703125 0.015625 0.015625
0 0.140625 0.7734375 0.021875 0.01875
0 0.134375 0.7484375 0.01875 0.01875
0 0.234375 0.7546875 0.0125 0.0125
0 0.253125 0.740625 0.0125 0.015625
0 0.2671875 0.7453125 0.009375 0.009375
0 0.31875 0.740625 0.0125 0.0125
0 0.375 0.74375 0.009375 0.009375
0 0.2140625 0.5984375 0.015625 0.01875
0 0.4046875 0.7421875 0.009375 0.009375
0 0.4109375 0.746875 0.009375 0.009375
0 0.390625 0.71875 0.0125 0.009375
0 0.434375 0.7703125 0.009375 0.0125
0 0.4515625 0.7078125 0.015625 0.0125
0 0.4671875 0.7515625 0.0125 0.0125
0 0.48125 0.728125 0.0125 0.009375
0 0.5109375 0.75 0.009375 0.009375
0 0.5203125 0.7515625 0.009375 0.009375
0 0.4921875 0.703125 0.0125 0.0125
0 0.3734375 0.6640625 0.009375 0.009375
0 0.384375 0.6640625 0.009375 0.009375
0 0.290625 0.559375 0.015625 0.0125
0 0.9296875 0.746875 0.015625 0.009375
0 0.953125 0.7625 0.009375 0.009375
