0 0.1484375 0.4359375 0.053125 0.04375
0 0.215625 0.2390625 0.04375 0.04375
0 0.2484375 0.4484375 0.0375 0.0375
0 0.3296875 0.4421875 0.034375 0.034375
0 0.171875 0.2359375 0.04375 0.040625
0 0.1203125 0.471875 0.03125 0.046875
0 0.4875 0.4734375 0.01875 0.015625
0 0.4875 0.45 0.015625 0.01875
0 0.621875 0.4390625 0.03125 0.025
0 0.5859375 0.2421875 0.028125 0.021875
0 0.275 0.45625 0.028125 0.025
0 0.4421875 0.421875 0.025 0.025
0 0.6515625 0.4203125 0.025 0.021875
0 0.678125 0.425 0.021875 0.01875
0 0.7734375 0.3921875 0.025 0.025
0 0.025 0.5515625 0.028125 0.0375
0 0.0015625 0.2765625 0.003125 0.040625
0 0.325 0.3421875 0.034375 0.034375
0 0.315625 0.14375 0.0375 0.04375
0 0.0703125 0.4 0.040625 0.03125
0 0.434375 0.371875 0.01875 0.015625
0 0.428125 0.3515625 0.01875 0.01875
0 0.4765625 0.275 0.028125 0.021875
0 0.4671875 0.38125 0.021875 0.01875
0 0.5078125 0.1765625 0.021875 0.01875
0 0.809375 0.39375 0.01875 0.021875
0 0.8234375 0.4078125 0.015625 0.015625
0 0.86875 0.2875 0.009375 0.009375
0 0.8796875 0.2859375 0.015625 0.015625
0 0.9921875 0.378125 0.015625 0.0125
0 0.9671875 0.284375 0.009375 0.0125
0 0.9671875 0.3375 0.015625 0.01875
0 0.78125 0.3515625 0.0125 0.0125
0 0.2 0.4109375 0.021875 0.025
0 0.171875 0.33125 0.01875 0.0125
0 0.1375 0.4875 0.03125 0.025
0 0.73125 0.13125 0.015625 0.021875
0 0.6015625 0.2234375 0.0125 0.015625
0 0.5640625 0.4046875 0.0125 0.009375
0 0.2390625 0.26875 0.034375 0.01875
0 0.509375 0.4671875 0.01875 0.01875
0 0.3484375 0.4296875 0.0125 0.0125
0 0.828125 0.35625 0.009375 0.0125
