0 0.0359375 0.01640625 0.046875 0.0328125
0 0.1375 0.0765625 0.053125 0.046875
0 0.0234375 0.35 0.046875 0.059375
0 0.2359375 0.3875 0.0625 0.075
0 0.3625 0.3796875 0.065625 0.065625
0 0.2859375 0.284375 0.05 0.05625
0 0.675 0.4875 0.05 0.053125
0 0.5765625 0.4484375 0.053125 0.053125
0 0.65 0.378125 0.025 0.0375
0 0.8421875 0.38125 0.040625 0.0375
0 0.925 0.2796875 0.0375 0.03125
0 0.934375 0.6734375 0.046875 0.04375
0 0.9578125 0.8125 0.0375 0.03125
0 0.740625 0.9328125 0.05625 0.078125
0 0.328125 0.8515625 0.05625 0.059375
0 0.1796875 0.7109375 0.046875 0.059375
0 0.159375 0.5546875 0.0625 0.071875
0 0.0265625 0.5 0.053125 0.059375
0 0.1203125 0.1171875 0.04375 0.0375
0 0.290625 0.99609375 0.0375 0.0078125
0 0.159375 0.93125 0.046875 0.03125
0 0.0625 0.853125 0.05 0.0625
0 0.0265625 0.8109375 0.053125 0.05625
0 0.359375 0.4390625 0.03125 0.034375
0 0.103125 0.49375 0.046875 0.05625
0 0.0796875 0.5671875 0.04375 0.04375
0 0.2234375 0.7046875 0.05 0.059375
0 0.1671875 0.7328125 0.05 0.0375
0 0.2578125 0.7484375 0.025 0.034375
0 0.3140625 0.8296875 0.04375 0.0375
0 0.396875 0.8546875 0.046875 0.04375
0 0.440625 0.9515625 0.05625 0.0625
0 0.2421875 0.44375 0.025 0.025
0 0.321875 0.5640625 0.03125 0.034375
0 0.5203125 0.56875 0.025 0.0375
0 0.76875 0.678125 0.034375 0.028125
0 0.8328125 0.7734375 0.03125 0.03125
0 0.8875 0.778125 0.034375 0.034375
0 0.984375 0.8125 0.025 0.025
0 0.9953125 0.78125 0.00625 0.021875
0 0.7765625 0.921875 0.05625 0.053125
0 0.90625 0.9890625 0.03125 0.021875
0 0.70625 0.990625 0.021875 0.01875
0 0.93125 0.9984375 0.025 0.003125
0 0.8703125 0.9921875 0.025 0.015625
0 0.7 0.896875 0.025 0.021875
0 0.671875 0.884375 0.025 0.021875
0 0.675 0.8328125 0.025 0.028125
0 0.515625 0.8328125 0.03125 0.034375
0 0.546875 0.96875 0.040625 0.04375
0 0.734375 0.984375 0.021875 0.021875
0 0.371875 0.88125 0.021875 0.021875
