0 0.265625 0.4765625 0.115625 0.1
0 0.721875 0.3828125 0.1125 0.115625
0 0.7140625 0.6203125 0.075 0.084375
0 0.9890625 0.4125 0.021875 0.05625
0 0.078125 0.46875 0.096875 0.08125
0 0.3515625 0.0953125 0.125 0.13125
0 0.053125 0.9140625 0.0625 0.053125
0 0.2015625 0.4828125 0.05 0.09375
0 0.078125 0.8671875 0.040625 0.03125
0 0.26875 0.6703125 0.03125 0.028125
0 0.7984375 0.35 0.1 0.1125
0 0.775 0.7 0.05 0.065625
0 0.909375 0.640625 0.046875 0.04375
0 0.4875 0.590625 0.03125 0.040625
0 0.7078125 0.053125 0.115625 0.05625
0 0.2953125 0.375 0.115625 0.065625
0 0.6953125 0.509375 0.021875 0.021875
0 0.84375 0.5984375 0.053125 0.0375
