0 0.00546875 0.98125 0.0109375 0.034375
0 0.515625 0.809375 0.03125 0.028125
0 0.4828125 0.809375 0.028125 0.034375
0 0.703125 0.8453125 0.025 0.021875
0 0.13125 0.990625 0.021875 0.01875
0 0.309375 0.803125 0.03125 0.03125
0 0.43125 0.8140625 0.021875 0.021875
0 0.5671875 0.9046875 0.01875 0.015625
0 0.03125 0.8734375 0.0375 0.040625
0 0.0328125 0.7328125 0.03125 0.03125
0 0.01796875 0.9 0.0359375 0.03125
0 0.740625 0.90625 0.0125 0.0125
0 0.53125 0.8953125 0.01875 0.015625
0 0.628125 0.9328125 0.0125 0.015625
0 0.4515625 0.89375 0.01875 0.009375
0 0.434375 0.8390625 0.0125 0.015625
0 0.4578125 0.8265625 0.009375 0.0125
0 0.4765625 0.83125 0.021875 0.015625
0 0.4546875 0.809375 0.009375 0.0125
0 0.3390625 0.8828125 0.015625 0.0125
0 0.2546875 0.88125 0.015625 0.0125
0 0.309375 0.84375 0.015625 0.0125
0 0.45625 0.6453125 0.009375 0.009375
0 0.4375 0.6390625 0.009375 0.0125
0 0.6640625 0.7328125 0.01875 0.015625
0 0.6828125 0.7359375 0.0125 0.015625
0 0.5953125 0.89375 0.015625 0.01875
0 0.5578125 0.8453125 0.0125 0.0125
0 0.8671875 0.903125 0.0125 0.009375
0 0.8515625 0.8921875 0.009375 0.009375
0 0.778125 0.8984375 0.009375 0.009375
0 0.7625 0.89375 0.009375 0.009375
0 0.915625 0.809375 0.009375 0.009375
0 0.93125 0.896875 0.009375 0.009375
0 0.8125 0.89375 0.009375 0.009375
0 0.5578125 0.8890625 0.01875 0.015625
0 0.45625 0.75625 0.009375 0.009375
0 0.6453125 0.928125 0.009375 0.009375
0 0.8 0.6953125 0.009375 0.0125
0 0.95 0.8703125 0.009375 0.009375
