0 0.815625 0.0015625 0.04375 0.003125
0 0.9109375 0.01640625 0.046875 0.0328125
0 0.99296875 0.0765625 0.0140625 0.046875
0 0.8375 0.25625 0.065625 0.071875
0 0.8921875 0.35 0.059375 0.059375
0 0.8265625 0.7359375 0.059375 0.065625
0 0.65 0.6640625 0.053125 0.053125
0 0.7296875 0.5796875 0.059375 0.04375
0 0.765625 0.540625 0.065625 0.05625
0 0.9 0.5 0.05625 0.059375
0 0.5921875 0.36875 0.040625 0.04375
0 0.671875 0.4828125 0.046875 0.04375
0 0.434375 0.7 0.05625 0.05625
0 0.571875 0.821875 0.0625 0.053125
0 0.271875 0.9765625 0.025 0.04375
0 0.825 0.0984375 0.046875 0.034375
0 0.98671875 0.1171875 0.0265625 0.0375
0 0.7140625 0.3765625 0.025 0.0375
0 0.0671875 0.8234375 0.025 0.028125
0 0.084375 0.8078125 0.025 0.025
0 0.0375 0.4484375 0.025 0.028125
0 0.0890625 0.309375 0.028125 0.025
0 0.0515625 0.5625 0.025 0.025
0 0.2921875 0.965625 0.025 0.025
0 0.3265625 0.9609375 0.025 0.025
0 0.4109375 0.946875 0.05 0.05625
0 0.246875 0.875 0.021875 0.021875
0 0.3296875 0.8078125 0.021875 0.01875
0 0.5234375 0.9953125 0.05 0.009375
0 0.6328125 0.940625 0.040625 0.03125
0 0.4421875 0.8015625 0.046875 0.05
0 0.7890625 0.8640625 0.040625 0.04375
0 0.7875 0.80625 0.0375 0.046875
0 0.9375 0.853125 0.05 0.0625
0 0.9 0.8109375 0.05625 0.05625
0 0.8421875 0.7859375 0.05 0.046875
0 0.7921875 0.6125 0.05 0.034375
0 0.7828125 0.6484375 0.025 0.021875
0 0.97734375 0.49375 0.0453125 0.05625
0 0.9546875 0.5671875 0.04375 0.04375
0 0.8421875 0.8171875 0.015625 0.01875
0 0.5640625 0.96875 0.025 0.028125
0 0.6875 0.99453125 0.01875 0.0109375
