0 0.2125 0.946875 0.04375 0.04375
0 0.584375 0.93125 0.053125 0.04375
0 0.590625 0.8921875 0.04375 0.04375
0 0.4640625 0.9109375 0.04375 0.046875
0 0.490625 0.875 0.04375 0.05
0 0.1296875 0.8765625 0.04375 0.04375
0 0.265625 0.759375 0.046875 0.053125
0 0.33125 0.778125 0.05 0.040625
0 0.771875 0.8515625 0.034375 0.034375
0 0.6421875 0.8390625 0.0375 0.034375
0 0.196875 0.771875 0.03125 0.034375
0 0.5328125 0.8890625 0.046875 0.040625
0 0.028125 0.771875 0.028125 0.03125
0 0.6421875 0.9109375 0.040625 0.0375
0 0.2953125 0.9484375 0.034375 0.034375
0 0.3609375 0.98515625 0.028125 0.0296875
0 0.1015625 0.965625 0.034375 0.0375
0 0.1453125 0.96875 0.05 0.05
0 0.14375 0.7375 0.0375 0.034375
0 0.0671875 0.7765625 0.021875 0.021875
0 0.55 0.7015625 0.0375 0.03125
0 0.98984375 0.9578125 0.0203125 0.025
0 0.85 0.9296875 0.021875 0.021875
