0 0.6015625 0.0359375 0.0375 0.034375
0 0.3421875 0.225 0.034375 0.03125
0 0.475 0.190625 0.03125 0.025
0 0.171875 0.01796875 0.0375 0.0359375
0 0.9328125 0.18125 0.021875 0.021875
0 0.059375 0.0453125 0.03125 0.03125
0 0.121875 0.0421875 0.03125 0.03125
0 0.0640625 0.171875 0.025 0.01875
0 0.2234375 0.0359375 0.021875 0.025
0 0.134375 0.2359375 0.0375 0.04375
0 0.04375 0.30625 0.03125 0.025
0 0.00390625 0.5265625 0.0078125 0.028125
0 0.2328125 0.2765625 0.025 0.021875
0 0.31875 0.365625 0.025 0.025
0 0.4296875 0.28125 0.03125 0.034375
0 0.4046875 0.5234375 0.040625 0.04375
0 0.55 0.2921875 0.025 0.025
0 0.8296875 0.025 0.015625 0.015625
0 0.7609375 0.00625 0.01875 0.0125
0 0.734375 0.015625 0.015625 0.0125
0 0.7703125 0.01875 0.0125 0.015625
0 0.85 0.0125 0.015625 0.015625
0 0.8546875 0.0375 0.0125 0.009375
0 0.7390625 0.134375 0.01875 0.01875
0 0.690625 0.1609375 0.01875 0.015625
0 0.70625 0.1546875 0.01875 0.015625
0 0.9484375 0.1671875 0.015625 0.015625
0 0.9640625 0.1640625 0.01875 0.015625
0 0.965625 0.196875 0.01875 0.015625
0 0.978125 0.175 0.015625 0.0125
0 0.99375 0.178125 0.009375 0.021875
0 0.9484375 0.196875 0.01875 0.01875
0 0.8734375 0.259375 0.021875 0.01875
0 0.91875 0.2453125 0.021875 0.01875
0 0.9125 0.2734375 0.015625 0.0125
0 0.8390625 0.3125 0.01875 0.015625
0 0.634375 0.3421875 0.0125 0.0125
0 0.64375 0.31875 0.0125 0.0125
0 0.7015625 0.2859375 0.015625 0.015625
0 0.75625 0.2609375 0.01875 0.015625
0 0.7765625 0.2796875 0.0125 0.0125
0 0.75625 0.2125 0.01875 0.01875
0 0.784375 0.2078125 0.015625 0.01875
0 0.7984375 0.1921875 0.01875 0.01875
0 0.828125 0.2015625 0.015625 0.015625
0 0.7984375 0.221875 0.015625 0.0125
0 0.80625 0.184375 0.01875 0.015625
0 0.7671875 0.2046875 0.015625 0.015625
0 0.7765625 0.2171875 0.015625 0.015625
0 0.7765625 0.196875 0.01875 0.0125
