0 0.0875 0.6796875 0.040625 0.040625
0 0.9875 0.275 0.025 0.040625
0 0.0109375 0.740625 0.021875 0.03125
0 0.040625 0.7328125 0.0375 0.034375
0 0.4671875 0.18125 0.021875 0.025
0 0.484375 0.159375 0.015625 0.01875
0 0.99609375 0.5671875 0.0078125 0.028125
0 0.4703125 0.3796875 0.015625 0.021875
0 0.9109375 0.26875 0.01875 0.01875
0 0.1640625 0.196875 0.021875 0.021875
0 0.665625 0.3578125 0.021875 0.021875
0 0.9828125 0.5375 0.034375 0.03125
0 0.7859375 0.23125 0.009375 0.01875
0 0.8015625 0.2359375 0.009375 0.0125
0 0.8140625 0.23125 0.009375 0.009375
0 0.8578125 0.2390625 0.01875 0.015625
0 0.8578125 0.21875 0.015625 0.015625
0 0.3625 0.30625 0.021875 0.01875
0 0.3921875 0.31875 0.021875 0.01875
0 0.4140625 0.3265625 0.0125 0.015625
0 0.440625 0.3234375 0.021875 0.015625
0 0.0140625 0.6453125 0.028125 0.040625
0 0.021875 0.7796875 0.040625 0.03125
0 0.4828125 0.1875 0.015625 0.01875
0 0.4875 0.378125 0.021875 0.021875
0 0.921875 0.2734375 0.009375 0.009375
