0 0.54375 0.9375 0.084375 0.09375
0 0.578125 0.328125 0.090625 0.075
0 0.2859375 0.1890625 0.0875 0.08125
0 0.821875 0.4203125 0.071875 0.05625
0 0.84375 0.3671875 0.075 0.0875
0 0.78125 0.8640625 0.08125 0.078125
0 0.71875 0.846875 0.075 0.084375
0 0.5359375 0.8296875 0.05625 0.071875
0 0.775 0.459375 0.0875 0.1125
0 0.4453125 0.784375 0.0625 0.08125
0 0.9078125 0.6296875 0.075 0.034375
0 0.5796875 0.878125 0.06875 0.059375
0 0.009375 0.190625 0.01875 0.05625
0 0.3921875 0.13125 0.040625 0.03125
0 0.4875 0.11875 0.0375 0.05
0 0.775 0.5203125 0.034375 0.034375
