0 0.0640625 0.7125 0.05625 0.053125
0 0.03125 0.9375 0.04375 0.03125
0 0.275 0.99765625 0.034375 0.0046875
0 0.328125 0.9265625 0.040625 0.04375
0 0.021875 0.7 0.04375 0.059375
0 0.1265625 0.828125 0.03125 0.040625
0 0.2140625 0.8359375 0.075 0.053125
0 0.240625 0.90625 0.04375 0.05
0 0.70625 0.646875 0.028125 0.025
0 0.284375 0.971875 0.040625 0.034375
0 0.7296875 0.6453125 0.025 0.025
0 0.0296875 0.971875 0.046875 0.0375
0 0.7390625 0.4015625 0.03125 0.028125
0 0.2046875 0.965625 0.040625 0.04375
0 0.00234375 0.725 0.0046875 0.05625
0 0.2109375 0.9421875 0.04375 0.04375
0 0.95625 0.6265625 0.053125 0.0375
0 0.35 0.4640625 0.03125 0.025
0 0.7109375 0.425 0.03125 0.03125
0 0.5765625 0.5703125 0.025 0.021875
0 0.6125 0.5828125 0.021875 0.03125
0 0.6359375 0.5890625 0.01875 0.028125
0 0.6671875 0.584375 0.03125 0.028125
0 0.2703125 0.890625 0.046875 0.03125
0 0.0140625 0.6265625 0.028125 0.03125
0 0.09375 0.603125 0.0375 0.040625
0 0.359375 0.4421875 0.01875 0.015625
0 0.125 0.4953125 0.03125 0.03125
