0 0.16875 0.5421875 0.0375 0.040625
0 0.7953125 0.2796875 0.03125 0.028125
0 0.515625 0.2765625 0.01875 0.025
0 0.365625 0.31875 0.021875 0.025
0 0.575 0.2953125 0.01875 0.01875
0 0.6 0.2609375 0.025 0.025
0 0.5203125 0.378125 0.01875 0.025
0 0.1296875 0.5109375 0.034375 0.03125
0 0.5484375 0.196875 0.021875 0.025
0 0.903125 0.2375 0.028125 0.021875
0 0.846875 0.38125 0.015625 0.01875
0 0.83125 0.3609375 0.021875 0.015625
0 0.8484375 0.346875 0.028125 0.025
0 0.825 0.38125 0.028125 0.025
0 0.1265625 0.3265625 0.040625 0.04375
0 0.7125 0.375 0.025 0.021875
0 0.94375 0.3734375 0.025 0.025
0 0.878125 0.3796875 0.025 0.01875
0 0.8796875 0.359375 0.015625 0.021875
0 0.6390625 0.4015625 0.025 0.01875
0 0.6890625 0.3390625 0.021875 0.01875
0 0.703125 0.35625 0.021875 0.01875
0 0.7171875 0.296875 0.025 0.021875
0 0.7375 0.3265625 0.03125 0.028125
0 0.8046875 0.2578125 0.028125 0.025
0 0.7046875 0.203125 0.021875 0.021875
0 0.6265625 0.3078125 0.025 0.021875
0 0.5859375 0.3609375 0.021875 0.021875
0 0.6140625 0.36875 0.0125 0.021875
0 0.446875 0.390625 0.015625 0.01875
0 0.41875 0.3 0.025 0.01875
0 0.478125 0.3921875 0.01875 0.021875
0 0.4859375 0.35625 0.01875 0.021875
0 0.9796875 0.375 0.015625 0.01875
0 0.9515625 0.325 0.01875 0.01875
