0 0.371875 0.0515625 0.0125 0.01875
0 0.45625 0.0609375 0.021875 0.03125
0 0.4796875 0.0921875 0.03125 0.025
0 0.4828125 0.05 0.03125 0.028125
0 0.546875 0.096875 0.025 0.028125
0 0.6515625 0.1125 0.034375 0.028125
0 0.1875 0.090625 0.015625 0.015625
0 0.1984375 0.2234375 0.01875 0.01875
0 0.8 0.1375 0.01875 0.025
0 0.6734375 0.09375 0.028125 0.025
0 0.1296875 0.0921875 0.01875 0.01875
0 0.3609375 0.0859375 0.01875 0.01875
0 0.4328125 0.125 0.01875 0.01875
0 0.496875 0.2453125 0.015625 0.021875
0 0.5953125 0.046875 0.025 0.025
0 0.5609375 0.0453125 0.03125 0.03125
0 0.6125 0.028125 0.03125 0.028125
0 0.678125 0.0625 0.028125 0.025
0 0.615625 0.0953125 0.03125 0.025
0 0.6984375 0.1328125 0.03125 0.03125
0 0.7296875 0.10625 0.021875 0.025
0 0.303125 0.265625 0.01875 0.021875
0 0.3625 0.328125 0.0125 0.015625
0 0.3640625 0.3109375 0.015625 0.0125
0 0.6265625 0.2828125 0.01875 0.01875
0 0.7359375 0.2765625 0.021875 0.01875
0 0.6390625 0.0640625 0.03125 0.025
0 0.4109375 0.059375 0.025 0.01875
0 0.2578125 0.2015625 0.01875 0.01875
0 0.25 0.1734375 0.015625 0.015625
0 0.28125 0.0484375 0.015625 0.015625
0 0.396875 0.0390625 0.021875 0.015625
0 0.934375 0.0453125 0.03125 0.03125
0 0.990625 0.0421875 0.01875 0.03125
0 0.9390625 0.171875 0.025 0.01875
0 0.9953125 0.2359375 0.009375 0.04375
0 0.91875 0.30625 0.03125 0.025
0 0.8578125 0.4109375 0.028125 0.028125
0 0.775 0.3203125 0.025 0.01875
0 0.8421875 0.484375 0.03125 0.03125
0 0.8703125 0.5265625 0.025 0.028125
