0 0.6015625 0.7859375 0.0375 0.034375
0 0.3421875 0.975 0.034375 0.03125
0 0.475 0.940625 0.03125 0.025
0 0.171875 0.765625 0.0375 0.040625
0 0.3265625 0.6609375 0.0375 0.034375
0 0.2734375 0.4953125 0.03125 0.03125
0 0.4234375 0.221875 0.03125 0.034375
0 0.3859375 0.4140625 0.034375 0.03125
0 0.3921875 0.3296875 0.034375 0.03125
0 0.428125 0.4125 0.034375 0.040625
0 0.475 0.5265625 0.0375 0.0375
0 0.1375 0.3421875 0.0375 0.034375
0 0.2546875 0.2578125 0.028125 0.03125
0 0.1859375 0.240625 0.034375 0.028125
0 0.00234375 0.4921875 0.0046875 0.0375
0 0.0046875 0.2859375 0.009375 0.034375
0 0.034375 0.3453125 0.034375 0.025
0 0.0734375 0.378125 0.04375 0.028125
0 0.9328125 0.93125 0.021875 0.021875
0 0.25625 0.0296875 0.0375 0.059375
0 0.0671875 0.1328125 0.03125 0.025
0 0.2296875 0.1171875 0.028125 0.034375
0 0.00390625 0.403125 0.0078125 0.03125
0 0.0328125 0.4375 0.03125 0.028125
0 0.1859375 0.396875 0.028125 0.028125
0 0.0671875 0.4171875 0.025 0.025
0 0.175 0.2796875 0.0375 0.03125
0 0.440625 0.21875 0.028125 0.03125
0 0.5046875 0.2921875 0.034375 0.03125
0 0.2890625 0.3546875 0.028125 0.028125
0 0.365625 0.434375 0.0375 0.03125
0 0.409375 0.4484375 0.025 0.025
0 0.24375 0.6125 0.028125 0.021875
0 0.078125 0.578125 0.03125 0.03125
0 0.059375 0.7953125 0.03125 0.03125
0 0.121875 0.7921875 0.03125 0.03125
0 0.0640625 0.921875 0.025 0.01875
0 0.2234375 0.7859375 0.021875 0.025
0 0.2390625 0.728125 0.03125 0.034375
0 0.134375 0.98203125 0.0375 0.0359375
0 0.578125 0.4875 0.034375 0.03125
0 0.5421875 0.33125 0.028125 0.028125
0 0.4984375 0.44375 0.040625 0.040625
0 0.515625 0.665625 0.015625 0.015625
0 0.5359375 0.6453125 0.015625 0.0125
0 0.8484375 0.58125 0.01875 0.015625
0 0.81875 0.6015625 0.021875 0.015625
0 0.7640625 0.615625 0.021875 0.01875
0 0.76875 0.6515625 0.01875 0.01875
0 0.8015625 0.6328125 0.025 0.01875
0 0.896875 0.6484375 0.01875 0.01875
0 0.903125 0.7125 0.021875 0.021875
0 0.8296875 0.775 0.015625 0.015625
0 0.7765625 0.7265625 0.01875 0.015625
0 0.7609375 0.7546875 0.01875 0.015625
0 0.734375 0.765625 0.015625 0.0125
0 0.7703125 0.76875 0.0125 0.015625
0 0.95 0.696875 0.01875 0.01875
0 0.96875 0.6984375 0.015625 0.01875
0 0.915625 0.6765625 0.015625 0.015625
0 0.7890625 0.71875 0.0125 0.0125
0 0.8421875 0.740625 0.01875 0.015625
0 0.85 0.7625 0.015625 0.015625
0 0.8546875 0.7875 0.0125 0.009375
0 0.9328125 0.6671875 0.01875 0.01875
0 0.8046875 0.6859375 0.021875 0.0125
0 0.7453125 0.725 0.015625 0.015625
0 0.7390625 0.884375 0.01875 0.01875
0 0.690625 0.9109375 0.01875 0.015625
0 0.70625 0.9046875 0.01875 0.015625
0 0.9484375 0.9171875 0.015625 0.015625
0 0.9640625 0.9140625 0.01875 0.015625
0 0.965625 0.946875 0.01875 0.015625
0 0.978125 0.925 0.015625 0.0125
0 0.99375 0.928125 0.009375 0.021875
0 0.9484375 0.946875 0.01875 0.01875
0 0.91875 0.99296875 0.021875 0.0140625
0 0.75625 0.9625 0.01875 0.01875
0 0.784375 0.9578125 0.015625 0.01875
0 0.7984375 0.9421875 0.01875 0.01875
0 0.828125 0.9515625 0.015625 0.015625
0 0.7984375 0.971875 0.015625 0.0125
0 0.80625 0.934375 0.01875 0.015625
0 0.7671875 0.9546875 0.015625 0.015625
0 0.7765625 0.9671875 0.015625 0.015625
0 0.7765625 0.946875 0.01875 0.0125
