0 0.240625 0.634375 0.05625 0.05625
0 0.190625 0.671875 0.05625 0.05
0 0.2234375 0.446875 0.046875 0.046875
0 0.134375 0.7 0.05625 0.0375
0 0.178125 0.4484375 0.05625 0.05
0 0.628125 0.2421875 0.025 0.021875
0 0.840625 0.2078125 0.021875 0.01875
0 0.771875 0.2734375 0.0125 0.009375
0 0.690625 0.228125 0.01875 0.015625
0 0.7046875 0.209375 0.015625 0.015625
0 0.5359375 0.3109375 0.01875 0.015625
0 0.5375 0.1625 0.01875 0.015625
0 0.5203125 0.1484375 0.01875 0.015625
0 0.8078125 0.140625 0.021875 0.01875
0 0.7078125 0.2421875 0.015625 0.015625
0 0.7234375 0.2703125 0.00625 0.01875
0 0.25 0.3375 0.021875 0.021875
