0 0.96328125 0.3109375 0.0734375 0.071875
0 0.90625 0.85625 0.06875 0.06875
0 0.828125 0.71875 0.078125 0.078125
0 0.7140625 0.7390625 0.065625 0.05625
0 0.121875 0.1984375 0.028125 0.025
0 0.6875 0.16875 0.046875 0.046875
0 0.8640625 0.33125 0.075 0.071875
0 0.89375 0.796875 0.071875 0.04375
0 0.26875 0.2859375 0.021875 0.015625
0 0.2796875 0.2984375 0.025 0.015625
0 0.2734375 0.2625 0.028125 0.021875
0 0.1078125 0.2875 0.0125 0.01875
0 0.190625 0.259375 0.025 0.025
0 0.0390625 0.29375 0.01875 0.01875
0 0.0640625 0.2390625 0.021875 0.01875
0 0.8796875 0.0796875 0.04375 0.046875
0 0.29375 0.3078125 0.0125 0.015625
0 0.3890625 0.2859375 0.015625 0.015625
0 0.4578125 0.2890625 0.01875 0.021875
0 0.3375 0.1515625 0.015625 0.025
0 0.790625 0.6734375 0.028125 0.015625
0 0.784375 0.5078125 0.025 0.015625
0 0.97265625 0.2859375 0.0546875 0.06875
0 0.13125 0.175 0.03125 0.028125
0 0.91875 0.309375 0.059375 0.05625
