0 0.8109375 0.640625 0.0625 0.065625
0 0.671875 0.54375 0.071875 0.078125
0 0.9109375 0.840625 0.075 0.053125
0 0.909375 0.74375 0.053125 0.05
0 0.43125 0.8953125 0.059375 0.046875
0 0.5359375 0.978125 0.05625 0.04375
0 0.384375 0.3484375 0.053125 0.053125
0 0.1328125 0.4109375 0.065625 0.053125
0 0.690625 0.9578125 0.05625 0.065625
0 0.96796875 0.409375 0.0640625 0.06875
0 0.284375 0.4390625 0.05 0.0625
0 0.6375 0.69375 0.06875 0.0625
0 0.590625 0.6671875 0.053125 0.065625
0 0.7484375 0.7921875 0.05625 0.0375
0 0.209375 0.4 0.053125 0.065625
0 0.3890625 0.4828125 0.090625 0.10625
0 0.5875 0.98515625 0.04375 0.0296875
0 0.7015625 0.846875 0.04375 0.0375
0 0.859375 0.7125 0.046875 0.05625
0 0.64375 0.8375 0.04375 0.034375
0 0.5953125 0.8453125 0.046875 0.040625
0 0.984375 0.678125 0.03125 0.053125
0 0.203125 0.7171875 0.034375 0.03125
0 0.5984375 0.840625 0.04375 0.034375
0 0.275 0.8765625 0.059375 0.05625
0 0.640625 0.4140625 0.040625 0.05625
0 0.7296875 0.403125 0.05 0.05
0 0.978125 0.63125 0.04375 0.046875
0 0.2875 0.6875 0.071875 0.065625
0 0.465625 0.4296875 0.0375 0.034375
