0 0.0453125 0.2796875 0.03125 0.028125
0 0.5 0.2421875 0.025 0.015625
0 0.5078125 0.2171875 0.021875 0.025
0 0.153125 0.2375 0.028125 0.021875
0 0.096875 0.38125 0.015625 0.01875
0 0.08125 0.3609375 0.021875 0.015625
0 0.0984375 0.346875 0.028125 0.025
0 0.075 0.38125 0.028125 0.025
0 0.19375 0.3734375 0.025 0.025
0 0.128125 0.3796875 0.025 0.01875
0 0.1296875 0.359375 0.015625 0.021875
0 0.0015625 0.3265625 0.003125 0.028125
0 0.0546875 0.2578125 0.028125 0.025
0 0.2296875 0.375 0.015625 0.01875
0 0.2015625 0.325 0.01875 0.01875
0 0.3921875 0.2234375 0.01875 0.021875
0 0.371875 0.196875 0.01875 0.0125
0 0.4546875 0.2078125 0.015625 0.015625
0 0.4734375 0.31875 0.0125 0.01875
