0 0.996875 0.3421875 0.00625 0.034375
0 0.8046875 0.44375 0.0375 0.0375
0 0.865625 0.4921875 0.028125 0.0375
0 0.865625 0.2859375 0.0375 0.034375
0 0.909375 0.3453125 0.034375 0.025
0 0.9484375 0.378125 0.04375 0.028125
0 0.678125 0.4390625 0.04375 0.034375
0 0.3203125 0.696875 0.01875 0.025
0 0.3875 0.7078125 0.01875 0.025
0 0.396875 0.6453125 0.040625 0.0375
0 0.4453125 0.6078125 0.04375 0.0375
0 0.371875 0.8015625 0.0125 0.01875
0 0.45625 0.8109375 0.021875 0.03125
0 0.4796875 0.8421875 0.03125 0.025
0 0.4828125 0.8 0.03125 0.028125
0 0.546875 0.846875 0.025 0.028125
0 0.6515625 0.8625 0.034375 0.028125
0 0.6453125 0.709375 0.025 0.03125
0 0.778125 0.6484375 0.034375 0.0375
0 0.8125 0.6 0.034375 0.028125
0 0.4203125 0.3875 0.025 0.03125
0 0.1875 0.840625 0.015625 0.015625
0 0.1984375 0.9734375 0.01875 0.01875
0 0.9421875 0.1328125 0.03125 0.025
0 0.8 0.8875 0.01875 0.025
0 0.6734375 0.84375 0.028125 0.025
0 0.3625 0.5796875 0.0375 0.025
0 0.50625 0.3640625 0.028125 0.025
0 0.525 0.3671875 0.01875 0.025
0 0.6234375 0.4125 0.028125 0.025
0 0.4296875 0.40625 0.025 0.03125
0 0.3359375 0.459375 0.015625 0.015625
0 0.275 0.58125 0.01875 0.01875
0 0.478125 0.48125 0.034375 0.021875
0 0.6125 0.4890625 0.01875 0.01875
0 0.696875 0.475 0.028125 0.03125
0 0.865625 0.403125 0.034375 0.03125
0 0.9078125 0.4375 0.03125 0.028125
0 0.9421875 0.4171875 0.025 0.025
0 0.1296875 0.8421875 0.01875 0.01875
0 0.3609375 0.8359375 0.01875 0.01875
0 0.4328125 0.875 0.01875 0.01875
0 0.496875 0.9921875 0.015625 0.015625
0 0.5953125 0.796875 0.025 0.025
0 0.5609375 0.7953125 0.03125 0.03125
0 0.6125 0.778125 0.03125 0.028125
0 0.678125 0.8125 0.028125 0.025
0 0.615625 0.8453125 0.03125 0.025
0 0.6984375 0.8828125 0.03125 0.03125
0 0.7296875 0.85625 0.021875 0.025
0 0.6390625 0.8140625 0.03125 0.025
0 0.4109375 0.809375 0.025 0.01875
0 0.2578125 0.9515625 0.01875 0.01875
0 0.25 0.9234375 0.015625 0.015625
0 0.28125 0.7984375 0.015625 0.015625
0 0.571875 0.6953125 0.028125 0.028125
0 0.396875 0.7890625 0.021875 0.015625
0 0.953125 0.578125 0.03125 0.03125
0 0.8265625 0.628125 0.028125 0.025
0 0.7875 0.60625 0.028125 0.025
0 0.7421875 0.621875 0.028125 0.03125
0 0.6953125 0.6203125 0.028125 0.028125
0 0.6734375 0.690625 0.028125 0.028125
0 0.7640625 0.7125 0.028125 0.021875
0 0.8109375 0.65625 0.028125 0.03125
0 0.934375 0.7953125 0.03125 0.03125
0 0.990625 0.7921875 0.01875 0.03125
0 0.9390625 0.921875 0.025 0.01875
0 0.9953125 0.98203125 0.009375 0.0359375
