0 0.2078125 0.5875 0.053125 0.05
0 0.1921875 0.5546875 0.040625 0.028125
0 0.690625 0.3328125 0.04375 0.046875
0 0.39375 0.5 0.0625 0.040625
0 0.59375 0.5203125 0.0375 0.04375
0 0.63125 0.5515625 0.04375 0.04375
0 0.6453125 0.3390625 0.046875 0.0375
0 0.596875 0.43125 0.046875 0.046875
0 0.6328125 0.4375 0.01875 0.053125
0 0.4875 0.4359375 0.028125 0.028125
0 0.6 0.3875 0.04375 0.0375
0 0.559375 0.321875 0.025 0.028125
0 0.59375 0.253125 0.025 0.021875
0 0.609375 0.3171875 0.021875 0.021875
0 0.5078125 0.4453125 0.028125 0.021875
0 0.9390625 0.1765625 0.00625 0.0125
0 0.95 0.1765625 0.0125 0.015625
