0 0.5859375 0.2734375 0.084375 0.0875
0 0.296875 0.8484375 0.065625 0.06875
0 0.8546875 0.7046875 0.059375 0.06875
0 0.9453125 0.7296875 0.053125 0.065625
0 0.1921875 0.1984375 0.08125 0.0875
0 0.515625 0.290625 0.06875 0.075
0 0.34375 0.53125 0.071875 0.075
0 0.865625 0.49375 0.04375 0.040625
0 0.45 0.65 0.075 0.071875
0 0.709375 0.4875 0.08125 0.0875
0 0.4125 0.6640625 0.053125 0.059375
0 0.7015625 0.8359375 0.059375 0.0625
0 0.50625 0.528125 0.03125 0.040625
0 0.1640625 0.7390625 0.059375 0.075
0 0.909375 0.2078125 0.05625 0.059375
0 0.5390625 0.4734375 0.05 0.046875
0 0.7984375 0.54375 0.040625 0.04375
0 0.059375 0.7359375 0.075 0.053125
0 0.05625 0.6859375 0.08125 0.0875
0 0.55625 0.4171875 0.05 0.04375
0 0.8546875 0.5421875 0.053125 0.04375
0 0.7015625 0.8359375 0.059375 0.0625
0 0.5890625 0.334375 0.046875 0.040625
0 0.6578125 0.440625 0.04375 0.04375
0 0.734375 0.08125 0.021875 0.028125
0 0.7484375 0.0625 0.01875 0.01875
0 0.7640625 0.0703125 0.015625 0.015625
0 0.7546875 0.0359375 0.015625 0.015625
0 0.6484375 0.2765625 0.040625 0.05625
0 0.63125 0.3359375 0.05625 0.05625
0 0.14375 0.278125 0.04375 0.04375
0 0.0296875 0.06875 0.046875 0.053125
0 0.4640625 0.1390625 0.0125 0.015625
0 0.5171875 0.19375 0.015625 0.015625
