0 0.2578125 0.446875 0.0625 0.065625
0 0.9265625 0.5640625 0.06875 0.084375
0 0.19375 0.5203125 0.05625 0.053125
0 0.97109375 0.7453125 0.0578125 0.071875
0 0.5328125 0.6921875 0.046875 0.053125
0 0.53125 0.3453125 0.075 0.0625
0 0.259375 0.646875 0.04375 0.034375
0 0.075 0.559375 0.046875 0.046875
0 0.3625 0.59375 0.05 0.046875
0 0.98828125 0.821875 0.0234375 0.034375
0 0.3515625 0.50625 0.034375 0.046875
0 0.5796875 0.4875 0.078125 0.05625
0 0.19375 0.6296875 0.03125 0.03125
0 0.203125 0.6125 0.025 0.028125
0 0.7734375 0.5875 0.053125 0.04375
0 0.54375 0.6 0.03125 0.046875
0 0.44375 0.7078125 0.05 0.0375
0 0.0484375 0.296875 0.025 0.021875
0 0.121875 0.26875 0.028125 0.021875
0 0.9578125 0.309375 0.0375 0.034375
0 0.5578125 0.4453125 0.04375 0.03125
0 0.0296875 0.421875 0.021875 0.021875
0 0.009375 0.34375 0.01875 0.03125
