0 0.3640625 0.18125 0.05 0.05
0 0.7078125 0.1375 0.046875 0.046875
0 0.7421875 0.0984375 0.046875 0.046875
0 0.259375 0.1015625 0.053125 0.053125
0 0.6390625 0.390625 0.05 0.053125
0 0.5046875 0.01171875 0.05625 0.0234375
0 0.85625 0.115625 0.053125 0.053125
0 0.5546875 0.3390625 0.046875 0.05
0 0.1703125 0.4203125 0.053125 0.040625
0 0.6890625 0.3859375 0.046875 0.040625
0 0.9 0.1390625 0.046875 0.04375
0 0.36875 0.5515625 0.046875 0.034375
0 0.7359375 0.384375 0.0375 0.040625
0 0.8953125 0.059375 0.05 0.04375
0 0.9765625 0.509375 0.034375 0.03125
0 0.9453125 0.6171875 0.040625 0.034375
0 0.059375 0.2078125 0.03125 0.03125
0 0.778125 0.55625 0.04375 0.046875
0 0.13125 0.0484375 0.071875 0.0625
0 0.490625 0.271875 0.0375 0.0375
0 0.925 0.2953125 0.053125 0.04375
0 0.2109375 0.440625 0.03125 0.0375
0 0.9484375 0.2734375 0.03125 0.034375
0 0.7828125 0.1125 0.0375 0.040625
0 0.415625 0.5421875 0.034375 0.028125
0 0.8609375 0.3109375 0.03125 0.028125
0 0.8984375 0.2765625 0.04375 0.05
0 0.99765625 0.3078125 0.0046875 0.028125
0 0.7421875 0.553125 0.0375 0.046875
0 0.7390625 0.29375 0.034375 0.034375
0 0.696875 0.2671875 0.03125 0.028125
0 0.26875 0.490625 0.046875 0.03125
0 0.553125 0.378125 0.034375 0.03125
0 0.2453125 0.20625 0.040625 0.040625
0 0.3046875 0.3328125 0.028125 0.025
0 0.321875 0.2953125 0.028125 0.021875
0 0.5984375 0.4796875 0.04375 0.0375
0 0.2796875 0.4203125 0.028125 0.028125
0 0.196875 0.00546875 0.03125 0.0109375
0 0.503125 0.3703125 0.04375 0.028125
0 0.1046875 0.3453125 0.028125 0.028125
0 0.7828125 0.3234375 0.034375 0.034375
0 0.2015625 0.1921875 0.034375 0.04375
0 0.8546875 0.5015625 0.03125 0.03125
0 0.8734375 0.53125 0.04375 0.03125
0 0.7921875 0.171875 0.028125 0.025
0 0.83125 0.1625 0.05625 0.040625
0 0.8453125 0.2390625 0.040625 0.025
0 0.965625 0.2109375 0.021875 0.015625
0 0.559375 0.1171875 0.040625 0.03125
0 0.484375 0.18125 0.0375 0.03125
0 0.4078125 0.296875 0.0375 0.03125
0 0.7953125 0.0015625 0.025 0.003125
0 0.2265625 0.3234375 0.0375 0.021875
0 0.2703125 0.346875 0.01875 0.015625
0 0.0109375 0.003125 0.021875 0.00625
0 0.0375 0.00390625 0.021875 0.0078125
0 0.065625 0.009375 0.03125 0.01875
0 0.99140625 0.1890625 0.0171875 0.021875
0 0.1015625 0.20625 0.040625 0.021875
0 0.515625 0.23125 0.028125 0.034375
0 0.9796875 0.5453125 0.040625 0.03125
0 0.990625 0.496875 0.01875 0.040625
0 0.3453125 0.2421875 0.034375 0.025
0 0.9859375 0.2859375 0.028125 0.04375
0 0.6765625 0.30625 0.034375 0.01875
