0 0.0859375 0.9171875 0.053125 0.05
0 0.028125 0.9125 0.040625 0.05
0 0.1453125 0.8625 0.04375 0.0375
0 0.815625 0.884375 0.0125 0.0125
0 0.8171875 0.86875 0.0125 0.015625
0 0.078125 0.9578125 0.05 0.046875
0 0.2875 0.878125 0.04375 0.0375
0 0.6375 0.8953125 0.028125 0.025
0 0.9 0.9390625 0.015625 0.01875
0 0.7421875 0.853125 0.0125 0.009375
0 0.6625 0.9859375 0.009375 0.015625
0 0.128125 0.9390625 0.040625 0.028125
0 0.040625 0.7125 0.03125 0.01875
0 0.265625 0.99765625 0.025 0.0046875
0 0.1078125 0.7140625 0.01875 0.015625
