0 0.1359375 0.659375 0.01875 0.025
0 0.140625 0.4453125 0.025 0.025
0 0.078125 0.615625 0.025 0.021875
0 0.1296875 0.5640625 0.025 0.025
0 0.1046875 0.5640625 0.021875 0.021875
0 0.246875 0.6734375 0.021875 0.01875
0 0.1859375 0.6453125 0.028125 0.028125
0 0.2171875 0.6359375 0.015625 0.021875
0 0.2625 0.6203125 0.021875 0.021875
0 0.7078125 0.4390625 0.021875 0.01875
0 0.0296875 0.38125 0.03125 0.03125
0 0.8265625 0.5625 0.0125 0.0125
0 0.928125 0.6703125 0.03125 0.025
0 0.9578125 0.65 0.028125 0.028125
0 0.359375 0.6296875 0.021875 0.015625
0 0.359375 0.6125 0.01875 0.01875
0 0.8453125 0.4078125 0.0125 0.0125
0 0.05625 0.5625 0.01875 0.015625
0 0.05625 0.54375 0.021875 0.01875
0 0.9703125 0.6578125 0.028125 0.025
0 0.1578125 0.428125 0.01875 0.021875
0 0.20625 0.4375 0.028125 0.025
0 0.2671875 0.5140625 0.021875 0.01875
0 0.146875 0.51875 0.025 0.01875
0 0.225 0.509375 0.021875 0.025
0 0.375 0.66875 0.01875 0.015625
0 0.3984375 0.6796875 0.01875 0.009375
0 0.403125 0.6546875 0.025 0.021875
0 0.4359375 0.6421875 0.03125 0.01875
0 0.00859375 0.5203125 0.0171875 0.028125
0 0.034375 0.465625 0.021875 0.021875
0 0.221875 0.415625 0.025 0.015625
0 0.896875 0.6171875 0.028125 0.028125
0 0.9359375 0.46875 0.025 0.021875
0 0.78125 0.51875 0.01875 0.015625
0 0.8375 0.4203125 0.0125 0.0125
0 0.840625 0.5625 0.0125 0.0125
0 0.1546875 0.6609375 0.01875 0.021875
0 0.15 0.565625 0.021875 0.021875
0 0.2328125 0.5203125 0.025 0.021875
0 0.25 0.509375 0.01875 0.021875
0 0.3765625 0.603125 0.015625 0.0125
0 0.1734375 0.4359375 0.01875 0.01875
0 0.1921875 0.4578125 0.025 0.021875
0 0.2265625 0.45 0.021875 0.025
0 0.99140625 0.65625 0.0171875 0.015625
