0 0.0484375 0.859375 0.046875 0.05625
0 0.01484375 0.8921875 0.0296875 0.040625
0 0.2765625 0.9015625 0.03125 0.028125
0 0.2140625 0.809375 0.028125 0.03125
0 0.1109375 0.91875 0.034375 0.03125
0 0.1796875 0.95 0.01875 0.025
0 0.2 0.95625 0.034375 0.03125
0 0.5359375 0.7875 0.015625 0.01875
0 0.553125 0.853125 0.03125 0.021875
0 0.128125 0.9765625 0.025 0.025
0 0.00625 0.6765625 0.0125 0.04375
0 0.053125 0.771875 0.03125 0.04375
0 0.2796875 0.825 0.025 0.025
0 0.7953125 0.8484375 0.009375 0.009375
0 0.7953125 0.815625 0.0125 0.009375
0 0.7046875 0.771875 0.009375 0.0125
0 0.6625 0.8234375 0.009375 0.015625
0 0.7140625 0.8265625 0.009375 0.0125
0 0.4890625 0.8203125 0.015625 0.01875
0 0.4625 0.775 0.0125 0.015625
0 0.55625 0.8078125 0.01875 0.0125
0 0.615625 0.834375 0.015625 0.009375
0 0.578125 0.8234375 0.015625 0.009375
0 0.625 0.821875 0.0125 0.015625
0 0.553125 0.696875 0.0125 0.009375
0 0.128125 0.9328125 0.028125 0.025
0 0.13125 0.93125 0.021875 0.01875
0 0.1390625 0.9546875 0.021875 0.021875
0 0.553125 0.771875 0.009375 0.0125
