0 0.6453125 0.3609375 0.059375 0.059375
0 0.7203125 0.1203125 0.053125 0.0625
0 0.3484375 0.3171875 0.059375 0.0625
0 0.49375 0.3984375 0.040625 0.059375
0 0.99453125 0.178125 0.0109375 0.05
0 0.35625 0.5234375 0.046875 0.046875
0 0.73125 0.6859375 0.046875 0.04375
0 0.446875 0.0625 0.046875 0.05
0 0.209375 0.4484375 0.04375 0.046875
0 0.63125 0.6171875 0.040625 0.0375
0 0.403125 0.5359375 0.046875 0.05
0 0.303125 0.496875 0.046875 0.040625
0 0.775 0.671875 0.04375 0.05
0 0.971875 0.5515625 0.040625 0.04375
0 0.68125 0.496875 0.034375 0.040625
0 0.703125 0.4453125 0.021875 0.021875
0 0.7453125 0.45 0.040625 0.040625
0 0.590625 0.646875 0.04375 0.04375
0 0.5734375 0.5953125 0.040625 0.0375
0 0.8328125 0.5546875 0.04375 0.0375
0 0.6296875 0.059375 0.03125 0.028125
0 0.4640625 0.6078125 0.03125 0.034375
0 0.99609375 0.5796875 0.0078125 0.03125
0 0.5109375 0.54375 0.04375 0.04375
0 0.840625 0.475 0.034375 0.028125
0 0.3140625 0.2015625 0.065625 0.053125
0 0.79375 0.4796875 0.03125 0.03125
0 0.93125 0.2703125 0.028125 0.03125
0 0.509375 0.0578125 0.034375 0.034375
0 0.35625 0.3765625 0.01875 0.025
0 0.6078125 0.4828125 0.01875 0.021875
0 0.775 0.1234375 0.025 0.021875
