0 0.6140625 0.0296875 0.146875 0.059375
0 0.809375 0.97265625 0.115625 0.0546875
0 0.7984375 0.7625 0.096875 0.11875
0 0.8703125 0.5390625 0.115625 0.1375
0 0.3609375 0.6109375 0.134375 0.11875
0 0.09375 0.703125 0.078125 0.065625
0 0.1875 0.8421875 0.065625 0.06875
0 0.8625 0.6671875 0.134375 0.121875
0 0.75 0.4265625 0.134375 0.1375
0 0.965625 0.7953125 0.06875 0.1
0 0.040625 0.90625 0.05625 0.05625
0 0.284375 0.171875 0.065625 0.071875
0 0.09375 0.9125 0.059375 0.05625
0 0.2171875 0.628125 0.071875 0.059375
0 0.1296875 0.8765625 0.065625 0.065625
0 0.6578125 0.73125 0.140625 0.109375
0 0.4671875 0.646875 0.103125 0.096875
0 0.0796875 0.484375 0.046875 0.05625
0 0.8046875 0.8734375 0.103125 0.059375
0 0.4875 0.0296875 0.05 0.059375
0 0.078125 0.484375 0.04375 0.053125
0 0.9546875 0.684375 0.03125 0.021875
0 0.5484375 0.371875 0.1 0.084375
0 0.98671875 0.6203125 0.0265625 0.046875
0 0.4390625 0.1421875 0.06875 0.059375
0 0.6921875 0.3328125 0.09375 0.090625
