0 0.65625 0.2953125 0.071875 0.06875
0 0.178125 0.2375 0.06875 0.05625
0 0.4359375 0.075 0.059375 0.059375
0 0.6890625 0.2375 0.059375 0.05625
0 0.434375 0.5546875 0.053125 0.05625
0 0.859375 0.4296875 0.05 0.059375
0 0.871875 0.5140625 0.04375 0.05
0 0.0828125 0.0625 0.046875 0.05
0 0.996875 0.1625 0.00625 0.05
0 0.090625 0.46875 0.04375 0.040625
0 0.3125 0.3390625 0.0375 0.040625
0 0.9859375 0.453125 0.028125 0.028125
0 0.828125 0.50625 0.04375 0.040625
0 0.7046875 0.284375 0.0375 0.0375
0 0.4984375 0.540625 0.04375 0.03125
0 0.8265625 0.478125 0.046875 0.0625
0 0.49375 0.4171875 0.05625 0.065625
0 0.5203125 0.315625 0.053125 0.046875
0 0.03125 0.2609375 0.04375 0.040625
0 0.15625 0.4578125 0.034375 0.025
0 0.1796875 0.3078125 0.053125 0.03125
0 0.3703125 0.2609375 0.025 0.021875
0 0.596875 0.146875 0.03125 0.021875
0 0.4 0.503125 0.028125 0.0375
0 0.46875 0.33125 0.034375 0.025
0 0.9421875 0.428125 0.028125 0.015625
0 0.990625 0.41875 0.01875 0.028125
0 0.225 0.4359375 0.03125 0.03125
0 0.4171875 0.2234375 0.028125 0.025
0 0.19375 0.4328125 0.028125 0.028125
0 0.1390625 0.409375 0.04375 0.03125
0 0.2828125 0.44375 0.028125 0.021875
0 0.54375 0.1125 0.028125 0.015625
0 0.975 0.3734375 0.025 0.01875
0 0.878125 0.4078125 0.028125 0.034375
0 0.5875 0.340625 0.0125 0.0125
0 0.5203125 0.3484375 0.028125 0.009375
