0 0.0109375 0.5484375 0.021875 0.071875
0 0.06875 0.525 0.065625 0.071875
0 0.559375 0.4609375 0.053125 0.05625
0 0.3640625 0.1609375 0.053125 0.059375
0 0.1484375 0.509375 0.046875 0.034375
0 0.4671875 0.6203125 0.046875 0.040625
0 0.8421875 0.453125 0.05 0.04375
0 0.7296875 0.628125 0.040625 0.04375
0 0.690625 0.51875 0.065625 0.075
0 0.775 0.559375 0.046875 0.04375
0 0.7140625 0.2046875 0.040625 0.040625
0 0.71875 0.240625 0.04375 0.03125
0 0.9265625 0.56875 0.034375 0.034375
0 0.69375 0.4046875 0.04375 0.046875
0 0.30625 0.5359375 0.025 0.034375
0 0.215625 0.2453125 0.028125 0.046875
0 0.3171875 0.396875 0.053125 0.028125
0 0.0140625 0.44375 0.028125 0.05
0 0.84375 0.4109375 0.04375 0.040625
0 0.95 0.5875 0.040625 0.0375
0 0.596875 0.440625 0.028125 0.0375
0 0.525 0.4328125 0.0375 0.025
0 0.89375 0.4078125 0.015625 0.040625
