0 0.3640625 0.93125 0.05 0.05
0 0.7078125 0.8875 0.046875 0.046875
0 0.7421875 0.8484375 0.046875 0.046875
0 0.259375 0.8515625 0.053125 0.053125
0 0.5046875 0.746875 0.05625 0.053125
0 0.85625 0.865625 0.053125 0.053125
0 0.9 0.8890625 0.046875 0.04375
0 0.8953125 0.809375 0.05 0.04375
0 0.059375 0.9578125 0.03125 0.03125
0 0.13125 0.7984375 0.071875 0.0625
0 0.7828125 0.8625 0.0375 0.040625
0 0.140625 0.6828125 0.059375 0.05625
0 0.2453125 0.95625 0.040625 0.040625
0 0.365625 0.7140625 0.034375 0.0375
0 0.196875 0.7375 0.03125 0.046875
0 0.2015625 0.9421875 0.034375 0.04375
0 0.7921875 0.921875 0.028125 0.025
0 0.83125 0.9125 0.05625 0.040625
0 0.8453125 0.98828125 0.040625 0.0234375
0 0.965625 0.9609375 0.021875 0.015625
0 0.559375 0.8671875 0.040625 0.03125
0 0.484375 0.93125 0.0375 0.03125
0 0.7515625 0.6625 0.025 0.01875
0 0.7953125 0.7390625 0.025 0.028125
0 0.0109375 0.7390625 0.021875 0.034375
0 0.0375 0.7453125 0.021875 0.025
0 0.065625 0.75 0.03125 0.0375
0 0.99140625 0.9390625 0.0171875 0.021875
0 0.709375 0.653125 0.01875 0.0125
0 0.1015625 0.95625 0.040625 0.021875
0 0.0296875 0.709375 0.0375 0.025
0 0.515625 0.98125 0.028125 0.034375
0 0.3453125 0.98984375 0.034375 0.0203125
