0 0.1375 0.746875 0.0625 0.0625
0 0.5234375 0.725 0.04375 0.046875
0 0.7984375 0.859375 0.046875 0.05625
0 0.728125 0.953125 0.0375 0.046875
0 0.3078125 0.6140625 0.040625 0.05
0 0.6328125 0.6421875 0.05625 0.0625
0 0.5953125 0.9359375 0.071875 0.071875
0 0.7515625 0.8921875 0.05625 0.040625
0 0.9640625 0.809375 0.028125 0.03125
0 0.69375 0.9953125 0.046875 0.009375
0 0.8609375 0.91875 0.034375 0.03125
0 0.7109375 0.8984375 0.034375 0.034375
0 0.9296875 0.95 0.01875 0.025
0 0.95 0.95625 0.034375 0.03125
0 0.878125 0.9765625 0.025 0.025
0 0.74375 0.6765625 0.0375 0.04375
0 0.0796875 0.940625 0.021875 0.04375
0 0.4125 0.596875 0.015625 0.03125
0 0.609375 0.8203125 0.01875 0.034375
0 0.803125 0.771875 0.03125 0.04375
0 0.878125 0.9328125 0.028125 0.025
0 0.88125 0.93125 0.021875 0.01875
0 0.1703125 0.975 0.021875 0.0125
0 0.8890625 0.9546875 0.021875 0.021875
