0 0.175 0.778125 0.075 0.078125
0 0.2421875 0.825 0.04375 0.040625
0 0.5875 0.4578125 0.021875 0.025
0 0.66875 0.428125 0.021875 0.025
0 0.0203125 0.98984375 0.040625 0.0203125
0 0.5421875 0.58125 0.021875 0.025
0 0.8859375 0.659375 0.01875 0.025
0 0.546875 0.403125 0.028125 0.025
0 0.890625 0.4453125 0.025 0.025
0 0.59375 0.609375 0.0125 0.015625
0 0.615625 0.590625 0.025 0.021875
0 0.6828125 0.61875 0.01875 0.01875
0 0.128125 0.99375 0.040625 0.0125
0 0.828125 0.615625 0.025 0.021875
0 0.8796875 0.5640625 0.025 0.025
0 0.8546875 0.5640625 0.021875 0.021875
0 0.99296875 0.6734375 0.0140625 0.01875
0 0.9359375 0.6453125 0.028125 0.028125
0 0.9671875 0.6359375 0.015625 0.021875
0 0.4640625 0.3546875 0.025 0.025
0 0.4984375 0.3765625 0.021875 0.028125
0 0.5390625 0.3421875 0.025 0.01875
0 0.6421875 0.471875 0.03125 0.021875
0 0.1609375 0.6171875 0.04375 0.040625
0 0.190625 0.5859375 0.0375 0.034375
0 0.45 0.5734375 0.028125 0.025
0 0.7796875 0.38125 0.03125 0.03125
0 0.675 0.546875 0.025 0.01875
0 0.69375 0.5234375 0.03125 0.028125
0 0.7203125 0.465625 0.03125 0.025
0 0.7265625 0.646875 0.025 0.021875
0 0.0890625 0.996875 0.04375 0.00625
0 0.80625 0.5625 0.01875 0.015625
0 0.80625 0.54375 0.021875 0.01875
0 0.9078125 0.428125 0.01875 0.021875
0 0.95625 0.4375 0.028125 0.025
0 0.896875 0.51875 0.025 0.01875
0 0.975 0.509375 0.021875 0.025
0 0.63125 0.6 0.01875 0.01875
0 0.6734375 0.5796875 0.03125 0.025
0 0.7546875 0.5203125 0.025 0.028125
0 0.784375 0.465625 0.021875 0.021875
0 0.971875 0.415625 0.025 0.015625
0 0.4171875 0.496875 0.025 0.028125
0 0.465625 0.4890625 0.025 0.025
0 0.4296875 0.3640625 0.025 0.025
0 0.4234375 0.309375 0.021875 0.015625
0 0.1 0.88125 0.078125 0.071875
0 0.640625 0.5390625 0.03125 0.025
0 0.73125 0.50625 0.015625 0.0125
0 0.9046875 0.6609375 0.01875 0.021875
0 0.9 0.565625 0.021875 0.021875
0 0.9828125 0.5203125 0.025 0.021875
0 0.9953125 0.509375 0.009375 0.021875
0 0.9234375 0.4359375 0.01875 0.01875
0 0.9421875 0.4578125 0.025 0.021875
0 0.9765625 0.45 0.021875 0.025
0 0.6609375 0.4828125 0.015625 0.015625
0 0.646875 0.4875 0.01875 0.015625
0 0.546875 0.5953125 0.01875 0.0125
0 0.665625 0.61875 0.021875 0.01875
0 0.446875 0.3671875 0.0125 0.015625
