0 0.35625 0.3890625 0.140625 0.121875
0 0.0953125 0.4015625 0.125 0.140625
0 0.8859375 0.5640625 0.1 0.078125
0 0.3703125 0.9796875 0.0625 0.040625
0 0.6515625 0.6 0.053125 0.04375
0 0.8796875 0.696875 0.01875 0.01875
0 0.3125 0.9203125 0.0375 0.053125
0 0.2609375 0.8640625 0.03125 0.04375
0 0.3421875 0.6609375 0.090625 0.10625
0 0.5015625 0.8734375 0.0375 0.040625
0 0.7859375 0.3734375 0.109375 0.109375
0 0.3328125 0.284375 0.121875 0.053125
0 0.2203125 0.459375 0.09375 0.09375
0 0.6265625 0.0890625 0.05625 0.08125
0 0.9015625 0.6765625 0.021875 0.01875
