0 0.765625 0.6125 0.06875 0.0625
0 0.38125 0.178125 0.025 0.025
0 0.3484375 0.2703125 0.021875 0.021875
0 0.3921875 0.3390625 0.021875 0.028125
0 0.3953125 0.2953125 0.025 0.028125
0 0.41875 0.3609375 0.028125 0.03125
0 0.44375 0.35 0.025 0.025
0 0.4390625 0.30625 0.021875 0.021875
0 0.090625 0.4234375 0.034375 0.025
0 0.0109375 0.3375 0.021875 0.03125
0 0.18125 0.3953125 0.021875 0.025
0 0.465625 0.3796875 0.028125 0.01875
0 0.4859375 0.36875 0.028125 0.015625
0 0.4984375 0.334375 0.025 0.021875
0 0.803125 0.6828125 0.03125 0.03125
0 0.20625 0.3 0.03125 0.021875
0 0.6875 0.534375 0.046875 0.028125
0 0.7125 0.334375 0.05 0.040625
0 0.48125 0.25625 0.03125 0.0375
0 0.19375 0.259375 0.0375 0.034375
0 0.2546875 0.2984375 0.028125 0.015625
0 0.321875 0.4046875 0.028125 0.025
0 0.1515625 0.2375 0.028125 0.028125
0 0.134375 0.4328125 0.009375 0.01875
0 0.10625 0.421875 0.015625 0.0125
0 0.15625 0.3796875 0.01875 0.015625
0 0.51875 0.33125 0.021875 0.015625
0 0.221875 0.265625 0.01875 0.021875
