0 0.0453125 0.7453125 0.0375 0.0375
0 0.396875 0.8734375 0.03125 0.025
0 0.00859375 0.7546875 0.0171875 0.0375
0 0.5140625 0.6828125 0.03125 0.03125
0 0.3234375 0.625 0.028125 0.021875
0 0.565625 0.7890625 0.03125 0.025
0 0.8984375 0.659375 0.025 0.021875
0 0.4609375 0.8421875 0.025 0.03125
0 0.3625 0.8046875 0.028125 0.03125
0 0.9 0.75625 0.021875 0.01875
0 0.93125 0.74375 0.021875 0.01875
0 0.3921875 0.8171875 0.025 0.021875
0 0.4921875 0.7171875 0.028125 0.028125
0 0.94375 0.7609375 0.015625 0.01875
0 0.48125 0.8515625 0.03125 0.03125
0 0.40625 0.8421875 0.028125 0.028125
0 0.4828125 0.790625 0.021875 0.021875
0 0.41875 0.66875 0.03125 0.028125
0 0.128125 0.678125 0.009375 0.0125
0 0.1421875 0.6640625 0.0125 0.009375
0 0.1390625 0.621875 0.015625 0.0125
0 0.16875 0.621875 0.009375 0.0125
0 0.078125 0.5890625 0.0125 0.0125
0 0.1171875 0.5875 0.015625 0.009375
0 0.1078125 0.56875 0.0125 0.009375
0 0.146875 0.55625 0.0125 0.0125
0 0.1671875 0.53125 0.0125 0.015625
0 0.1828125 0.5765625 0.0125 0.0125
0 0.0375 0.6359375 0.015625 0.015625
