0 0.728125 0.6671875 0.06875 0.065625
0 0.2015625 0.5296875 0.065625 0.065625
0 0.8265625 0.8546875 0.065625 0.071875
0 0.8296875 0.3828125 0.078125 0.08125
0 0.98125 0.65625 0.0375 0.06875
0 0.915625 0.684375 0.053125 0.065625
0 0.97421875 0.9484375 0.0515625 0.0625
0 0.1171875 0.6375 0.05625 0.046875
0 0.5390625 0.8015625 0.028125 0.03125
0 0.4625 0.778125 0.053125 0.06875
0 0.315625 0.590625 0.04375 0.05625
0 0.1578125 0.60625 0.05 0.04375
0 0.3890625 0.4359375 0.05 0.059375
0 0.1 0.296875 0.028125 0.028125
0 0.0125 0.58125 0.025 0.025
0 0.4984375 0.6078125 0.034375 0.028125
0 0.0578125 0.3765625 0.025 0.015625
0 0.075 0.496875 0.025 0.0375
0 0.44375 0.6890625 0.05625 0.03125
0 0.4015625 0.3 0.03125 0.034375
0 0.578125 0.7875 0.015625 0.04375
