0 0.2515625 0.99453125 0.0625 0.0109375
0 0.1578125 0.290625 0.065625 0.065625
0 0.8453125 0.553125 0.053125 0.059375
0 0.19375 0.8046875 0.1 0.0625
0 0.26875 0.465625 0.0625 0.059375
0 0.653125 0.98125 0.05625 0.0375
0 0.7875 0.4203125 0.05625 0.0625
0 0.428125 0.578125 0.065625 0.046875
0 0.4484375 0.759375 0.06875 0.046875
0 0.1828125 0.9109375 0.059375 0.040625
0 0.903125 0.5671875 0.0625 0.059375
0 0.7171875 0.6765625 0.040625 0.04375
0 0.39375 0.775 0.0375 0.04375
0 0.7078125 0.7890625 0.05625 0.046875
0 0.140625 0.9703125 0.028125 0.021875
0 0.6265625 0.46875 0.04375 0.05
0 0.7140625 0.8796875 0.05625 0.05
0 0.6234375 0.4421875 0.040625 0.059375
0 0.5671875 0.4453125 0.034375 0.034375
0 0.18125 0.99609375 0.028125 0.0078125
0 0.98984375 0.725 0.0203125 0.034375
0 0.74375 0.7953125 0.046875 0.05
0 0.8171875 0.5875 0.028125 0.025
0 0.9390625 0.915625 0.046875 0.040625
0 0.334375 0.6859375 0.046875 0.05
0 0.05625 0.678125 0.06875 0.046875
0 0.1875 0.584375 0.01875 0.01875
0 0.190625 0.6765625 0.046875 0.040625
0 0.4234375 0.6765625 0.015625 0.025
