0 0.0515625 0.2 0.103125 0.15
0 0.2109375 0.0421875 0.171875 0.084375
0 0.88359375 0.0296875 0.2328125 0.059375
0 0.9875 0.603125 0.025 0.25625
0 0.7484375 0.9125 0.203125 0.175
0 0.4671875 0.90546875 0.203125 0.1890625
0 0.3890625 0.05234375 0.16875 0.1046875
0 0.0671875 0.2828125 0.134375 0.11875
0 0.92421875 0.1046875 0.1515625 0.20625
0 0.93984375 0.2328125 0.1203125 0.190625
0 0.8875 0.5515625 0.128125 0.1625
0 0.85 0.8359375 0.19375 0.196875
0 0.2390625 0.953125 0.203125 0.09375
0 0.0453125 0.66875 0.090625 0.10625
