0 0.2921875 0.5125 0.06875 0.06875
0 0.421875 0.8234375 0.06875 0.06875
0 0.6078125 0.31875 0.075 0.078125
0 0.165625 0.19375 0.071875 0.078125
0 0.7640625 0.9078125 0.0875 0.084375
0 0.6234375 0.9421875 0.071875 0.075
0 0.1375 0.25625 0.071875 0.06875
0 0.8828125 0.659375 0.0375 0.053125
0 0.9171875 0.60625 0.071875 0.06875
0 0.43125 0.659375 0.071875 0.06875
0 0.95 0.753125 0.053125 0.04375
0 0.484375 0.359375 0.06875 0.071875
0 0.5546875 0.2875 0.06875 0.078125
0 0.0828125 0.5515625 0.059375 0.059375
0 0.6578125 0.5625 0.05625 0.06875
0 0.99375 0.6015625 0.0125 0.046875
0 0.8109375 0.8578125 0.03125 0.021875
0 0.8734375 0.8515625 0.046875 0.065625
0 0.3859375 0.6296875 0.040625 0.05
0 0.896875 0.3578125 0.059375 0.05
0 0.3515625 0.3484375 0.0375 0.021875
0 0.925 0.6765625 0.059375 0.0625
0 0.359375 0.303125 0.046875 0.0625
0 0.528125 0.3484375 0.04375 0.059375
0 0.8078125 0.478125 0.05625 0.04375
0 0.7390625 0.440625 0.0625 0.046875
0 0.478125 0.771875 0.034375 0.05625
0 0.7859375 0.4515625 0.0375 0.040625
0 0.3703125 0.765625 0.0375 0.04375
0 0.40625 0.753125 0.04375 0.0375
0 0.2671875 0.675 0.059375 0.046875
0 0.909375 0.534375 0.040625 0.03125
0 0.6015625 0.1265625 0.05 0.05625
0 0.4109375 0.29375 0.065625 0.084375
0 0.4640625 0.3 0.0375 0.0625
0 0.0125 0.4078125 0.021875 0.028125
0 0.68125 0.5296875 0.021875 0.028125
0 0.1703125 0.4953125 0.034375 0.034375
