0 0.153125 0.0296875 0.2375 0.059375
0 0.45 0.121875 0.21875 0.20625
0 0.5796875 0.01640625 0.246875 0.0328125
0 0.4375 0.99609375 0.190625 0.0078125
0 0.3546875 0.603125 0.225 0.25625
0 0.05859375 0.9125 0.1171875 0.175
0 0.225 0.1046875 0.21875 0.20625
0 0.2421875 0.2328125 0.190625 0.190625
0 0.4203125 0.2875 0.203125 0.184375
0 0.1546875 0.5515625 0.128125 0.1625
0 0.1171875 0.8359375 0.19375 0.196875
0 0.5796875 0.6703125 0.121875 0.165625
0 0.921875 0.9234375 0.15625 0.153125
0 0.803125 0.9625 0.184375 0.075
