0 0.546875 0.996875 0.034375 0.00625
0 0.7359375 0.7984375 0.01875 0.01875
0 0.8 0.7671875 0.015625 0.015625
0 0.703125 0.8 0.015625 0.01875
0 0.91875 0.7546875 0.009375 0.009375
0 0.9671875 0.7765625 0.009375 0.009375
0 0.9484375 0.728125 0.009375 0.009375
0 0.4359375 0.73125 0.0125 0.009375
0 0.4953125 0.7078125 0.009375 0.009375
0 0.528125 0.74375 0.009375 0.009375
0 0.5875 0.7578125 0.009375 0.009375
0 0.628125 0.7734375 0.0125 0.009375
0 0.659375 0.76875 0.0125 0.009375
0 0.4046875 0.728125 0.0125 0.00625
0 0.1671875 0.753125 0.0125 0.009375
