0 0.3578125 0.43125 0.059375 0.059375
0 0.421875 0.43125 0.053125 0.0625
0 0.8765625 0.48125 0.0375 0.0375
0 0.98828125 0.496875 0.0234375 0.03125
0 0.1453125 0.075 0.046875 0.040625
0 0.18125 0.01875 0.05 0.0375
0 0.19375 0.6140625 0.053125 0.04375
0 0.7703125 0.521875 0.0375 0.040625
0 0.8640625 0.2078125 0.046875 0.0375
0 0.3625 0.2265625 0.053125 0.059375
0 0.5390625 0.6171875 0.034375 0.0375
0 0.1953125 0.0765625 0.04375 0.0375
0 0.5109375 0.58125 0.040625 0.04375
0 0.575 0.540625 0.040625 0.040625
0 0.296875 0.5640625 0.05 0.028125
0 0.28125 0.5390625 0.03125 0.025
0 0.4359375 0.5078125 0.028125 0.034375
