0 0.66875 0.9890625 0.059375 0.021875
0 0.596875 0.56875 0.05625 0.05
0 0.5046875 0.7890625 0.053125 0.046875
0 0.3875 0.7140625 0.046875 0.04375
0 0.228125 0.5703125 0.046875 0.0375
0 0.7328125 0.98984375 0.040625 0.0203125
0 0.80625 0.8796875 0.034375 0.04375
0 0.9828125 0.934375 0.034375 0.053125
0 0.3171875 0.7640625 0.046875 0.04375
0 0.0796875 0.75 0.04375 0.04375
0 0.9234375 0.9546875 0.046875 0.05
0 0.40625 0.9671875 0.046875 0.05
0 0.2609375 0.7640625 0.0375 0.040625
0 0.8484375 0.9421875 0.046875 0.04375
0 0.3453125 0.9453125 0.0375 0.0375
0 0.2875 0.934375 0.025 0.028125
