0 0.5078125 0.5171875 0.08125 0.084375
0 0.05 0.6859375 0.08125 0.090625
0 0.01328125 0.946875 0.0265625 0.0875
0 0.596875 0.7296875 0.05 0.05
0 0.2078125 0.771875 0.0625 0.065625
0 0.55625 0.5734375 0.05625 0.06875
0 0.2171875 0.8484375 0.05625 0.05625
0 0.6453125 0.7328125 0.046875 0.04375
0 0.765625 0.571875 0.05 0.053125
0 0.10625 0.746875 0.034375 0.059375
0 0.178125 0.6921875 0.05625 0.053125
0 0.725 0.5171875 0.053125 0.053125
0 0.4265625 0.628125 0.046875 0.059375
0 0.01484375 0.6015625 0.0296875 0.0625
0 0.4265625 0.4640625 0.053125 0.0625
0 0.4265625 0.703125 0.040625 0.05
0 0.4515625 0.6796875 0.034375 0.034375
0 0.51875 0.709375 0.046875 0.040625
0 0.5421875 0.30625 0.06875 0.0625
0 0.075 0.6015625 0.059375 0.046875
0 0.00859375 0.5328125 0.0171875 0.065625
