0 0.0953125 0.553125 0.053125 0.059375
0 0.0375 0.4203125 0.05625 0.0625
0 0.6625 0.8703125 0.053125 0.05
0 0.503125 0.7171875 0.053125 0.05625
0 0.5375 0.9625 0.053125 0.05
0 0.7953125 0.7453125 0.0375 0.0375
0 0.153125 0.5671875 0.0625 0.059375
0 0.428125 0.75625 0.040625 0.028125
0 0.6796875 0.965625 0.034375 0.034375
0 0.671875 0.7703125 0.0375 0.0375
0 0.4859375 0.815625 0.05 0.046875
0 0.375 0.99453125 0.05 0.0109375
0 0.7453125 0.7546875 0.04375 0.0375
0 0.475 0.75 0.0375 0.03125
0 0.578125 0.70625 0.03125 0.034375
0 0.4328125 0.98984375 0.04375 0.0203125
0 0.378125 0.4734375 0.03125 0.034375
0 0.5953125 0.5109375 0.034375 0.040625
0 0.7296875 0.884375 0.028125 0.028125
0 0.3734375 0.9078125 0.034375 0.04375
0 0.878125 0.678125 0.009375 0.0125
0 0.8921875 0.6640625 0.0125 0.009375
0 0.8890625 0.621875 0.015625 0.0125
0 0.91875 0.621875 0.009375 0.0125
0 0.828125 0.5890625 0.0125 0.0125
0 0.8671875 0.5875 0.015625 0.009375
0 0.8578125 0.56875 0.0125 0.009375
0 0.896875 0.55625 0.0125 0.0125
0 0.9171875 0.53125 0.0125 0.015625
0 0.9328125 0.5765625 0.0125 0.0125
0 0.7421875 0.640625 0.015625 0.015625
0 0.7875 0.6359375 0.015625 0.015625
0 0.6328125 0.671875 0.046875 0.034375
0 0.53125 0.6125 0.065625 0.0375
0 0.34375 0.6625 0.03125 0.034375
0 0.4015625 0.49375 0.040625 0.028125
0 0.2484375 0.725 0.0375 0.034375
0 0.00859375 0.7953125 0.0171875 0.05
0 0.0671875 0.5875 0.028125 0.025
0 0.1890625 0.915625 0.046875 0.040625
0 0.46875 0.4390625 0.021875 0.028125
0 0.50625 0.4578125 0.015625 0.03125
0 0.68125 0.8546875 0.021875 0.028125
0 0.459375 0.865625 0.034375 0.028125
