0 0.4609375 0.4765625 0.078125 0.084375
0 0.88125 0.5609375 0.071875 0.071875
0 0.6125 0.68125 0.078125 0.06875
0 0.4921875 0.7203125 0.0875 0.071875
0 0.86875 0.1171875 0.078125 0.0875
0 0.9640625 0.2171875 0.071875 0.071875
0 0.74375 0.98046875 0.059375 0.0390625
0 0.378125 0.6734375 0.06875 0.059375
0 0.2515625 0.21875 0.053125 0.053125
0 0.178125 0.2421875 0.053125 0.04375
0 0.759375 0.0140625 0.046875 0.028125
0 0.7890625 0.49375 0.078125 0.065625
0 0.1078125 0.43125 0.046875 0.04375
0 0.3125 0.2125 0.046875 0.04375
0 0.4375 0.7 0.04375 0.046875
0 0.2125 0.0578125 0.04375 0.028125
0 0.9109375 0.7734375 0.059375 0.059375
0 0.3578125 0.2 0.059375 0.065625
0 0.98828125 0.6890625 0.0234375 0.040625
0 0.0578125 0.421875 0.04375 0.034375
0 0.7734375 0.9078125 0.046875 0.053125
0 0.1875 0.290625 0.046875 0.05
0 0.0296875 0.4921875 0.04375 0.028125
0 0.746875 0.040625 0.046875 0.04375
0 0.796875 0.6890625 0.046875 0.046875
0 0.89375 0.7078125 0.034375 0.034375
0 0.0203125 0.3328125 0.040625 0.040625
0 0.61875 0.465625 0.05625 0.04375
