0 0.4515625 0.978125 0.034375 0.034375
0 0.5953125 0.7765625 0.009375 0.009375
0 0.6390625 0.76875 0.01875 0.01875
0 0.6140625 0.7703125 0.021875 0.01875
0 0.9765625 0.9078125 0.015625 0.01875
0 0.81875 0.728125 0.015625 0.009375
0 0.84375 0.7015625 0.015625 0.009375
0 0.8640625 0.7484375 0.009375 0.009375
0 0.6984375 0.740625 0.0125 0.0125
0 0.578125 0.821875 0.021875 0.0125
0 0.528125 0.74375 0.009375 0.009375
0 0.55 0.74375 0.009375 0.009375
0 0.5609375 0.74375 0.009375 0.0125
0 0.4859375 0.7296875 0.0125 0.015625
0 0.4265625 0.715625 0.0125 0.009375
0 0.453125 0.715625 0.009375 0.009375
0 0.3953125 0.68125 0.009375 0.009375
0 0.375 0.75 0.0125 0.009375
0 0.3015625 0.728125 0.009375 0.0125
0 0.3296875 0.7234375 0.0125 0.00625
0 0.0625 0.7265625 0.0125 0.009375
