0 0.709375 0.63125 0.046875 0.040625
0 0.5921875 0.453125 0.040625 0.04375
0 0.8125 0.6515625 0.04375 0.03125
0 0.60625 0.0890625 0.040625 0.04375
0 0.5421875 0.446875 0.04375 0.040625
0 0.5828125 0.60625 0.034375 0.028125
0 0.990625 0.51875 0.01875 0.040625
0 0.665625 0.1640625 0.025 0.0375
0 0.7140625 0.1765625 0.040625 0.040625
0 0.90625 0.3296875 0.034375 0.040625
0 0.6640625 0.4609375 0.034375 0.040625
0 0.3984375 0.4484375 0.03125 0.034375
0 0.8625 0.6265625 0.046875 0.04375
0 0.7671875 0.61875 0.04375 0.0375
0 0.478125 0.4578125 0.04375 0.0375
0 0.6296875 0.49375 0.0375 0.028125
0 0.7984375 0.0859375 0.034375 0.034375
0 0.8796875 0.2421875 0.028125 0.040625
0 0.25625 0.4640625 0.034375 0.028125
0 0.5125 0.5046875 0.03125 0.040625
0 0.6953125 0.09375 0.0375 0.034375
0 0.821875 0.3421875 0.034375 0.034375
0 0.5578125 0.484375 0.040625 0.03125
0 0.7640625 0.61875 0.04375 0.0375
0 0.278125 0.153125 0.0375 0.053125
0 0.7625 0.5265625 0.04375 0.05
0 0.5296875 0.3390625 0.01875 0.034375
0 0.3171875 0.559375 0.028125 0.028125
0 0.0140625 0.3453125 0.028125 0.040625
0 0.553125 0.1625 0.034375 0.0375
0 0.921875 0.59375 0.03125 0.034375
0 0.8359375 0.58125 0.0375 0.028125
0 0.553125 0.5390625 0.0375 0.03125
0 0.0375 0.2015625 0.01875 0.01875
0 0.5078125 0.4515625 0.03125 0.034375
