0 0.65625 0.6328125 0.084375 0.06875
0 0.396875 0.1734375 0.05 0.05
0 0.553125 0.2625 0.046875 0.04375
0 0.1859375 0.578125 0.06875 0.046875
0 0.3234375 0.4546875 0.065625 0.053125
0 0.8671875 0.2515625 0.046875 0.05
0 0.740625 0.1796875 0.028125 0.03125
0 0.8109375 0.1390625 0.040625 0.05
0 0.2828125 0.0328125 0.05625 0.0625
0 0.3578125 0.640625 0.05 0.04375
0 0.484375 0.44375 0.025 0.015625
0 0.51875 0.425 0.05 0.04375
0 0.9078125 0.725 0.03125 0.028125
0 0.9140625 0.2546875 0.040625 0.040625
0 0.1453125 0.6734375 0.034375 0.03125
0 0.184375 0.3859375 0.034375 0.0375
0 0.1296875 0.3671875 0.04375 0.040625
0 0.0890625 0.3734375 0.040625 0.0375
0 0.146875 0.6328125 0.03125 0.028125
0 0.70625 0.3703125 0.015625 0.034375
0 0.8359375 0.525 0.03125 0.03125
0 0.80625 0.4296875 0.028125 0.021875
0 0.75 0.4015625 0.021875 0.034375
0 0.840625 0.396875 0.01875 0.0375
0 0.7015625 0.1296875 0.046875 0.04375
0 0.1484375 0.353125 0.034375 0.025
0 0.4359375 0.6109375 0.03125 0.025
0 0.9734375 0.6890625 0.03125 0.028125
0 0.9921875 0.6671875 0.015625 0.03125
0 0.75625 0.5203125 0.0125 0.009375
