0 0.3421875 0.33125 0.05625 0.075
0 0.5953125 0.5921875 0.046875 0.04375
0 0.34375 0.55 0.046875 0.05
0 0.1765625 0.5015625 0.040625 0.040625
0 0.9375 0.3328125 0.028125 0.0375
0 0.9890625 0.3078125 0.01875 0.0375
0 0.9171875 0.1125 0.03125 0.03125
0 0.278125 0.00703125 0.028125 0.0140625
0 0.0234375 0.3671875 0.015625 0.0375
0 0.075 0.34375 0.034375 0.046875
0 0.0984375 0.3203125 0.0375 0.04375
0 0.178125 0.340625 0.0375 0.046875
0 0.215625 0.359375 0.0375 0.04375
0 0.21875 0.503125 0.046875 0.046875
0 0.246875 0.44375 0.034375 0.040625
0 0.3875 0.4671875 0.05625 0.0625
0 0.321875 0.4234375 0.046875 0.05
0 0.4125 0.20625 0.059375 0.05
0 0.1953125 0.2 0.05625 0.0625
0 0.0625 0.1078125 0.028125 0.01875
0 0.353125 0.296875 0.025 0.025
0 0.35 0.4046875 0.028125 0.04375
0 0.384375 0.415625 0.046875 0.05
