0 0.34375 0.4796875 0.053125 0.065625
0 0.4515625 0.334375 0.05 0.06875
0 0.5015625 0.340625 0.0625 0.05625
0 0.284375 0.0625 0.0375 0.04375
0 0.11875 0.2140625 0.053125 0.05
0 0.4484375 0.390625 0.04375 0.040625
0 0.4390625 0.2109375 0.040625 0.040625
0 0.0703125 0.29375 0.0375 0.03125
0 0.01640625 0.3171875 0.0328125 0.04375
0 0.0109375 0.3609375 0.021875 0.040625
0 0.028125 0.496875 0.040625 0.0375
0 0.06875 0.4328125 0.046875 0.04375
0 0.371875 0.4765625 0.03125 0.053125
0 0.165625 0.45625 0.04375 0.046875
0 0.0796875 0.4078125 0.04375 0.034375
0 0.1078125 0.4640625 0.034375 0.05625
0 0.1390625 0.5234375 0.040625 0.03125
0 0.01015625 0.625 0.0203125 0.034375
0 0.259375 0.5984375 0.04375 0.04375
0 0.3484375 0.634375 0.021875 0.025
0 0.4375 0.5046875 0.04375 0.046875
0 0.45625 0.4640625 0.034375 0.034375
0 0.434375 0.5921875 0.03125 0.034375
0 0.9171875 0.403125 0.03125 0.03125
0 0.9921875 0.409375 0.0125 0.03125
0 0.9234375 0.4390625 0.021875 0.025
0 0.9359375 0.5125 0.021875 0.021875
0 0.9171875 0.8625 0.03125 0.03125
0 0.278125 0.7390625 0.028125 0.05
0 0.4125 0.95625 0.059375 0.05
0 0.1953125 0.95 0.05625 0.0625
0 0.0625 0.8578125 0.028125 0.01875
