0 0.7921875 0.609375 0.04375 0.046875
0 0.98359375 0.2140625 0.0328125 0.05
0 0.9453125 0.29375 0.0375 0.03125
0 0.884375 0.3171875 0.046875 0.04375
0 0.8765625 0.3609375 0.040625 0.040625
0 0.128125 0.8953125 0.065625 0.059375
0 0.53125 0.921875 0.046875 0.034375
0 0.653125 0.4390625 0.05 0.04375
0 0.428125 0.5171875 0.028125 0.028125
0 0.903125 0.496875 0.040625 0.0375
0 0.94375 0.4328125 0.046875 0.04375
0 0.6625 0.403125 0.04375 0.0375
0 0.9546875 0.4078125 0.04375 0.034375
0 0.9828125 0.4640625 0.034375 0.05625
0 0.996875 0.5234375 0.00625 0.03125
0 0.884375 0.625 0.021875 0.034375
0 0.859375 0.5390625 0.025 0.021875
0 0.85625 0.578125 0.034375 0.03125
0 0.415625 0.946875 0.028125 0.0375
0 0.9375 0.8578125 0.028125 0.01875
