0 0.7234375 0.3 0.078125 0.075
0 0.48125 0.175 0.078125 0.075
0 0.275 0.175 0.053125 0.05625
0 0.4015625 0.3 0.06875 0.065625
0 0.490625 0.534375 0.05 0.071875
0 0.16875 0.1578125 0.05 0.05625
0 0.3875 0.3859375 0.06875 0.0625
0 0.321875 0.51875 0.034375 0.03125
0 0.2375 0.3109375 0.046875 0.053125
0 0.0296875 0.6109375 0.028125 0.025
0 0.496875 0.2140625 0.071875 0.059375
0 0.3375 0.375 0.05625 0.0625
0 0.8484375 0.2796875 0.078125 0.071875
0 0.746875 0.3609375 0.06875 0.06875
0 0.5453125 0.5046875 0.0625 0.06875
0 0.3765625 0.64375 0.03125 0.025
0 0.3859375 0.6171875 0.03125 0.03125
0 0.203125 0.6 0.034375 0.0375
0 0.3046875 0.571875 0.0375 0.034375
0 0.2765625 0.578125 0.028125 0.028125
0 0.0234375 0.6 0.025 0.025
0 0.10625 0.515625 0.03125 0.03125
0 0.1578125 0.4859375 0.034375 0.03125
0 0.340625 0.0703125 0.053125 0.059375
0 0.146875 0.31875 0.01875 0.01875
