0 0.4703125 0.4828125 0.071875 0.071875
0 0.2265625 0.715625 0.06875 0.075
0 0.021875 0.325 0.04375 0.0625
0 0.1234375 0.5609375 0.075 0.06875
0 0.1421875 0.4625 0.08125 0.059375
0 0.24375 0.3875 0.075 0.059375
0 0.225 0.3453125 0.08125 0.071875
0 0.815625 0.621875 0.04375 0.03125
0 0.75 0.74375 0.05 0.059375
0 0.98984375 0.8375 0.0203125 0.03125
0 0.78125 0.7875 0.053125 0.05625
0 0.8015625 0.8109375 0.0375 0.03125
0 0.58125 0.4671875 0.06875 0.05625
0 0.490625 0.5421875 0.05625 0.075
0 0.2890625 0.6859375 0.071875 0.071875
0 0.065625 0.5546875 0.065625 0.084375
