0 0.0203125 0.4046875 0.021875 0.03125
0 0.0609375 0.1453125 0.028125 0.0125
0 0.0375 0.20625 0.01875 0.034375
0 0.1921875 0.240625 0.05 0.059375
0 0.0953125 0.3625 0.034375 0.04375
0 0.05625 0.3890625 0.021875 0.0375
0 0.0734375 0.3828125 0.034375 0.04375
0 0.175 0.3796875 0.04375 0.046875
0 0.20625 0.4 0.040625 0.040625
0 0.4 0.246875 0.05625 0.05
0 0.328125 0.3703125 0.05625 0.065625
0 0.24375 0.484375 0.034375 0.0375
0 0.1703125 0.540625 0.040625 0.040625
0 0.2125 0.54375 0.04375 0.05
0 0.34375 0.5984375 0.046875 0.046875
0 0.3703125 0.5109375 0.053125 0.059375
0 0.315625 0.4703125 0.040625 0.05
0 0.6046875 0.640625 0.04375 0.040625
0 0.340625 0.4578125 0.040625 0.04375
0 0.271875 0.03125 0.03125 0.040625
0 0.9078125 0.371875 0.03125 0.034375
0 0.978125 0.3546875 0.03125 0.03125
0 0.9890625 0.3796875 0.01875 0.028125
0 0.928125 0.3 0.028125 0.03125
0 0.909375 0.15 0.025 0.028125
0 0.8359375 0.13125 0.015625 0.021875
0 0.778125 0.0125 0.034375 0.025
0 0.0359375 0.3671875 0.028125 0.021875
0 0.3765625 0.45 0.05625 0.0625
