0 0.3421875 0.5265625 0.053125 0.0625
0 0.4578125 0.378125 0.04375 0.053125
0 0.515625 0.3734375 0.065625 0.071875
0 0.91875 0.45625 0.04375 0.0375
0 0.1265625 0.2515625 0.046875 0.05
0 0.075 0.340625 0.034375 0.040625
0 0.01796875 0.3546875 0.0359375 0.040625
0 0.01171875 0.3953125 0.0234375 0.046875
0 0.0734375 0.4734375 0.0375 0.04375
0 0.0828125 0.45 0.040625 0.0375
0 0.034375 0.5328125 0.0375 0.03125
0 0.046875 0.559375 0.028125 0.025
0 0.0609375 0.8953125 0.028125 0.0125
0 0.0375 0.95625 0.01875 0.034375
0 0.1921875 0.98046875 0.05 0.0390625
0 0.4 0.9859375 0.05625 0.028125
0 0.259375 0.6421875 0.04375 0.04375
0 0.434375 0.6328125 0.0375 0.034375
0 0.3703125 0.51875 0.034375 0.05
0 0.4421875 0.2578125 0.040625 0.04375
0 0.11875 0.290625 0.021875 0.01875
0 0.165625 0.496875 0.034375 0.04375
0 0.1421875 0.5640625 0.040625 0.03125
0 0.109375 0.5203125 0.01875 0.025
0 0.01015625 0.659375 0.0203125 0.028125
0 0.34375 0.675 0.03125 0.028125
0 0.271875 0.78125 0.03125 0.040625
0 0.909375 0.9 0.025 0.028125
0 0.8359375 0.88125 0.015625 0.021875
0 0.778125 0.7578125 0.034375 0.034375
0 0.990625 0.4609375 0.015625 0.03125
0 0.45 0.428125 0.04375 0.0375
0 0.459375 0.50625 0.04375 0.03125
0 0.4375 0.5484375 0.046875 0.04375
