0 0.125 0.1734375 0.06875 0.0625
0 0.5046875 0.3640625 0.065625 0.0625
0 0.303125 0.4390625 0.053125 0.071875
0 0.39375 0.453125 0.05625 0.040625
0 0.3078125 0.378125 0.040625 0.028125
0 0.4046875 0.215625 0.065625 0.053125
0 0.7484375 0.365625 0.028125 0.03125
0 0.8953125 0.4046875 0.021875 0.03125
0 0.65 0.171875 0.03125 0.04375
0 0.715625 0.2375 0.03125 0.025
0 0.85625 0.0765625 0.028125 0.0375
0 0.9359375 0.1453125 0.028125 0.0125
0 0.9125 0.20625 0.01875 0.034375
0 0.9703125 0.3625 0.034375 0.04375
0 0.93125 0.3890625 0.021875 0.0375
0 0.9484375 0.3828125 0.034375 0.04375
0 0.203125 0.340625 0.04375 0.028125
0 0.05625 0.55625 0.025 0.03125
0 0.9109375 0.3671875 0.028125 0.021875
