0 0.9890625 0.2515625 0.021875 0.05
0 0.95 0.340625 0.034375 0.040625
0 0.8875 0.3546875 0.046875 0.040625
0 0.8796875 0.3953125 0.0375 0.046875
0 0.9484375 0.4734375 0.0375 0.04375
0 0.9578125 0.45 0.040625 0.0375
0 0.6578125 0.475 0.04375 0.0375
0 0.6671875 0.4390625 0.040625 0.0375
0 0.125 0.9234375 0.06875 0.0625
0 0.4046875 0.965625 0.065625 0.053125
0 0.6421875 0.3828125 0.040625 0.028125
0 0.909375 0.5328125 0.0375 0.03125
0 0.921875 0.559375 0.028125 0.025
0 0.8 0.640625 0.053125 0.040625
0 0.65 0.921875 0.03125 0.04375
0 0.715625 0.9875 0.03125 0.025
0 0.85625 0.8265625 0.028125 0.0375
0 0.9359375 0.8953125 0.028125 0.0125
0 0.9125 0.95625 0.01875 0.034375
0 0.99140625 0.290625 0.0171875 0.01875
0 0.9984375 0.5640625 0.003125 0.03125
0 0.984375 0.5203125 0.01875 0.025
0 0.8828125 0.659375 0.025 0.028125
