0 0.6921875 0.3453125 0.346875 0.33125
0 0.696875 0.6953125 0.440625 0.353125
0 0.296875 0.95390625 0.284375 0.0921875
0 0.0265625 0.7578125 0.053125 0.290625
0 0.4265625 0.2296875 0.284375 0.278125
0 0.9359375 0.271875 0.128125 0.3625
0 0.95625 0.8015625 0.0875 0.328125
0 0.3265625 0.8875 0.2125 0.103125
0 0.309375 0.7921875 0.165625 0.115625
0 0.0421875 0.93828125 0.084375 0.1234375
0 0.1015625 0.4109375 0.203125 0.228125
0 0.034375 0.4890625 0.06875 0.203125
0 0.33125 0.3890625 0.19375 0.196875
0 0.4125 0.5125 0.1875 0.140625
