0 0.8625 0.1453125 0.0875 0.08125
0 0.628125 0.2046875 0.071875 0.065625
0 0.46875 0.10625 0.05625 0.053125
0 0.6875 0.784375 0.05625 0.0625
0 0.5046875 0.296875 0.071875 0.06875
0 0.875 0.0359375 0.05625 0.053125
0 0.5234375 0.7125 0.01875 0.0375
0 0.540625 0.675 0.05625 0.05
0 0.553125 0.5875 0.065625 0.071875
0 0.4796875 0.3890625 0.06875 0.0625
0 0.371875 0.0703125 0.059375 0.05625
0 0.590625 0.7796875 0.046875 0.04375
0 0.603125 0.7421875 0.046875 0.046875
0 0.6390625 0.803125 0.059375 0.05
0 0.4546875 0.33125 0.040625 0.04375
0 0.9734375 0.06875 0.040625 0.046875
0 0.5265625 0.1515625 0.04375 0.05
0 0.4359375 0.3921875 0.05 0.059375
0 0.5921875 0.678125 0.05 0.046875
0 0.5515625 0.7125 0.046875 0.0375
0 0.3984375 0.8703125 0.04375 0.04375
0 0.7203125 0.9125 0.053125 0.05625
