0 0.8984375 0.0765625 0.05625 0.05
0 0.7828125 0.2515625 0.059375 0.05625
0 0.678125 0.4421875 0.05625 0.053125
0 0.40625 0.065625 0.046875 0.04375
0 0.475 0.003125 0.059375 0.00625
0 0.971875 0.1734375 0.053125 0.059375
0 0.1359375 0.3046875 0.040625 0.05
0 0.596875 0.2625 0.05625 0.059375
0 0.8765625 0.146875 0.04375 0.046875
0 0.721875 0.4046875 0.059375 0.05
0 0.753125 0.2875 0.053125 0.04375
0 0.853125 0.090625 0.0375 0.01875
0 0.93125 0.134375 0.04375 0.028125
0 0.496875 0.0796875 0.053125 0.046875
0 0.725 0.01171875 0.05625 0.0234375
0 0.4421875 0.0546875 0.05 0.0375
0 0.3234375 0.071875 0.05 0.025
0 0.7640625 0.3359375 0.0125 0.025
0 0.3671875 0.3046875 0.046875 0.06875
0 0.5359375 0.14375 0.028125 0.028125
0 0.490625 0.2171875 0.046875 0.04375
0 0.321875 0.203125 0.05 0.046875
0 0.290625 0.3125 0.034375 0.01875
0 0.084375 0.221875 0.0375 0.03125
