0 0.725 0.6046875 0.053125 0.06875
0 0.7609375 0.70625 0.04375 0.05625
0 0.475 0.271875 0.04375 0.053125
0 0.875 0.303125 0.0375 0.04375
0 0.9609375 0.3078125 0.05 0.053125
0 0.1578125 0.97734375 0.053125 0.0453125
0 0.034375 0.9375 0.04375 0.05
0 0.0375 0.653125 0.040625 0.028125
0 0.0921875 0.6078125 0.03125 0.0375
0 0.8171875 0.8390625 0.05625 0.040625
0 0.83125 0.79375 0.053125 0.0375
0 0.8796875 0.715625 0.059375 0.0375
0 0.278125 0.2796875 0.03125 0.021875
0 0.1203125 0.471875 0.0375 0.034375
0 0.2125 0.51875 0.025 0.015625
0 0.115625 0.8328125 0.04375 0.0375
0 0.171875 0.1671875 0.046875 0.025
0 0.815625 0.246875 0.028125 0.04375
0 0.6328125 0.2375 0.046875 0.040625
0 0.3390625 0.7671875 0.0375 0.0375
0 0.790625 0.2125 0.0375 0.025
0 0.7765625 0.253125 0.04375 0.0375
0 0.7328125 0.225 0.040625 0.0375
0 0.909375 0.325 0.0375 0.0375
0 0.2234375 0.996875 0.028125 0.00625
0 0.0328125 0.253125 0.028125 0.028125
0 0.0734375 0.453125 0.028125 0.01875
0 0.04375 0.4109375 0.021875 0.015625
0 0.0171875 0.521875 0.025 0.025
0 0.04375 0.5359375 0.021875 0.025
0 0.15 0.56875 0.01875 0.025
0 0.3015625 0.4296875 0.040625 0.028125
0 0.240625 0.6984375 0.034375 0.01875
0 0.184375 0.6109375 0.03125 0.028125
0 0.1921875 0.65 0.03125 0.01875
0 0.009375 0.2421875 0.01875 0.025
0 0.5609375 0.01484375 0.075 0.0296875
0 0.8703125 0.4953125 0.040625 0.025
0 0.3515625 0.9625 0.034375 0.028125
0 0.7421875 0.98359375 0.04375 0.0328125
0 0.7703125 0.959375 0.021875 0.025
0 0.959375 0.971875 0.0375 0.03125
0 0.8390625 0.75625 0.059375 0.040625
