0 0.625 0.8359375 0.05625 0.053125
0 0.9421875 0.7625 0.0625 0.065625
0 0.484375 0.60625 0.05 0.059375
0 0.9484375 0.3765625 0.071875 0.071875
0 0.96875 0.26875 0.059375 0.075
0 0.678125 0.6234375 0.05625 0.034375
0 0.78125 0.765625 0.0625 0.05625
0 0.98125 0.740625 0.034375 0.05625
0 0.05 0.8796875 0.034375 0.034375
0 0.00625 0.88125 0.0125 0.021875
0 0.15 0.90625 0.01875 0.021875
0 0.9765625 0.346875 0.04375 0.065625
0 0.6203125 0.41875 0.05625 0.053125
0 0.765625 0.45625 0.05 0.046875
0 0.896875 0.51875 0.059375 0.05
0 0.81875 0.2390625 0.0625 0.0375
0 0.4828125 0.8359375 0.021875 0.021875
0 0.6140625 0.790625 0.04375 0.04375
