0 0.0953125 0.484375 0.05625 0.078125
0 0.209375 0.3703125 0.053125 0.075
0 0.1578125 0.2375 0.075 0.071875
0 0.0109375 0.1140625 0.021875 0.071875
0 0.075 0.3515625 0.053125 0.065625
0 0.40625 0.46875 0.04375 0.040625
0 0.246875 0.1 0.071875 0.046875
0 0.1390625 0.20625 0.040625 0.03125
0 0.65 0.184375 0.028125 0.034375
0 0.684375 0.1859375 0.028125 0.025
0 0.70625 0.159375 0.028125 0.034375
0 0.8453125 0.1671875 0.028125 0.025
0 0.925 0.1296875 0.034375 0.034375
0 0.875 0.13125 0.025 0.021875
