0 0.7484375 0.55 0.034375 0.03125
0 0.196875 0.340625 0.06875 0.06875
0 0.1578125 0.97578125 0.075 0.0484375
0 0.3046875 0.2484375 0.04375 0.046875
0 0.3421875 0.1921875 0.05625 0.065625
0 0.41875 0.2 0.0625 0.06875
0 0.6734375 0.3171875 0.03125 0.028125
0 0.74375 0.334375 0.034375 0.028125
0 0.2921875 0.3734375 0.05625 0.053125
0 0.178125 0.50625 0.05 0.03125
0 0.21875 0.33125 0.0375 0.05
0 0.0109375 0.8640625 0.021875 0.071875
0 0.246875 0.85 0.071875 0.046875
0 0.1390625 0.95625 0.040625 0.03125
0 0.8640625 0.4109375 0.025 0.021875
0 0.65 0.934375 0.028125 0.034375
0 0.684375 0.9359375 0.028125 0.025
0 0.70625 0.909375 0.028125 0.034375
0 0.8453125 0.9171875 0.028125 0.025
0 0.925 0.8796875 0.034375 0.034375
0 0.78125 0.7140625 0.03125 0.03125
0 0.825 0.7375 0.025 0.028125
0 0.7546875 0.634375 0.028125 0.015625
0 0.875 0.88125 0.025 0.021875
