0 0.7109375 0.4359375 0.03125 0.06875
0 0.7578125 0.4328125 0.053125 0.053125
0 0.1203125 0.3078125 0.034375 0.028125
0 0.1578125 0.2296875 0.053125 0.05
0 0.09375 0.4109375 0.028125 0.0375
0 0.1921875 0.4046875 0.040625 0.028125
0 0.034375 0.1875 0.04375 0.05
0 0.8171875 0.0890625 0.05625 0.040625
0 0.83125 0.04375 0.053125 0.0375
0 0.9953125 0.3046875 0.009375 0.05
0 0.375 0.303125 0.0375 0.065625
0 0.115625 0.0828125 0.04375 0.0375
0 0.3390625 0.01796875 0.0375 0.0359375
0 0.4359375 0.31875 0.053125 0.059375
0 0.596875 0.5625 0.05 0.053125
0 0.5328125 0.6296875 0.04375 0.040625
0 0.2421875 0.35625 0.028125 0.03125
0 0.2234375 0.259375 0.028125 0.03125
0 0.3515625 0.2125 0.034375 0.028125
0 0.753125 0.2921875 0.0375 0.040625
0 0.7421875 0.234375 0.04375 0.034375
0 0.7703125 0.209375 0.021875 0.025
0 0.959375 0.221875 0.0375 0.03125
0 0.8390625 0.01328125 0.059375 0.0265625
